# time Tc_folded Tref_folded model 
2449300.559923 -5.767794 0.389593     1.225300
2449313.101259 6.773542 0.267560    -0.389865
2449325.642595 5.030358 0.145527    -1.784899
2449338.183931 3.287174 0.023494    -2.224549
2449350.725267 1.543990 0.901461    -1.426245
2449363.266603 -0.199194 0.779428     0.215257
2449375.807939 -1.942378 0.657395     1.746035
2449388.349275 -3.685562 0.535362     2.254293
2449400.890611 -5.428746 0.413329     1.489888
2449413.431947 7.112590 0.291296    -0.065663
2449425.973283 5.369406 0.169263    -1.569974
2449438.514619 3.626222 0.047229    -2.235886
2449451.055955 1.883038 0.925196    -1.669998
2449463.597291 0.139854 0.803163    -0.129288
2449476.138627 -1.603330 0.681130     1.506626
2449488.679963 -3.346514 0.559097     2.259061
2449501.221299 -5.089698 0.437064     1.723463
2449513.762635 -6.832882 0.315031     0.260685
2449526.303971 5.708454 0.192998    -1.322124
2449538.845307 3.965270 0.070965    -2.198547
2449551.386643 2.222086 0.948932    -1.874736
2449563.927979 0.478902 0.826899    -0.469838
2449576.469315 -1.264282 0.704866     1.231799
2449589.010651 -3.007466 0.582832     2.212544
2449601.551987 -4.750650 0.460799     1.920594
2449614.093323 -6.493834 0.338766     0.582478
2449626.634659 6.047502 0.216733    -1.046530
2449639.175995 4.304318 0.094700    -2.113869
2449651.717331 2.561134 0.972667    -2.036327
2449664.258667 0.817950 0.850634    -0.798299
2449676.800003 -0.925234 0.728601     0.928084
2449689.341339 -2.668418 0.606568     2.115247
2449701.882675 -4.411602 0.484535     2.076493
2449714.424011 -6.154786 0.362502     0.893020
2449726.965347 6.386550 0.240469    -0.748854
2449739.506684 4.643366 0.118436    -1.984108
2449752.048020 2.900182 0.996402    -2.151724
2449764.589356 1.156998 0.874369    -1.107004
2449777.130692 -0.586186 0.752336     0.602796
2449789.672028 -2.329370 0.630303     1.968948
2449802.213364 -4.072554 0.508270     2.187159
2449814.754700 -5.815738 0.386237     1.185721
2449827.296036 6.725598 0.264204    -0.435154
2449839.837372 4.982414 0.142171    -1.812360
2449852.378708 3.239230 0.020138    -2.218985
2449864.920044 1.496046 0.898105    -1.388915
2449877.461380 -0.247138 0.776072     0.263823
2449890.002716 -1.990322 0.654039     1.776697
2449902.544052 -3.733505 0.532005     2.249507
2449915.085388 -5.476689 0.409972     1.454224
2449927.626724 7.064647 0.287939    -0.111791
2449940.168060 5.321463 0.165906    -1.602477
2449952.709396 3.578279 0.043873    -2.237257
2449965.250732 1.835095 0.921840    -1.637790
2449977.792068 0.091911 0.799807    -0.080620
2449990.333404 -1.651273 0.677774     1.542770
2450002.874740 -3.394457 0.555741     2.261496
2450015.416076 -5.137641 0.433708     1.692528
2450027.957412 -6.880825 0.311675     0.214659
2450040.498748 5.660511 0.189642    -1.358981
2450053.040084 3.917327 0.067609    -2.206742
2450065.581420 2.174143 0.945575    -1.848320
2450078.122756 0.430959 0.823542    -0.422233
2450090.664092 -1.312225 0.701509     1.272575
2450103.205428 -3.055409 0.579476     2.222230
2450115.746764 -4.798593 0.457443     1.895119
2450128.288100 -6.541777 0.335410     0.537504
2450140.829436 5.999559 0.213377    -1.086976
2450153.370772 4.256375 0.091344    -2.128642
2450165.912109 2.513191 0.969311    -2.016223
2450178.453445 0.770007 0.847278    -0.752881
2450190.994781 -0.973177 0.725245     0.972516
2450203.536117 -2.716361 0.603212     2.132035
2450216.077453 -4.459545 0.481178     2.057111
2450228.618789 -6.202729 0.359145     0.850040
2450241.160125 6.338607 0.237112    -0.792063
2450253.701461 4.595423 0.115079    -2.005086
2450266.242797 2.852239 0.993046    -2.138296
2450278.784133 1.109055 0.871013    -1.064824
2450291.325469 -0.634129 0.748980     0.649811
2450303.866805 -2.377313 0.626947     1.992509
2450316.408141 -4.120497 0.504914     2.174383
2450328.949477 -5.863681 0.382881     1.145657
2450341.490813 6.677655 0.260848    -0.480249
2450354.032149 4.934471 0.138815    -1.839058
2450366.573485 3.191287 0.016781    -2.212440
2450379.114821 1.448103 0.894748    -1.350922
2450391.656157 -0.295081 0.772715     0.312279
2450404.197493 -2.038265 0.650682     1.806523
2450416.738829 -3.781449 0.528649     2.243713
2450429.280165 -5.524633 0.406616     1.417956
2450441.821501 7.016703 0.284583    -0.157857
2450454.362837 5.273519 0.162550    -1.634307
2450466.904173 3.530335 0.040517    -2.237650
2450479.445509 1.787151 0.918484    -1.604813
2450491.986845 0.043967 0.796451    -0.031894
2450504.528181 -1.699216 0.674418     1.578186
2450517.069517 -3.442400 0.552385     2.262905
2450529.610853 -5.185584 0.430351     1.660877
2450542.152189 -6.928768 0.308318     0.168561
2450554.693525 5.612568 0.186285    -1.395267
2450567.234861 3.869384 0.064252    -2.213984
2450579.776197 2.126200 0.942219    -1.821050
2450592.317534 0.383016 0.820186    -0.374408
2450604.858870 -1.360168 0.698153     1.312752
2450617.400206 -3.103352 0.576120     2.230895
2450629.941542 -4.846536 0.454087     1.868831
2450642.482878 -6.589720 0.332054     0.492324
2450655.024214 5.951616 0.210021    -1.126964
2450667.565550 4.208432 0.087988    -2.142503
2450680.106886 2.465248 0.965954    -1.995201
2450692.648222 0.722064 0.843921    -0.707088
2450705.189558 -1.021120 0.721888     1.016495
2450717.730894 -2.764304 0.599855     2.147834
2450730.272230 -4.507488 0.477822     2.036833
2450742.813566 -6.250672 0.355789     0.806722
2450755.354902 6.290664 0.233756    -0.834934
2450767.896238 4.547480 0.111723    -2.025213
2450780.437574 2.804296 0.989690    -2.123907
2450792.978910 1.061112 0.867657    -1.022125
2450805.520246 -0.682072 0.745624     0.696529
2450818.061582 -2.425256 0.623591     2.015138
2450830.602918 -4.168440 0.501558     2.160646
2450843.144254 -5.911624 0.379524     1.105126
2450855.685590 6.629712 0.257491    -0.525132
2450868.226926 4.886528 0.135458    -1.864980
2450880.768262 3.143344 0.013425    -2.204914
2450893.309598 1.400160 0.891392    -1.312283
2450905.850934 -0.343024 0.769359     0.360603
2450918.392270 -2.086208 0.647326     1.835501
2450930.933606 -3.829392 0.525293     2.236914
2450943.474942 -5.572576 0.403260     1.381099
2450956.016278 6.968760 0.281227    -0.203843
2450968.557614 5.225576 0.159194    -1.665451
2450981.098950 3.482392 0.037161    -2.237065
2450993.640286 1.739208 0.915127    -1.571082
2451006.181622 -0.003976 0.793094     0.016864
2451018.722959 -1.747160 0.671061     1.612859
2451031.264295 -3.490344 0.549028     2.263287
2451043.805631 -5.233528 0.426995     1.628526
2451056.346967 -6.976712 0.304962     0.122409
2451068.888303 5.564624 0.182929    -1.430966
2451081.429639 3.821440 0.060896    -2.220268
2451093.970975 2.078256 0.938863    -1.792937
2451106.512311 0.335072 0.816830    -0.326386
2451119.053647 -1.408111 0.694797     1.352312
2451131.594983 -3.151295 0.572764     2.238537
2451144.136319 -4.894479 0.450731     1.841743
2451156.677655 -6.637663 0.328697     0.446956
2451169.218991 5.903673 0.206664    -1.166476
2451181.760327 4.160489 0.084631    -2.155448
2451194.301663 2.417305 0.962598    -1.973268
2451206.842999 0.674121 0.840565    -0.660941
2451219.384335 -1.069063 0.718532     1.059999
2451231.925671 -2.812247 0.596499     2.162639
2451244.467007 -4.555431 0.474466     2.015670
2451257.008343 -6.298615 0.352433     0.763084
2451269.549679 6.242721 0.230400    -0.877449
2451282.091015 4.499537 0.108367    -2.044481
2451294.632351 2.756353 0.986334    -2.108562
2451307.173687 1.013169 0.864300    -0.978928
2451319.715023 -0.730015 0.742267     0.742927
2451332.256359 -2.473199 0.620234     2.036828
2451344.797695 -4.216383 0.498201     2.145957
2451357.339031 -5.959567 0.376168     1.064146
2451369.880367 6.581769 0.254135    -0.569785
2451382.421703 4.838585 0.132102    -1.890115
2451394.963039 3.095401 0.010069    -2.196410
2451407.504375 1.352217 0.888036    -1.273017
2451420.045711 -0.390967 0.766003     0.408770
2451432.587047 -2.134151 0.643970     1.863617
2451445.128384 -3.877335 0.521937     2.229115
2451457.669720 -5.620519 0.399903     1.343671
2451470.211056 6.920817 0.277870    -0.249729
2451482.752392 5.177633 0.155837    -1.695894
2451495.293728 3.434449 0.033804    -2.235499
2451507.835064 1.691265 0.911771    -1.536611
2451520.376400 -0.051919 0.789738     0.065633
2451532.917736 -1.795103 0.667705     1.646772
2451545.459072 -3.538287 0.545672     2.262645
2451558.000408 -5.281471 0.423639     1.595490
2451570.541744 -7.024655 0.301606     0.076224
2451583.083080 5.516681 0.179573    -1.466066
2451595.624416 3.773497 0.057540    -2.225590
2451608.165752 2.030313 0.935507    -1.763992
2451620.707088 0.287129 0.813473    -0.278189
2451633.248424 -1.456055 0.691440     1.391235
2451645.789760 -3.199239 0.569407     2.245155
2451658.331096 -4.942423 0.447374     1.813868
2451670.872432 -6.685607 0.325341     0.401419
2451683.413768 5.855729 0.203308    -1.205498
2451695.955104 4.112545 0.081275    -2.167468
2451708.496440 2.369361 0.959242    -1.950433
2451721.037776 0.626177 0.837209    -0.614462
2451733.579112 -1.117006 0.715176     1.103006
2451746.120448 -2.860190 0.593143     2.176443
2451758.661784 -4.603374 0.471110     1.993633
2451771.203120 -6.346558 0.349076     0.719144
2451783.744456 6.194778 0.227043    -0.919591
2451796.285792 4.451594 0.105010    -2.062879
2451808.827128 2.708410 0.982977    -2.092267
2451821.368464 0.965226 0.860944    -0.935251
2451833.909800 -0.777958 0.738911     0.788983
2451846.451136 -2.521142 0.616878     2.057567
2451858.992472 -4.264326 0.494845     2.130324
2451871.533809 -6.007510 0.372812     1.022735
2451884.075145 6.533826 0.250779    -0.614190
2451896.616481 4.790642 0.128746    -1.914453
2451909.157817 3.047458 0.006713    -2.186929
2451921.699153 1.304274 0.884680    -1.233139
2451934.240489 -0.438910 0.762646     0.456757
2451946.781825 -2.182094 0.640613     1.890859
2451959.323161 -3.925278 0.518580     2.220322
2451971.864497 -5.668462 0.396547     1.305688
2451984.405833 6.872874 0.274514    -0.295496
2451996.947169 5.129690 0.152481    -1.725625
2452009.488505 3.386506 0.030448    -2.232952
2452022.029841 1.643322 0.908415    -1.501414
2452034.571177 -0.099862 0.786382     0.114388
2452047.112513 -1.843046 0.664349     1.679910
2452059.653849 -3.586230 0.542316     2.260982
2452072.195185 -5.329414 0.420283     1.561785
2452084.736521 -7.072598 0.298249     0.030024
2452097.277857 5.468738 0.176216    -1.500549
2452109.819193 3.725554 0.054183    -2.229947
2452122.360529 1.982370 0.932150    -1.734226
2452134.901865 0.239186 0.810117    -0.229841
2452147.443201 -1.503998 0.688084     1.429503
2452159.984537 -3.247182 0.566051     2.250746
2452172.525873 -4.990366 0.444018     1.785219
2452185.067209 -6.733550 0.321985     0.355734
2452197.608545 5.807786 0.199952    -1.244011
2452210.149881 4.064602 0.077919    -2.178558
2452222.691217 2.321418 0.955886    -1.926704
2452235.232553 0.578234 0.833852    -0.567673
2452247.773889 -1.164950 0.711819     1.145497
2452260.315225 -2.908134 0.589786     2.189243
2452272.856561 -4.651318 0.467753     1.970734
2452285.397897 -6.394502 0.345720     0.674922
2452297.939234 6.146834 0.223687    -0.961342
2452310.480570 4.403650 0.101654    -2.080399
2452323.021906 2.660466 0.979621    -2.075027
2452335.563242 0.917283 0.857588    -0.891116
2452348.104578 -0.825901 0.735555     0.834674
2452360.645914 -2.569085 0.613522     2.077348
2452373.187250 -4.312269 0.491489     2.113756
2452385.728586 -6.055453 0.369456     0.980910
2452398.269922 6.485883 0.247422    -0.658329
2452410.811258 4.742699 0.125389    -1.937981
2452423.352594 2.999515 0.003356    -2.176474
2452435.893930 1.256331 0.881323    -1.192667
2452448.435266 -0.486853 0.759290     0.504541
2452460.976602 -2.230037 0.637257     1.917214
2452473.517938 -3.973221 0.515224     2.210541
2452486.059274 -5.716405 0.393191     1.267167
2452498.600610 6.824931 0.271158    -0.341127
2452511.141946 5.081747 0.149125    -1.754630
2452523.683282 3.338563 0.027092    -2.229422
2452536.224618 1.595379 0.905059    -1.465506
2452548.765954 -0.147805 0.783025     0.163106
2452561.307290 -1.890989 0.660992     1.712258
2452573.848626 -3.634173 0.538959     2.258298
2452586.389962 -5.377357 0.416926     1.527425
2452598.931298 -7.120541 0.294893    -0.016172
2452611.472634 5.420795 0.172860    -1.534403
2452624.013970 3.677611 0.050827    -2.233334
2452636.555306 1.934427 0.928794    -1.703652
2452649.096642 0.191243 0.806761    -0.181365
2452661.637978 -1.551941 0.684728     1.467097
2452674.179314 -3.295125 0.562695     2.255310
2452686.720650 -5.038309 0.440662     1.755812
2452699.261986 -6.781493 0.318629     0.309917
2452711.803322 5.759843 0.196595    -1.282002
2452724.344658 4.016659 0.074562    -2.188711
2452736.885995 2.273475 0.952529    -1.902090
2452749.427331 0.530291 0.830496    -0.520595
2452761.968667 -1.212893 0.708463     1.187450
2452774.510003 -2.956077 0.586430     2.201033
2452787.051339 -4.699261 0.464397     1.946983
2452799.592675 -6.442445 0.342364     0.630435
2452812.134011 6.098891 0.220331    -1.002686
2452824.675347 4.355707 0.098298    -2.097033
2452837.216683 2.612523 0.976265    -2.056848
2452849.758019 0.869339 0.854232    -0.846541
2452862.299355 -0.873845 0.732198     0.879978
2452874.840691 -2.617029 0.610165     2.096162
2452887.382027 -4.360213 0.488132     2.096262
2452899.923363 -6.103397 0.366099     0.938691
2452912.464699 6.437939 0.244066    -0.702183
2452925.006035 4.694755 0.122033    -1.960689
2452937.547371 2.951571 1.000000    -2.165047
2452950.088707 1.208388 0.877967    -1.151620
2452962.630043 -0.534796 0.755934     0.552098
2452975.171379 -2.277980 0.633901     1.942671
2452987.712715 -4.021164 0.511868     2.199778
2453000.254051 -5.764348 0.389835     1.228126
2453012.795387 6.776988 0.267802    -0.386603
2453025.336723 5.033804 0.145768    -1.782896
2453037.878059 3.290620 0.023735    -2.224911
2453050.419395 1.547436 0.901702    -1.428903
2453062.960731 -0.195748 0.779669     0.211763
2453075.502067 -1.938932 0.657636     1.743799
2453088.043403 -3.682116 0.535603     2.254598
2453100.584739 -5.425300 0.413570     1.492428
2453113.126075 7.116036 0.291537    -0.062346
2453125.667411 5.372852 0.169504    -1.567612
2453138.208747 3.629668 0.047471    -2.235750
2453150.750083 1.886484 0.925438    -1.672283
2453163.291420 0.143300 0.803405    -0.132783
2453175.832756 -1.599884 0.681371     1.504001
2453188.374092 -3.343068 0.559338     2.258847
2453200.915428 -5.086252 0.437305     1.725659
2453213.456764 -6.829436 0.315272     0.263990
2453225.998100 5.711900 0.193239    -1.319453
2453238.539436 3.968716 0.071206    -2.197922
2453251.080772 2.225532 0.949173    -1.876601
2453263.622108 0.482348 0.827140    -0.473250
2453276.163444 -1.260836 0.705107     1.228846
2453288.704780 -3.004020 0.583074     2.211809
2453301.246116 -4.747204 0.461041     1.922393
2453313.787452 -6.490388 0.339008     0.585703
2453326.328788 6.050948 0.216974    -1.043606
2453338.870124 4.307764 0.094941    -2.112773
2453351.411460 2.564580 0.972908    -2.037736
2453363.952796 0.821396 0.850875    -0.801549
2453376.494132 -0.921788 0.728842     0.924873
2453389.035468 -2.664972 0.606809     2.114002
2453401.576804 -4.408156 0.484776     2.077851
2453414.118140 -6.151340 0.362743     0.896095
2453426.659476 6.389996 0.240710    -0.745736
2453439.200812 4.646812 0.118677    -1.982568
2453451.742148 2.903628 0.996644    -2.152652
2453464.283484 1.160444 0.874611    -1.110016
2453476.824820 -0.582740 0.752578     0.599406
2453489.366156 -2.325924 0.630544     1.967219
2453501.907492 -4.069108 0.508511     2.188040
2453514.448828 -5.812292 0.386478     1.188582
2453526.990164 6.729044 0.264445    -0.431905
2453539.531500 4.985860 0.142412    -1.810412
2453552.072836 3.242676 0.020379    -2.219417
2453564.614172 1.499493 0.898346    -1.391620
2453577.155508 -0.243691 0.776313     0.260336
2453589.696845 -1.986875 0.654280     1.774520
2453602.238181 -3.730059 0.532247     2.249885
2453614.779517 -5.473243 0.410214     1.456808
2453627.320853 7.068093 0.288181    -0.108477
2453639.862189 5.324909 0.166147    -1.600163
2453652.403525 3.581725 0.044114    -2.237191
2453664.944861 1.838541 0.922081    -1.640130
2453677.486197 0.095357 0.800048    -0.084120
2453690.027533 -1.647827 0.678015     1.540196
2453702.568869 -3.391011 0.555982     2.261356
2453715.110205 -5.134195 0.433949     1.694775
2453727.651541 -6.877379 0.311916     0.217970
2453740.192877 5.663957 0.189883    -1.356350
2453752.734213 3.920773 0.067850    -2.206185
2453765.275549 2.177589 0.945817    -1.850248
2453777.816885 0.434405 0.823784    -0.425662
2453790.358221 -1.308779 0.701751     1.269664
2453802.899557 -3.051963 0.579717     2.221567
2453815.440893 -4.795147 0.457684     1.896977
2453827.982229 -6.538331 0.335651     0.540744
2453840.523565 6.003005 0.213618    -1.084084
2453853.064901 4.259821 0.091585    -2.127610
2453865.606237 2.516637 0.969552    -2.017699
2453878.147573 0.773453 0.847519    -0.756158
2453890.688909 -0.969731 0.725486     0.969337
2453903.230245 -2.712915 0.603453     2.130861
2453915.771581 -4.456099 0.481420     2.058534
2453928.312917 -6.199283 0.359387     0.853141
2453940.854253 6.342053 0.237354    -0.788969
2453953.395589 4.598869 0.115320    -2.003607
2453965.936925 2.855685 0.993287    -2.139293
2453978.478261 1.112501 0.871254    -1.067873
2453991.019597 -0.630683 0.749221     0.646442
2454003.560933 -2.373867 0.627188     1.990846
2454016.102270 -4.117051 0.505155     2.175333
2454028.643606 -5.860235 0.383122     1.148552
2454041.184942 6.681101 0.261089    -0.477014
2454053.726278 4.937917 0.139056    -1.837165
2454066.267614 3.194733 0.017023    -2.212943
2454078.808950 1.451549 0.894990    -1.353674
2454091.350286 -0.291635 0.772957     0.308801
2454103.891622 -2.034819 0.650923     1.804408
2454116.432958 -3.778003 0.528890     2.244163
2454128.974294 -5.521187 0.406857     1.420582
2454141.515630 7.020149 0.284824    -0.154549
2454154.056966 5.276965 0.162791    -1.632042
2454166.598302 3.533782 0.040758    -2.237654
2454179.139638 1.790598 0.918725    -1.607209
2454191.680974 0.047414 0.796692    -0.035398
2454204.222310 -1.695770 0.674659     1.575665
2454216.763646 -3.438954 0.552626     2.262838
2454229.304982 -5.182138 0.430593     1.663176
2454241.846318 -6.925322 0.308560     0.171876
2454254.387654 5.616014 0.186527    -1.392678
2454266.928990 3.872830 0.064493    -2.213495
2454279.470326 2.129646 0.942460    -1.823039
2454292.011662 0.386462 0.820427    -0.377852
2454304.552998 -1.356722 0.698394     1.309885
2454317.094334 -3.099906 0.576361     2.230306
2454329.635670 -4.843090 0.454328     1.870747
2454342.177006 -6.586274 0.332295     0.495578
2454354.718342 5.955062 0.210262    -1.124105
2454367.259678 4.211878 0.088229    -2.141538
2454379.801014 2.468694 0.966196    -1.996742
2454392.342350 0.725510 0.844163    -0.710392
2454404.883686 -1.017674 0.722130     1.013350
2454417.425022 -2.760858 0.600096     2.146731
2454429.966358 -4.504042 0.478063     2.038320
2454442.507695 -6.247226 0.356030     0.809847
2454455.049031 6.294110 0.233997    -0.831864
2454467.590367 4.550926 0.111964    -2.023795
2454480.131703 2.807742 0.989931    -2.124973
2454492.673039 1.064558 0.867898    -1.025211
2454505.214375 -0.678626 0.745865     0.693182
2454517.755711 -2.421810 0.623832     2.013543
2454530.297047 -4.164994 0.501799     2.161665
2454542.838383 -5.908178 0.379766     1.108054
2454555.379719 6.633158 0.257733    -0.521913
2454567.921055 4.889974 0.135700    -1.863143
2454580.462391 3.146790 0.013666    -2.205488
2454593.003727 1.403606 0.891633    -1.315082
2454605.545063 -0.339578 0.769600     0.357134
2454618.086399 -2.082762 0.647567     1.833447
2454630.627735 -3.825946 0.525534     2.237436
2454643.169071 -5.569130 0.403501     1.383767
2454655.710407 6.972206 0.281468    -0.200540
2454668.251743 5.229022 0.159435    -1.663235
2454680.793079 3.485838 0.037402    -2.237139
2454693.334415 1.742654 0.915369    -1.573531
2454705.875751 -0.000530 0.793336     0.013359
2454718.417087 -1.743714 0.671303     1.610392
2454730.958423 -3.486898 0.549269     2.263294
2454743.499759 -5.230082 0.427236     1.630875
2454756.041095 -6.973266 0.305203     0.125728
2454768.582431 5.568070 0.183170    -1.428420
2454781.123767 3.824887 0.061137    -2.219848
2454793.665103 2.081703 0.939104    -1.794986
2454806.206439 0.338519 0.817071    -0.329844
2454818.747775 -1.404665 0.695038     1.349490
2454831.289111 -3.147849 0.573005     2.238022
2454843.830447 -4.891033 0.450972     1.843716
2454856.371783 -6.634217 0.328939     0.450223
2454868.913120 5.907119 0.206906    -1.163653
2454881.454456 4.163935 0.084873    -2.154548
2454893.995792 2.420751 0.962839    -1.974874
2454906.537128 0.677567 0.840806    -0.664269
2454919.078464 -1.065617 0.718773     1.056888
2454931.619800 -2.808801 0.596740     2.161608
2454944.161136 -4.551985 0.474707     2.017221
2454956.702472 -6.295169 0.352674     0.766231
2454969.243808 6.246167 0.230641    -0.874405
2454981.785144 4.502983 0.108608    -2.043125
2454994.326480 2.759799 0.986575    -2.109697
2455006.867816 1.016615 0.864542    -0.982049
2455019.409152 -0.726569 0.742509     0.739603
2455031.950488 -2.469753 0.620476     2.035300
2455044.491824 -4.212937 0.498442     2.147045
2455057.033160 -5.956121 0.376409     1.067106
2455069.574496 6.585215 0.254376    -0.566584
2455082.115832 4.842031 0.132343    -1.888335
2455094.657168 3.098847 0.010310    -2.197054
2455107.198504 1.355663 0.888277    -1.275860
2455119.739840 -0.387521 0.766244     0.405313
2455132.281176 -2.130705 0.644211     1.861625
2455144.822512 -3.873889 0.522178     2.229709
2455157.363848 -5.617073 0.400145     1.346380
2455169.905184 6.924263 0.278112    -0.246434
2455182.446520 5.181079 0.156079    -1.693730
2455194.987856 3.437895 0.034045    -2.235644
2455207.529192 1.694711 0.912012    -1.539113
2455220.070528 -0.048473 0.789979     0.062128
2455232.611864 -1.791657 0.667946     1.644360
2455245.153200 -3.534841 0.545913     2.262726
2455257.694536 -5.278025 0.423880     1.597887
2455270.235872 -7.021209 0.301847     0.079545
2455282.777208 5.520127 0.179814    -1.463563
2455295.318545 3.776943 0.057781    -2.225240
2455307.859881 2.033759 0.935748    -1.766100
2455320.401217 0.290575 0.813715    -0.281659
2455332.942553 -1.452609 0.691682     1.388459
2455345.483889 -3.195793 0.569649     2.244713
2455358.025225 -4.938977 0.447615     1.815897
2455370.566561 -6.682161 0.325582     0.404698
2455383.107897 5.859176 0.203549    -1.202709
2455395.649233 4.115992 0.081516    -2.166635
2455408.190569 2.372808 0.959483    -1.952104
2455420.731905 0.629624 0.837450    -0.617814
2455433.273241 -1.113560 0.715417     1.099932
2455445.814577 -2.856744 0.593384     2.175485
2455458.355913 -4.599928 0.471351     1.995246
2455470.897249 -6.343112 0.349318     0.722312
2455483.438585 6.198224 0.227285    -0.916574
2455495.979921 4.455040 0.105252    -2.061586
2455508.521257 2.711856 0.983218    -2.093470
2455521.062593 0.968672 0.861185    -0.938406
2455533.603929 -0.774512 0.739152     0.785684
2455546.145265 -2.517696 0.617119     2.056108
2455558.686601 -4.260880 0.495086     2.131479
2455571.227937 -6.004064 0.373053     1.025725
2455583.769273 6.537272 0.251020    -0.611007
2455596.310609 4.794088 0.128987    -1.912730
2455608.851945 3.050904 0.006954    -2.187643
2455621.393281 1.307720 0.884921    -1.236025
2455633.934617 -0.435464 0.762888     0.453314
2455646.475953 -2.178648 0.640855     1.888930
2455659.017289 -3.921832 0.518822     2.220987
2455671.558625 -5.665016 0.396788     1.308436
2455684.099961 6.876320 0.274755    -0.292211
2455696.641297 5.133136 0.152722    -1.723512
2455709.182633 3.389952 0.030689    -2.233167
2455721.723970 1.646768 0.908656    -1.503967
2455734.265306 -0.096416 0.786623     0.110884
2455746.806642 -1.839600 0.664590     1.677555
2455759.347978 -3.582784 0.542557     2.261135
2455771.889314 -5.325968 0.420524     1.564230
2455784.430650 -7.069152 0.298491     0.033345
2455796.971986 5.472184 0.176458    -1.498091
2455809.513322 3.729000 0.054425    -2.229666
2455822.054658 1.985816 0.932391    -1.736393
2455834.595994 0.242632 0.810358    -0.233321
2455847.137330 -1.500552 0.688325     1.426774
2455859.678666 -3.243736 0.566292     2.250378
2455872.220002 -4.986920 0.444259     1.787304
2455884.761338 -6.730104 0.322226     0.359022
2455897.302674 5.811232 0.200193    -1.241260
2455909.844010 4.068048 0.078160    -2.177792
2455922.385346 2.324864 0.956127    -1.928439
2455934.926682 0.581680 0.834094    -0.571046
2455947.468018 -1.161504 0.712061     1.142461
2455960.009354 -2.904688 0.590028     2.188356
2455972.550690 -4.647872 0.467994     1.972408
2455985.092026 -6.391056 0.345961     0.678109
2455997.633362 6.150281 0.223928    -0.958354
2456010.174698 4.407097 0.101895    -2.079169
2456022.716034 2.663913 0.979862    -2.076298
2456035.257370 0.920729 0.857829    -0.894303
2456047.798706 -0.822455 0.735796     0.831402
2456060.340042 -2.565639 0.613763     2.075958
2456072.881378 -4.308823 0.491730     2.114978
2456085.422714 -6.052007 0.369697     0.983930
2456097.964050 6.489329 0.247664    -0.655165
2456110.505386 4.746145 0.125631    -1.936317
2456123.046722 3.002961 0.003598    -2.177258
2456135.588058 1.259777 0.881564    -1.195595
2456148.129394 -0.483407 0.759531     0.501113
2456160.670731 -2.226591 0.637498     1.915350
2456173.212067 -3.969775 0.515465     2.211277
2456185.753403 -5.712959 0.393432     1.269954
2456198.294739 6.828377 0.271399    -0.337852
2456210.836075 5.085193 0.149366    -1.752569
2456223.377411 3.342009 0.027333    -2.229709
2456235.918747 1.598825 0.905300    -1.468110
2456248.460083 -0.144359 0.783267     0.159606
2456261.001419 -1.887543 0.661234     1.709959
2456273.542755 -3.630727 0.539201     2.258525
2456286.084091 -5.373911 0.417167     1.529916
2456298.625427 -7.117095 0.295134    -0.012852
2456311.166763 5.424241 0.173101    -1.531991
2456323.708099 3.681057 0.051068    -2.233123
2456336.249435 1.937873 0.929035    -1.705877
2456348.790771 0.194689 0.807002    -0.184853
2456361.332107 -1.548495 0.684969     1.464418
2456373.873443 -3.291679 0.562936     2.255016
2456386.414779 -5.034863 0.440903     1.757951
2456398.956115 -6.778047 0.318870     0.313214
2456411.497451 5.763289 0.196837    -1.279289
2456424.038787 4.020105 0.074804    -2.188012
2456436.580123 2.276921 0.952771    -1.903889
2456449.121459 0.533737 0.830737    -0.523988
2456461.662795 -1.209447 0.708704     1.184453
2456474.204131 -2.952631 0.586671     2.200219
2456486.745467 -4.695815 0.464638     1.948718
2456499.286803 -6.438999 0.342605     0.633641
2456511.828139 6.102337 0.220572    -0.999728
2456524.369475 4.359153 0.098539    -2.095867
2456536.910811 2.615969 0.976506    -2.058186
2456549.452147 0.872785 0.854473    -0.849759
2456561.993483 -0.870399 0.732440     0.876735
2456574.534819 -2.613583 0.610407     2.094842
2456587.076156 -4.356767 0.488374     2.097550
2456599.617492 -6.099951 0.366340     0.941739
2456612.158828 6.441386 0.244307    -0.699041
2456624.700164 4.698202 0.122274    -1.959085
2456637.241500 2.955018 0.000241    -2.165901
2456649.782836 1.211834 0.878208    -1.154589
2456662.324172 -0.531350 0.756175     0.548688
2456674.865508 -2.274534 0.634142     1.940872
2456687.406844 -4.017718 0.512109     2.200585
2456699.948180 -5.760902 0.390076     1.230949
2456712.489516 6.780434 0.268043    -0.383340
2456725.030852 5.037250 0.146010    -1.780889
2456737.572188 3.294066 0.023977    -2.225268
2456750.113524 1.550882 0.901944    -1.431556
2456762.654860 -0.192302 0.779910     0.208268
2456775.196196 -1.935486 0.657877     1.741559
2456787.737532 -3.678670 0.535844     2.254898
2456800.278868 -5.421854 0.413811     1.494964
2456812.820204 7.119482 0.291778    -0.059028
2456825.361540 5.376298 0.169745    -1.565247
2456837.902876 3.633114 0.047712    -2.235609
2456850.444212 1.889930 0.925679    -1.674564
2456862.985548 0.146746 0.803646    -0.136278
2456875.526884 -1.596438 0.681613     1.501372
2456888.068220 -3.339622 0.559580     2.258627
2456900.609556 -5.082806 0.437547     1.727851
2456913.150892 -6.825990 0.315513     0.267294
2456925.692228 5.715346 0.193480    -1.316780
2456938.233564 3.972162 0.071447    -2.197291
2456950.774900 2.228978 0.949414    -1.878463
2456963.316236 0.485794 0.827381    -0.476662
2456975.857572 -1.257390 0.705348     1.225889
2456988.398908 -3.000574 0.583315     2.211068
2457000.940244 -4.743758 0.461282     1.924189
2457013.481581 -6.486942 0.339249     0.588926
2457026.022917 6.054394 0.217216    -1.040679
2457038.564253 4.311210 0.095183    -2.111671
2457051.105589 2.568026 0.973150    -2.039141
2457063.646925 0.824842 0.851116    -0.804796
2457076.188261 -0.918342 0.729083     0.921660
2457088.729597 -2.661526 0.607050     2.112753
2457101.270933 -4.404710 0.485017     2.079205
2457113.812269 -6.147894 0.362984     0.899169
2457126.353605 6.393442 0.240951    -0.742616
2457138.894941 4.650258 0.118918    -1.981023
2457151.436277 2.907074 0.996885    -2.153576
2457163.977613 1.163890 0.874852    -1.113024
2457176.518949 -0.579294 0.752819     0.596015
2457189.060285 -2.322478 0.630786     1.965485
2457201.601621 -4.065662 0.508753     2.188916
2457214.142957 -5.808846 0.386720     1.191441
2457226.684293 6.732491 0.264686    -0.428655
2457239.225629 4.989307 0.142653    -1.808459
2457251.766965 3.246123 0.020620    -2.219845
2457264.308301 1.502939 0.898587    -1.394322
2457276.849637 -0.240245 0.776554     0.256848
2457289.390973 -1.983429 0.654521     1.772340
2457301.932309 -3.726613 0.532488     2.250257
2457314.473645 -5.469797 0.410455     1.459389
2457327.014981 7.071539 0.288422    -0.105163
2457339.556317 5.328355 0.166389    -1.597846
2457352.097653 3.585171 0.044356    -2.237120
2457364.638989 1.841987 0.922323    -1.642467
2457377.180325 0.098803 0.800289    -0.087620
2457389.721661 -1.644381 0.678256     1.537618
2457402.262997 -3.387565 0.556223     2.261210
2457414.804333 -5.130749 0.434190     1.697019
2457427.345669 -6.873933 0.312157     0.221280
2457439.887006 5.667403 0.190124    -1.353717
2457452.428342 3.924219 0.068091    -2.205622
2457464.969678 2.181035 0.946058    -1.852170
2457477.511014 0.437851 0.824025    -0.429090
2457490.052350 -1.305333 0.701992     1.266750
2457502.593686 -3.048517 0.579959     2.220900
2457515.135022 -4.791701 0.457926     1.898831
2457527.676358 -6.534885 0.335893     0.543983
2457540.217694 6.006451 0.213859    -1.081190
2457552.759030 4.263267 0.091826    -2.126574
2457565.300366 2.520083 0.969793    -2.019170
2457577.841702 0.776899 0.847760    -0.759434
2457590.383038 -0.966285 0.725727     0.966156
2457602.924374 -2.709469 0.603694     2.129682
2457615.465710 -4.452653 0.481661     2.059953
2457628.007046 -6.195837 0.359628     0.856240
2457640.548382 6.345499 0.237595    -0.785872
2457653.089718 4.602315 0.115562    -2.002123
2457665.631054 2.859131 0.993529    -2.140285
2457678.172390 1.115947 0.871496    -1.070920
2457690.713726 -0.627237 0.749462     0.643070
2457703.255062 -2.370421 0.627429     1.989179
2457715.796398 -4.113605 0.505396     2.176278
2457728.337734 -5.856789 0.383363     1.151445
2457740.879070 6.684547 0.261330    -0.473779
2457753.420406 4.941363 0.139297    -1.835267
2457765.961742 3.198179 0.017264    -2.213441
2457778.503078 1.454995 0.895231    -1.356424
2457791.044414 -0.288189 0.773198     0.305321
2457803.585750 -2.031373 0.651165     1.802287
2457816.127086 -3.774557 0.529132     2.244608
2457828.668422 -5.517740 0.407099     1.423206
2457841.209758 7.023596 0.285066    -0.151239
2457853.751094 5.280412 0.163032    -1.629773
2457866.292431 3.537228 0.040999    -2.237654
2457878.833767 1.794044 0.918966    -1.609600
2457891.375103 0.050860 0.796933    -0.038902
2457903.916439 -1.692324 0.674900     1.573140
2457916.457775 -3.435508 0.552867     2.262765
2457928.999111 -5.178692 0.430834     1.665471
2457941.540447 -6.921876 0.308801     0.175191
2457954.081783 5.619460 0.186768    -1.390086
2457966.623119 3.876276 0.064735    -2.213001
2457979.164455 2.133092 0.942702    -1.825023
2457991.705791 0.389908 0.820669    -0.381296
2458004.247127 -1.353276 0.698635     1.307014
2458016.788463 -3.096460 0.576602     2.229712
2458029.329799 -4.839644 0.454569     1.872659
2458041.871135 -6.582828 0.332536     0.498831
2458054.412471 5.958508 0.210503    -1.121244
2458066.953807 4.215324 0.088470    -2.140567
2458079.495143 2.472140 0.966437    -1.998279
2458092.036479 0.728956 0.844404    -0.713693
2458104.577815 -1.014228 0.722371     1.010202
2458117.119151 -2.757412 0.600338     2.145624
2458129.660487 -4.500596 0.478305     2.039803
2458142.201823 -6.243780 0.356272     0.812970
2458154.743159 6.297556 0.234238    -0.828793
2458167.284495 4.554372 0.112205    -2.022373
2458179.825831 2.811188 0.990172    -2.126034
2458192.367167 1.068004 0.868139    -1.028294
2458204.908503 -0.675180 0.746106     0.689832
2458217.449839 -2.418364 0.624073     2.011943
2458229.991175 -4.161548 0.502040     2.162680
2458242.532511 -5.904732 0.380007     1.110980
2458255.073847 6.636604 0.257974    -0.518693
2458267.615183 4.893420 0.135941    -1.861302
2458280.156519 3.150236 0.013908    -2.206056
2458292.697856 1.407052 0.891875    -1.317877
2458305.239192 -0.336132 0.769842     0.353665
2458317.780528 -2.079316 0.647808     1.831388
2458330.321864 -3.822500 0.525775     2.237953
2458342.863200 -5.565684 0.403742     1.386433
2458355.404536 6.975652 0.281709    -0.197238
2458367.945872 5.232468 0.159676    -1.661016
2458380.487208 3.489284 0.037643    -2.237209
2458393.028544 1.746100 0.915610    -1.575977
2458405.569880 0.002916 0.793577     0.009854
2458418.111216 -1.740268 0.671544     1.607921
2458430.652552 -3.483452 0.549511     2.263295
2458443.193888 -5.226635 0.427478     1.633219
2458455.735224 -6.969819 0.305445     0.129047
2458468.276560 5.571517 0.183411    -1.425871
2458480.817896 3.828333 0.061378    -2.219423
2458493.359232 2.085149 0.939345    -1.797030
2458505.900568 0.341965 0.817312    -0.333300
2458518.441904 -1.401219 0.695279     1.346664
2458530.983240 -3.144403 0.573246     2.237502
2458543.524576 -4.887587 0.451213     1.845685
2458556.065912 -6.630771 0.329180     0.453488
2458568.607248 5.910565 0.207147    -1.160826
2458581.148584 4.167381 0.085114    -2.153644
2458593.689920 2.424197 0.963081    -1.976476
2458606.231256 0.681013 0.841048    -0.667596
2458618.772592 -1.062171 0.719015     1.053775
2458631.313928 -2.805355 0.596981     2.160572
2458643.855264 -4.548539 0.474948     2.018766
2458656.396600 -6.291723 0.352915     0.769376
2458668.937936 6.249613 0.230882    -0.871360
2458681.479272 4.506429 0.108849    -2.041764
2458694.020608 2.763245 0.986816    -2.110827
2458706.561944 1.020061 0.864783    -0.985167
2458719.103281 -0.723123 0.742750     0.736278
2458731.644617 -2.466307 0.620717     2.033768
2458744.185953 -4.209491 0.498684     2.148127
2458756.727289 -5.952675 0.376651     1.070064
2458769.268625 6.588661 0.254618    -0.563381
2458781.809961 4.845477 0.132584    -1.886551
2458794.351297 3.102293 0.010551    -2.197693
2458806.892633 1.359109 0.888518    -1.278700
2458819.433969 -0.384075 0.766485     0.401856
2458831.975305 -2.127259 0.644452     1.859629
2458844.516641 -3.870443 0.522419     2.230297
2458857.057977 -5.613627 0.400386     1.349086
2458869.599313 6.927709 0.278353    -0.243139
2458882.140649 5.184525 0.156320    -1.691561
2458894.681985 3.441341 0.034287    -2.235784
2458907.223321 1.698157 0.912254    -1.541611
2458919.764657 -0.045027 0.790221     0.058622
2458932.305993 -1.788211 0.668187     1.641944
2458944.847329 -3.531395 0.546154     2.262801
2458957.388665 -5.274579 0.424121     1.600281
2458969.930001 -7.017763 0.302088     0.082865
2458982.471337 5.523573 0.180055    -1.461057
2458995.012673 3.780389 0.058022    -2.224884
2459007.554009 2.037205 0.935989    -1.768204
2459020.095345 0.294021 0.813956    -0.285128
2459032.636681 -1.449163 0.691923     1.385679
2459045.178017 -3.192347 0.569890     2.244266
2459057.719353 -4.935530 0.447857     1.817923
2459070.260689 -6.678714 0.325824     0.407975
2459082.802025 5.862622 0.203791    -1.199919
2459095.343361 4.119438 0.081757    -2.165797
2459107.884697 2.376254 0.959724    -1.953770
2459120.426033 0.633070 0.837691    -0.621163
2459132.967369 -1.110114 0.715658     1.096855
2459145.508706 -2.853298 0.593625     2.174521
2459158.050042 -4.596482 0.471592     1.996854
2459170.591378 -6.339666 0.349559     0.725479
2459183.132714 6.201670 0.227526    -0.913556
2459195.674050 4.458486 0.105493    -2.060288
2459208.215386 2.715302 0.983460    -2.094668
2459220.756722 0.972118 0.861427    -0.941559
2459233.298058 -0.771066 0.739394     0.782384
2459245.839394 -2.514250 0.617360     2.054644
2459258.380730 -4.257434 0.495327     2.132629
2459270.922066 -6.000618 0.373294     1.028714
2459283.463402 6.540718 0.251261    -0.607822
2459296.004738 4.797534 0.129228    -1.911004
2459308.546074 3.054350 0.007195    -2.188352
2459321.087410 1.311166 0.885162    -1.238908
2459333.628746 -0.432018 0.763129     0.449870
2459346.170082 -2.175202 0.641096     1.886997
2459358.711418 -3.918386 0.519063     2.221647
2459371.252754 -5.661570 0.397030     1.311182
2459383.794090 6.879766 0.274997    -0.288925
2459396.335426 5.136582 0.152964    -1.721395
2459408.876762 3.393398 0.030930    -2.233378
2459421.418098 1.650214 0.908897    -1.506517
2459433.959434 -0.092970 0.786864     0.107381
2459446.500770 -1.836154 0.664831     1.675195
2459459.042106 -3.579338 0.542798     2.261284
2459471.583442 -5.322522 0.420765     1.566671
2459484.124778 -7.065706 0.298732     0.036666
2459496.666114 5.475630 0.176699    -1.495630
2459509.207450 3.732446 0.054666    -2.229380
2459521.748786 1.989262 0.932633    -1.738555
2459534.290122 0.246078 0.810600    -0.236800
2459546.831458 -1.497106 0.688567     1.424043
2459559.372794 -3.240290 0.566533     2.250005
2459571.914130 -4.983474 0.444500     1.789385
2459584.455467 -6.726658 0.322467     0.362310
2459596.996803 5.814678 0.200434    -1.238507
2459609.538139 4.071494 0.078401    -2.177021
2459622.079475 2.328310 0.956368    -1.930170
2459634.620811 0.585126 0.834335    -0.574417
2459647.162147 -1.158058 0.712302     1.139421
2459659.703483 -2.901241 0.590269     2.187465
2459672.244819 -4.644425 0.468236     1.974078
2459684.786155 -6.387609 0.346203     0.681296
2459697.327491 6.153727 0.224170    -0.955365
2459709.868827 4.410543 0.102137    -2.077935
2459722.410163 2.667359 0.980103    -2.077564
2459734.951499 0.924175 0.858070    -0.897488
2459747.492835 -0.819009 0.736037     0.828129
2459760.034171 -2.562193 0.614004     2.074564
2459772.575507 -4.305377 0.491971     2.116195
2459785.116843 -6.048561 0.369938     0.986948
2459797.658179 6.492775 0.247905    -0.652001
2459810.199515 4.749591 0.125872    -1.934649
2459822.740851 3.006407 0.003839    -2.178037
2459835.282187 1.263223 0.881806    -1.198521
2459847.823523 -0.479961 0.759773     0.497685
2459860.364859 -2.223145 0.637740     1.913481
2459872.906195 -3.966329 0.515706     2.212008
2459885.447531 -5.709513 0.393673     1.272737
2459897.988867 6.831823 0.271640    -0.334577
2459910.530203 5.088639 0.149607    -1.750505
2459923.071539 3.345455 0.027574    -2.229990
2459935.612875 1.602271 0.905541    -1.470711
2459948.154211 -0.140913 0.783508     0.156105
2459960.695547 -1.884097 0.661475     1.707657
2459973.236883 -3.627281 0.539442     2.258747
2459985.778219 -5.370465 0.417409     1.532404
2459998.319555 -7.113649 0.295376    -0.009532
2460010.860892 5.427687 0.173343    -1.529575
2460023.402228 3.684503 0.051309    -2.232907
2460035.943564 1.941319 0.929276    -1.708097
2460048.484900 0.198135 0.807243    -0.188341
2460061.026236 -1.545049 0.685210     1.461735
2460073.567572 -3.288233 0.563177     2.254717
2460086.108908 -5.031417 0.441144     1.760086
2460098.650244 -6.774601 0.319111     0.316511
2460111.191580 5.766735 0.197078    -1.276573
2460123.732916 4.023551 0.075045    -2.187309
2460136.274252 2.280367 0.953012    -1.905683
2460148.815588 0.537183 0.830979    -0.527379
2460161.356924 -1.206001 0.708946     1.181453
2460173.898260 -2.949185 0.586913     2.199400
2460186.439596 -4.692369 0.464879     1.950449
2460198.980932 -6.435553 0.342846     0.636846
2460211.522268 6.105783 0.220813    -0.996768
2460224.063604 4.362599 0.098780    -2.094697
2460236.604940 2.619415 0.976747    -2.059519
2460249.146276 0.876231 0.854714    -0.852975
2460261.687612 -0.866953 0.732681     0.873490
2460274.228948 -2.610136 0.610648     2.093517
2460286.770284 -4.353320 0.488615     2.098834
2460299.311620 -6.096504 0.366582     0.944784
2460311.852956 6.444832 0.244549    -0.695897
2460324.394292 4.701648 0.122516    -1.957476
2460336.935628 2.958464 0.000482    -2.166750
2460349.476964 1.215280 0.878449    -1.157555
2460362.018300 -0.527904 0.756416     0.545276
2460374.559636 -2.271088 0.634383     1.939067
2460387.100972 -4.014272 0.512350     2.201386
2460399.642308 -5.757456 0.390317     1.233770
2460412.183644 6.783880 0.268284    -0.380076
2460424.724980 5.040696 0.146251    -1.778878
2460437.266317 3.297512 0.024218    -2.225620
2460449.807653 1.554328 0.902185    -1.434207
2460462.348989 -0.188856 0.780152     0.204773
2460474.890325 -1.932040 0.658119     1.739315
2460487.431661 -3.675224 0.536086     2.255192
2460499.972997 -5.418408 0.414052     1.497497
2460512.514333 7.122928 0.292019    -0.055710
2460525.055669 5.379744 0.169986    -1.562878
2460537.597005 3.636560 0.047953    -2.235463
2460550.138341 1.893376 0.925920    -1.676841
2460562.679677 0.150192 0.803887    -0.139773
2460575.221013 -1.592992 0.681854     1.498739
2460587.762349 -3.336176 0.559821     2.258401
2460600.303685 -5.079360 0.437788     1.730039
2460612.845021 -6.822544 0.315755     0.270598
2460625.386357 5.718792 0.193722    -1.314103
2460637.927693 3.975608 0.071689    -2.196656
2460650.469029 2.232424 0.949655    -1.880319
2460663.010365 0.489240 0.827622    -0.480072
2460675.551701 -1.253944 0.705589     1.222930
2460688.093037 -2.997128 0.583556     2.210322
2460700.634373 -4.740312 0.461523     1.925979
2460713.175709 -6.483496 0.339490     0.592148
2460725.717045 6.057840 0.217457    -1.037750
2460738.258381 4.314656 0.095424    -2.110565
2460750.799717 2.571472 0.973391    -2.040541
2460763.341053 0.828288 0.851358    -0.808042
2460775.882389 -0.914896 0.729325     0.918445
2460788.423725 -2.658080 0.607292     2.111498
2460800.965061 -4.401264 0.485258     2.080554
2460813.506397 -6.144448 0.363225     0.902241
2460826.047733 6.396888 0.241192    -0.739494
2460838.589069 4.653704 0.119159    -1.979474
2460851.130405 2.910520 0.997126    -2.154494
2460863.671742 1.167336 0.875093    -1.116030
2460876.213078 -0.575848 0.753060     0.592622
2460888.754414 -2.319031 0.631027     1.963746
2460901.295750 -4.062215 0.508994     2.189787
2460913.837086 -5.805399 0.386961     1.194297
2460926.378422 6.735937 0.264928    -0.425404
2460938.919758 4.992753 0.142895    -1.806503
2460951.461094 3.249569 0.020862    -2.220268
2460964.002430 1.506385 0.898828    -1.397021
2460976.543766 -0.236799 0.776795     0.253359
2460989.085102 -1.979983 0.654762     1.770155
2461001.626438 -3.723167 0.532729     2.250625
2461014.167774 -5.466351 0.410696     1.461966
2461026.709110 7.074985 0.288663    -0.101849
2461039.250446 5.331801 0.166630    -1.595525
2461051.791782 3.588617 0.044597    -2.237044
2461064.333118 1.845433 0.922564    -1.644800
2461076.874454 0.102249 0.800531    -0.091120
2461089.415790 -1.640935 0.678498     1.535037
2461101.957126 -3.384119 0.556465     2.261058
2461114.498462 -5.127303 0.434431     1.699260
2461127.039798 -6.870487 0.312398     0.224590
2461139.581134 5.670849 0.190365    -1.351081
2461152.122470 3.927665 0.068332    -2.205055
2461164.663806 2.184481 0.946299    -1.854089
2461177.205142 0.441297 0.824266    -0.432517
2461189.746478 -1.301887 0.702233     1.263832
2461202.287814 -3.045071 0.580200     2.220227
2461214.829150 -4.788255 0.458167     1.900681
2461227.370486 -6.531439 0.336134     0.547220
2461239.911822 6.009897 0.214101    -1.078293
2461252.453158 4.266713 0.092068    -2.125533
2461264.994494 2.523529 0.970035    -2.020636
2461277.535830 0.780345 0.848001    -0.762707
2461290.077167 -0.962839 0.725968     0.962973
2461302.618503 -2.706023 0.603935     2.128498
2461315.159839 -4.449207 0.481902     2.061366
2461327.701175 -6.192391 0.359869     0.859337
2461340.242511 6.348945 0.237836    -0.782774
2461352.783847 4.605761 0.115803    -2.000634
2461365.325183 2.862577 0.993770    -2.141273
2461377.866519 1.119393 0.871737    -1.073964
2461390.407855 -0.623791 0.749704     0.639698
2461402.949191 -2.366975 0.627671     1.987506
2461415.490527 -4.110159 0.505638     2.177219
2461428.031863 -5.853343 0.383604     1.154336
2461440.573199 6.687993 0.261571    -0.470542
2461453.114535 4.944809 0.139538    -1.833366
2461465.655871 3.201625 0.017505    -2.213934
2461478.197207 1.458441 0.895472    -1.359170
2461490.738543 -0.284742 0.773439     0.301841
2461503.279879 -2.027926 0.651406     1.800163
2461515.821215 -3.771110 0.529373     2.245047
2461528.362551 -5.514294 0.407340     1.425827
2461540.903887 7.027042 0.285307    -0.147930
2461553.445223 5.283858 0.163274    -1.627501
2461565.986559 3.540674 0.041241    -2.237648
2461578.527895 1.797490 0.919208    -1.611988
2461591.069231 0.054306 0.797174    -0.042405
2461603.610567 -1.688878 0.675141     1.570611
2461616.151903 -3.432062 0.553108     2.262688
2461628.693239 -5.175246 0.431075     1.667762
2461641.234575 -6.918430 0.309042     0.178506
2461653.775911 5.622906 0.187009    -1.387491
2461666.317247 3.879722 0.064976    -2.212503
2461678.858583 2.136538 0.942943    -1.827002
2461691.399919 0.393354 0.820910    -0.384738
2461703.941255 -1.349830 0.698877     1.304140
2461716.482592 -3.093014 0.576844     2.229113
2461729.023928 -4.836198 0.454811     1.874567
2461741.565264 -6.579382 0.332777     0.502083
2461754.106600 5.961954 0.210744    -1.118381
2461766.647936 4.218770 0.088711    -2.139592
2461779.189272 2.475586 0.966678    -1.999811
2461791.730608 0.732402 0.844645    -0.716993
2461804.271944 -1.010782 0.722612     1.007051
2461816.813280 -2.753966 0.600579     2.144511
2461829.354616 -4.497150 0.478546     2.041281
2461841.895952 -6.240334 0.356513     0.816091
2461854.437288 6.301002 0.234480    -0.825719
2461866.978624 4.557818 0.112447    -2.020946
2461879.519960 2.814634 0.990414    -2.127090
2461892.061296 1.071450 0.868380    -1.031375
2461904.602632 -0.671734 0.746347     0.686481
2461917.143968 -2.414918 0.624314     2.010338
2461929.685304 -4.158102 0.502281     2.163689
2461942.226640 -5.901286 0.380248     1.113904
2461954.767976 6.640050 0.258215    -0.515472
2461967.309312 4.896866 0.136182    -1.859456
2461979.850648 3.153682 0.014149    -2.206620
2461992.391984 1.410498 0.892116    -1.320669
2462004.933320 -0.332686 0.770083     0.350195
2462017.474656 -2.075870 0.648050     1.829325
2462030.015992 -3.819054 0.526017     2.238464
2462042.557328 -5.562238 0.403984     1.389095
2462055.098664 6.979098 0.281950    -0.193934
2462067.640000 5.235914 0.159917    -1.658794
2462080.181336 3.492730 0.037884    -2.237274
2462092.722672 1.749546 0.915851    -1.578419
2462105.264008 0.006363 0.793818     0.006349
2462117.805344 -1.736821 0.671785     1.605446
2462130.346680 -3.480005 0.549752     2.263291
2462142.888017 -5.223189 0.427719     1.635561
2462155.429353 -6.966373 0.305686     0.132365
2462167.970689 5.574963 0.183653    -1.423319
2462180.512025 3.831779 0.061620    -2.218994
2462193.053361 2.088595 0.939587    -1.799070
2462205.594697 0.345411 0.817553    -0.336756
2462218.136033 -1.397773 0.695520     1.343835
2462230.677369 -3.140957 0.573487     2.236976
2462243.218705 -4.884141 0.451454     1.847651
2462255.760041 -6.627325 0.329421     0.456754
2462268.301377 5.914011 0.207388    -1.157997
2462280.842713 4.170827 0.085355    -2.152735
2462293.384049 2.427643 0.963322    -1.978074
2462305.925385 0.684459 0.841289    -0.670921
2462318.466721 -1.058725 0.719256     1.050659
2462331.008057 -2.801909 0.597223     2.159531
2462343.549393 -4.545093 0.475190     2.020308
2462356.090729 -6.288277 0.353157     0.772520
2462368.632065 6.253059 0.231123    -0.868312
2462381.173401 4.509875 0.109090    -2.040399
2462393.714737 2.766691 0.987057    -2.111952
2462406.256073 1.023507 0.865024    -0.988284
2462418.797409 -0.719677 0.742991     0.732950
2462431.338745 -2.462861 0.620958     2.032231
2462443.880081 -4.206045 0.498925     2.149205
2462456.421417 -5.949229 0.376892     1.073019
2462468.962753 6.592107 0.254859    -0.560177
2462481.504089 4.848923 0.132826    -1.884762
2462494.045425 3.105739 0.010793    -2.198326
2462506.586761 1.362555 0.888760    -1.281536
2462519.128097 -0.380629 0.766726     0.398398
2462531.669433 -2.123813 0.644693     1.857628
2462544.210769 -3.866997 0.522660     2.230881
2462556.752105 -5.610181 0.400627     1.351789
2462569.293442 6.931155 0.278594    -0.239843
2462581.834778 5.187971 0.156561    -1.689389
2462594.376114 3.444787 0.034528    -2.235919
2462606.917450 1.701603 0.912495    -1.544106
2462619.458786 -0.041581 0.790462     0.055117
2462632.000122 -1.784765 0.668429     1.639525
2462644.541458 -3.527949 0.546396     2.262870
2462657.082794 -5.271133 0.424363     1.602671
2462669.624130 -7.014317 0.302329     0.086185
2462682.165466 5.527019 0.180296    -1.458549
2462694.706802 3.783835 0.058263    -2.224524
2462707.248138 2.040652 0.936230    -1.770303
2462719.789474 0.297468 0.814197    -0.288596
2462732.330810 -1.445716 0.692164     1.382897
2462744.872146 -3.188900 0.570131     2.243814
2462757.413482 -4.932084 0.448098     1.819944
2462769.954818 -6.675268 0.326065     0.411252
2462782.496154 5.866068 0.204032    -1.197126
2462795.037490 4.122884 0.081999    -2.164955
2462807.578826 2.379700 0.959966    -1.955432
2462820.120162 0.636516 0.837933    -0.624512
2462832.661498 -1.106668 0.715899     1.093775
2462845.202834 -2.849852 0.593866     2.173551
2462857.744170 -4.593036 0.471833     1.998458
2462870.285506 -6.336220 0.349800     0.728644
2462882.826842 6.205116 0.227767    -0.910536
2462895.368178 4.461932 0.105734    -2.058985
2462907.909514 2.718748 0.983701    -2.095861
2462920.450850 0.975564 0.861668    -0.944709
2462932.992186 -0.767620 0.739635     0.779082
2462945.533522 -2.510804 0.617602     2.053176
2462958.074858 -4.253988 0.495569     2.133775
2462970.616194 -5.997172 0.373536     1.031700
2462983.157530 6.544164 0.251502    -0.604637
2462995.698866 4.800980 0.129469    -1.909273
2463008.240203 3.057796 0.007436    -2.189056
2463020.781539 1.314612 0.885403    -1.241788
2463033.322875 -0.428572 0.763370     0.446426
2463045.864211 -2.171756 0.641337     1.885059
2463058.405547 -3.914940 0.519304     2.222302
2463070.946883 -5.658124 0.397271     1.313924
2463083.488219 6.883212 0.275238    -0.285638
2463096.029555 5.140028 0.153205    -1.719275
2463108.570891 3.396844 0.031172    -2.233584
2463121.112227 1.653660 0.909139    -1.509064
2463133.653563 -0.089524 0.787106     0.103877
2463146.194899 -1.832708 0.665072     1.672831
2463158.736235 -3.575892 0.543039     2.261427
2463171.277571 -5.319076 0.421006     1.569109
2463183.818907 -7.062260 0.298973     0.039987
2463196.360243 5.479076 0.176940    -1.493166
2463208.901579 3.735892 0.054907    -2.229089
2463221.442915 1.992708 0.932874    -1.740713
2463233.984251 0.249524 0.810841    -0.240278
2463246.525587 -1.493660 0.688808     1.421307
2463259.066923 -3.236844 0.566775     2.249627
2463271.608259 -4.980028 0.444742     1.791462
2463284.149595 -6.723212 0.322709     0.365597
2463296.690931 5.818124 0.200675    -1.235750
2463309.232267 4.074940 0.078642    -2.176246
2463321.773603 2.331757 0.956609    -1.931896
2463334.314939 0.588573 0.834576    -0.577787
2463346.856275 -1.154611 0.712543     1.136379
2463359.397611 -2.897795 0.590510     2.186568
2463371.938947 -4.640979 0.468477     1.975744
2463384.480283 -6.384163 0.346444     0.684481
2463397.021619 6.157173 0.224411    -0.952373
2463409.562955 4.413989 0.102378    -2.076696
2463422.104291 2.670805 0.980345    -2.078825
2463434.645628 0.927621 0.858312    -0.900671
2463447.186964 -0.815563 0.736279     0.824853
2463459.728300 -2.558747 0.614245     2.073164
2463472.269636 -4.301931 0.492212     2.117408
2463484.810972 -6.045115 0.370179     0.989963
2463497.352308 6.496221 0.248146    -0.648834
2463509.893644 4.753037 0.126113    -1.932976
2463522.434980 3.009853 0.004080    -2.178811
2463534.976316 1.266669 0.882047    -1.201443
2463547.517652 -0.476515 0.760014     0.494255
2463560.058988 -2.219699 0.637981     1.911607
2463572.600324 -3.962883 0.515948     2.212734
2463585.141660 -5.706067 0.393915     1.275518
2463597.682996 6.835269 0.271882    -0.331300
2463610.224332 5.092085 0.149848    -1.748437
2463622.765668 3.348901 0.027815    -2.230266
2463635.307004 1.605717 0.905782    -1.473308
2463647.848340 -0.137467 0.783749     0.152605
2463660.389676 -1.880651 0.661716     1.705350
2463672.931012 -3.623835 0.539683     2.258963
2463685.472348 -5.367019 0.417650     1.534889
2463698.013684 -7.110203 0.295617    -0.006212
2463710.555020 5.431133 0.173584    -1.527157
2463723.096356 3.687949 0.051551    -2.232686
2463735.637692 1.944765 0.929518    -1.710313
2463748.179028 0.201581 0.807485    -0.191828
2463760.720364 -1.541603 0.685451     1.459049
2463773.261700 -3.284787 0.563418     2.254413
2463785.803036 -5.027971 0.441385     1.762217
2463798.344372 -6.771155 0.319352     0.319807
2463810.885708 5.770181 0.197319    -1.273855
2463823.427044 4.026997 0.075286    -2.186601
2463835.968380 2.283813 0.953253    -1.907472
