# time Tc_folded Tref_folded value value_err offset model full_model val_compare val_compare_err residuals residuals_err jitter jitter_flag offset_flag subset_flag 
2452937.547371 2.951571 1.000000 -2.900000 0.600000 0.819388 -2.165047 -3.449436 -1.615611 0.600000 0.549436 0.600000 2.361190  -1   0  -1 
2453149.838415 0.974815 0.861615 -2.100000 0.600000 0.819388 -0.944025 -2.228913 -0.815112 0.600000 0.128913 0.600000 2.361190  -1   0  -1 
2453149.916798 1.053198 0.867103 -0.000000 0.600000 0.819388 -1.015029 -2.285264 1.270235 0.600000 2.285264 0.600000 2.361190  -1   0  -1 
2453150.817130 1.953530 0.930131 0.100000 0.800000 0.819388 -1.715931 -2.816896 1.200965 0.800000 2.916896 0.800000 2.361190  -1   0  -1 
2453157.855306 -5.292814 0.422845 4.500000 0.700000 0.819388 1.587576 1.862742 4.224834 0.700000 2.637258 0.700000 2.361190  -1   0  -1 
2453288.510985 -3.197815 0.569507 4.900000 1.000000 0.819388 2.244973 1.536270 5.608702 1.000000 3.363730 1.000000 2.361190  -1   0  -1 
2453288.512073 -3.196727 0.569583 3.600000 1.000000 0.819388 2.244833 1.536343 4.308490 1.000000 2.063657 1.000000 2.361190  -1   0  -1 
2453288.513115 -3.195685 0.569656 3.700000 1.000000 0.819388 2.244699 1.536413 4.408287 1.000000 2.163587 1.000000 2.361190  -1   0  -1 
2453288.514168 -3.194632 0.569730 3.600000 1.000000 0.819388 2.244563 1.536482 4.308081 1.000000 2.063518 1.000000 2.361190  -1   0  -1 
2453288.515209 -3.193591 0.569803 4.600000 1.200000 0.819388 2.244428 1.536550 5.307878 1.200000 3.063450 1.200000 2.361190  -1   0  -1 
2453288.516274 -3.192526 0.569877 3.500000 1.100000 0.819388 2.244290 1.536620 4.207670 1.100000 1.963380 1.100000 2.361190  -1   0  -1 
2453288.517350 -3.191450 0.569953 3.000000 1.000000 0.819388 2.244149 1.536689 3.707460 1.000000 1.463311 1.000000 2.361190  -1   0  -1 
2453288.518392 -3.190408 0.570025 3.500000 1.000000 0.819388 2.244013 1.536756 4.207257 1.000000 1.963244 1.000000 2.361190  -1   0  -1 
2453288.519457 -3.189343 0.570100 6.300000 1.000000 0.819388 2.243873 1.536824 7.007049 1.000000 4.763176 1.000000 2.361190  -1   0  -1 
2453288.520522 -3.188278 0.570175 2.000000 1.000000 0.819388 2.243732 1.536891 2.706841 1.000000 0.463109 1.000000 2.361190  -1   0  -1 
2453289.509851 -2.198949 0.639433 -0.200000 1.000000 0.819388 1.900226 1.387492 0.312734 1.000000 -1.587492 1.000000 2.361190  -1   0  -1 
2453289.510916 -2.197884 0.639508 1.000000 1.000000 0.819388 1.899637 1.387113 1.512524 1.000000 -0.387113 1.000000 2.361190  -1   0  -1 
2453289.511969 -2.196831 0.639582 2.400000 0.900000 0.819388 1.899055 1.386738 2.912317 0.900000 1.013262 0.900000 2.361190  -1   0  -1 
2453289.515151 -2.193649 0.639804 -0.600000 1.000000 0.819388 1.897292 1.385603 -0.088311 1.000000 -1.985603 1.000000 2.361190  -1   0  -1 
2453289.516193 -2.192607 0.639877 0.200000 0.900000 0.819388 1.896714 1.385231 0.711483 0.900000 -1.185231 0.900000 2.361190  -1   0  -1 
2453289.517235 -2.191565 0.639950 4.100000 0.900000 0.819388 1.896136 1.384858 4.611278 0.900000 2.715142 0.900000 2.361190  -1   0  -1 
2453289.518276 -2.190524 0.640023 -0.100000 1.000000 0.819388 1.895558 1.384485 0.411073 1.000000 -1.484485 1.000000 2.361190  -1   0  -1 
2453289.519364 -2.189436 0.640099 2.300000 0.900000 0.819388 1.894953 1.384095 2.810858 0.900000 0.915905 0.900000 2.361190  -1   0  -1 
2453289.520383 -2.188417 0.640171 1.300000 0.900000 0.819388 1.894386 1.383729 1.810657 0.900000 -0.083729 0.900000 2.361190  -1   0  -1 
2453289.521459 -2.187341 0.640246 2.600000 0.900000 0.819388 1.893787 1.383342 3.110445 0.900000 1.216658 0.900000 2.361190  -1   0  -1 
2453289.535926 -2.172874 0.641259 -1.600000 1.100000 0.819388 1.885688 1.378098 -1.092409 1.100000 -2.978098 1.100000 2.361190  -1   0  -1 
2453289.536990 -2.171810 0.641333 -0.300000 1.000000 0.819388 1.885090 1.377709 0.207381 1.000000 -1.677709 1.000000 2.361190  -1   0  -1 
2453289.538078 -2.170722 0.641409 3.100000 1.000000 0.819388 1.884477 1.377311 3.607166 1.000000 1.722689 1.000000 2.361190  -1   0  -1 
2453289.539120 -2.169680 0.641482 0.600000 1.000000 0.819388 1.883890 1.376929 1.106961 1.000000 -0.776929 1.000000 2.361190  -1   0  -1 
2453289.540138 -2.168662 0.641554 -1.600000 0.900000 0.819388 1.883316 1.376556 -1.093240 0.900000 -2.976556 0.900000 2.361190  -1   0  -1 
2453289.541238 -2.167562 0.641631 0.800000 1.100000 0.819388 1.882695 1.376152 1.306543 1.100000 -0.576152 1.100000 2.361190  -1   0  -1 
2453289.542256 -2.166544 0.641702 0.800000 1.000000 0.819388 1.882120 1.375778 1.306342 1.000000 -0.575778 1.000000 2.361190  -1   0  -1 
2453289.543321 -2.165479 0.641777 0.600000 1.000000 0.819388 1.881518 1.375386 1.106132 1.000000 -0.775386 1.000000 2.361190  -1   0  -1 
2453289.544351 -2.164449 0.641849 -0.800000 1.000000 0.819388 1.880935 1.375007 -0.294071 1.000000 -2.175007 1.000000 2.361190  -1   0  -1 
2453289.545404 -2.163396 0.641922 0.000000 1.000000 0.819388 1.880339 1.374618 0.505721 1.000000 -1.374618 1.000000 2.361190  -1   0  -1 
2453289.550820 -2.157980 0.642301 0.900000 1.000000 0.819388 1.877267 1.372615 1.404652 1.000000 -0.472615 1.000000 2.361190  -1   0  -1 
2453289.551862 -2.156938 0.642374 -0.000000 0.900000 0.819388 1.876675 1.372228 0.504447 0.900000 -1.372228 0.900000 2.361190  -1   0  -1 
2453289.552915 -2.155885 0.642448 0.800000 0.900000 0.819388 1.876076 1.371837 1.304239 0.900000 -0.571837 0.900000 2.361190  -1   0  -1 
2453290.516529 -1.192271 0.709907 2.000000 1.300000 0.819388 1.169472 0.856399 2.313072 1.300000 1.143601 1.300000 2.361190  -1   0  -1 
2453290.517582 -1.191218 0.709980 -0.000000 1.300000 0.819388 1.168551 0.855689 0.312862 1.300000 -0.855689 1.300000 2.361190  -1   0  -1 
2453290.518612 -1.190188 0.710053 2.400000 1.300000 0.819388 1.167650 0.854993 2.712657 1.300000 1.545007 1.300000 2.361190  -1   0  -1 
2453290.519665 -1.189135 0.710126 -3.000000 1.300000 0.819388 1.166729 0.854282 -2.687553 1.300000 -3.854282 1.300000 2.361190  -1   0  -1 
2453290.520730 -1.188070 0.710201 3.100000 1.500000 0.819388 1.165797 0.853563 3.412234 1.500000 2.246437 1.500000 2.361190  -1   0  -1 
2453290.521737 -1.187063 0.710271 0.700000 1.500000 0.819388 1.164915 0.852882 1.012033 1.500000 -0.152882 1.500000 2.361190  -1   0  -1 
2453290.522824 -1.185976 0.710347 -1.700000 1.700000 0.819388 1.163963 0.852147 -1.388183 1.700000 -2.552147 1.700000 2.361190  -1   0  -1 
2453290.523878 -1.184922 0.710421 1.700000 1.700000 0.819388 1.163040 0.851434 2.011606 1.700000 0.848566 1.700000 2.361190  -1   0  -1 
2453290.524942 -1.183858 0.710496 0.300000 1.500000 0.819388 1.162108 0.850714 0.611394 1.500000 -0.550714 1.500000 2.361190  -1   0  -1 
2453290.525972 -1.182828 0.710568 -3.000000 1.600000 0.819388 1.161205 0.850017 -2.688811 1.600000 -3.850017 1.600000 2.361190  -1   0  -1 
2453293.491230 1.782430 0.918153 0.300000 1.400000 0.819388 -1.601525 -1.310995 0.009471 1.400000 1.610995 1.400000 2.361190  -1   0  -1 
2453293.492283 1.783483 0.918227 1.500000 1.400000 0.819388 -1.602259 -1.311513 1.209254 1.400000 2.811513 1.400000 2.361190  -1   0  -1 
2453293.493371 1.784571 0.918303 0.800000 1.200000 0.819388 -1.603017 -1.312046 0.509030 1.200000 2.112046 1.200000 2.361190  -1   0  -1 
2453293.494459 1.785659 0.918379 -3.100000 1.200000 0.819388 -1.603775 -1.312580 -3.391194 1.200000 -1.787420 1.200000 2.361190  -1   0  -1 
2453293.495489 1.786689 0.918451 0.900000 1.400000 0.819388 -1.604491 -1.313085 0.608593 1.400000 2.213085 1.400000 2.361190  -1   0  -1 
2453293.496507 1.787707 0.918523 -0.800000 1.200000 0.819388 -1.605200 -1.313583 -1.091616 1.200000 0.513583 1.200000 2.361190  -1   0  -1 
2453293.497630 1.788830 0.918601 -2.900000 1.200000 0.819388 -1.605981 -1.314133 -3.191848 1.200000 -1.585867 1.200000 2.361190  -1   0  -1 
2453293.498671 1.789871 0.918674 -0.400000 1.200000 0.819388 -1.606704 -1.314642 -0.692062 1.200000 0.914642 1.200000 2.361190  -1   0  -1 
2453294.486901 2.778101 0.987856 -0.900000 0.900000 0.819388 -2.115641 -1.619464 -1.396178 0.900000 0.719464 0.900000 2.361190  -1   0  -1 
2453294.488846 2.780046 0.987992 -3.600000 0.800000 0.819388 -2.116265 -1.619685 -4.096580 0.800000 -1.980315 0.800000 2.361190  -1   0  -1 
2453294.490721 2.781921 0.988123 0.100000 0.800000 0.819388 -2.116864 -1.619896 -0.396968 0.800000 1.719896 0.800000 2.361190  -1   0  -1 
2453294.492758 2.783958 0.988266 -2.600000 0.800000 0.819388 -2.117514 -1.620125 -3.097389 0.800000 -0.979875 0.800000 2.361190  -1   0  -1 
2453294.494702 2.785902 0.988402 -1.800000 0.800000 0.819388 -2.118132 -1.620341 -2.297791 0.800000 -0.179659 0.800000 2.361190  -1   0  -1 
2453295.508972 3.800172 0.059407 -1.000000 0.800000 0.819388 -2.222748 -1.515547 -1.707201 0.800000 0.515547 0.800000 2.361190  -1   0  -1 
2453295.510014 3.801214 0.059480 -4.300000 0.800000 0.819388 -2.222631 -1.515215 -5.007415 0.800000 -2.784785 0.800000 2.361190  -1   0  -1 
2453295.511090 3.802290 0.059555 -6.900000 0.900000 0.819388 -2.222509 -1.514873 -7.607636 0.900000 -5.385127 0.900000 2.361190  -1   0  -1 
2453295.512132 3.803332 0.059628 -1.300000 0.800000 0.819388 -2.222391 -1.514541 -2.007851 0.800000 0.214541 0.800000 2.361190  -1   0  -1 
2453295.513196 3.804396 0.059703 -2.900000 0.900000 0.819388 -2.222270 -1.514201 -3.608069 0.900000 -1.385799 0.900000 2.361190  -1   0  -1 
2453295.514250 3.805450 0.059776 -4.400000 0.900000 0.819388 -2.222150 -1.513864 -5.108286 0.900000 -2.886136 0.900000 2.361190  -1   0  -1 
2453295.515291 3.806491 0.059849 -5.500000 0.900000 0.819388 -2.222031 -1.513531 -6.208500 0.900000 -3.986469 0.900000 2.361190  -1   0  -1 
2453295.516344 3.807544 0.059923 -4.600000 0.900000 0.819388 -2.221909 -1.513193 -5.308716 0.900000 -3.086807 0.900000 2.361190  -1   0  -1 
2453295.517409 3.808609 0.059998 -0.300000 0.900000 0.819388 -2.221786 -1.512851 -1.008935 0.900000 1.212851 0.900000 2.361190  -1   0  -1 
2453295.518439 3.809639 0.060070 -3.300000 0.900000 0.819388 -2.221667 -1.512520 -4.009147 0.900000 -1.787480 0.900000 2.361190  -1   0  -1 
2453297.507029 5.798229 0.199283 0.200000 1.100000 0.819388 -1.251627 -0.146473 -0.905154 1.100000 0.346473 1.100000 2.361190  -1   0  -1 
2453297.508082 5.799282 0.199356 3.300000 1.100000 0.819388 -1.250789 -0.145437 2.194648 1.100000 3.445437 1.100000 2.361190  -1   0  -1 
2453297.509135 5.800335 0.199430 1.500000 1.000000 0.819388 -1.249950 -0.144401 0.394450 1.000000 1.644401 1.000000 2.361190  -1   0  -1 
2453297.510212 5.801412 0.199506 0.500000 1.000000 0.819388 -1.249093 -0.143341 -0.605752 1.000000 0.643341 1.000000 2.361190  -1   0  -1 
2453297.511253 5.802453 0.199578 0.500000 1.000000 0.819388 -1.248263 -0.142316 -0.605948 1.000000 0.642316 1.000000 2.361190  -1   0  -1 
2453297.512330 5.803530 0.199654 1.400000 1.000000 0.819388 -1.247405 -0.141255 0.293850 1.000000 1.541255 1.000000 2.361190  -1   0  -1 
2453297.513371 5.804571 0.199727 0.300000 0.900000 0.819388 -1.246575 -0.140230 -0.806346 0.900000 0.440230 0.900000 2.361190  -1   0  -1 
2453297.514413 5.805613 0.199800 0.900000 0.900000 0.819388 -1.245745 -0.139203 -0.206541 0.900000 1.039203 0.900000 2.361190  -1   0  -1 
2453297.515478 5.806678 0.199874 2.700000 1.000000 0.819388 -1.244895 -0.138154 1.593259 1.000000 2.838154 1.000000 2.361190  -1   0  -1 
2453297.516554 5.807754 0.199949 -0.200000 1.000000 0.819388 -1.244037 -0.137093 -1.306944 1.000000 -0.062907 1.000000 2.361190  -1   0  -1 
2453297.634786 5.925986 0.208226 0.600000 1.500000 0.819388 -1.148147 -0.019124 -0.529023 1.500000 0.619124 1.500000 2.361190  -1   0  -1 
2453297.635828 5.927028 0.208299 -1.600000 1.300000 0.819388 -1.147288 -0.018072 -2.729216 1.300000 -1.581928 1.300000 2.361190  -1   0  -1 
2453297.636893 5.928093 0.208374 0.300000 1.400000 0.819388 -1.146410 -0.016996 -0.829414 1.400000 0.316996 1.400000 2.361190  -1   0  -1 
2453297.637946 5.929146 0.208448 3.100000 1.500000 0.819388 -1.145542 -0.015933 1.970391 1.500000 3.115933 1.500000 2.361190  -1   0  -1 
2453297.639011 5.930211 0.208522 3.300000 1.300000 0.819388 -1.144664 -0.014857 2.170193 1.300000 3.314857 1.300000 2.361190  -1   0  -1 
2453297.640075 5.931275 0.208597 -0.300000 1.400000 0.819388 -1.143787 -0.013782 -1.430004 1.400000 -0.286218 1.400000 2.361190  -1   0  -1 
2453297.641106 5.932306 0.208669 0.300000 1.600000 0.819388 -1.142936 -0.012740 -0.830196 1.600000 0.312740 1.600000 2.361190  -1   0  -1 
2453297.642228 5.933428 0.208747 0.700000 1.400000 0.819388 -1.142010 -0.011606 -0.430404 1.400000 0.711606 1.400000 2.361190  -1   0  -1 
2453297.643304 5.934504 0.208823 2.800000 1.400000 0.819388 -1.141122 -0.010518 1.669397 1.400000 2.810518 1.400000 2.361190  -1   0  -1 
2453297.644346 5.935546 0.208896 3.800000 1.600000 0.819388 -1.140261 -0.009465 2.669203 1.600000 3.809465 1.600000 2.361190  -1   0  -1 
2453298.514691 6.805891 0.269825 3.300000 1.100000 0.819388 -0.359207 0.924065 2.016728 1.100000 2.375935 1.100000 2.361190  -1   0  -1 
2453298.515803 6.807003 0.269903 9.000000 1.300000 0.819388 -0.358151 0.925301 7.716547 1.300000 8.074699 1.300000 2.361190  -1   0  -1 
2453298.516821 6.808021 0.269974 0.700000 1.000000 0.819388 -0.357185 0.926433 -0.583618 1.000000 -0.226433 1.000000 2.361190  -1   0  -1 
2453298.517863 6.809063 0.270047 0.700000 1.100000 0.819388 -0.356196 0.927591 -0.583788 1.100000 -0.227591 1.100000 2.361190  -1   0  -1 
2453298.518939 6.810139 0.270122 -0.700000 1.000000 0.819388 -0.355175 0.928788 -1.983963 1.000000 -1.628788 1.000000 2.361190  -1   0  -1 
2453298.520004 6.811204 0.270197 -1.000000 0.900000 0.819388 -0.354164 0.929972 -2.284136 0.900000 -1.929972 0.900000 2.361190  -1   0  -1 
2453298.521045 6.812245 0.270270 0.900000 0.900000 0.819388 -0.353176 0.931129 -0.384305 0.900000 -0.031129 0.900000 2.361190  -1   0  -1 
2453298.522122 6.813322 0.270345 0.100000 1.000000 0.819388 -0.352153 0.932327 -1.184480 1.000000 -0.832327 1.000000 2.361190  -1   0  -1 
2453298.523186 6.814386 0.270420 0.900000 0.900000 0.819388 -0.351143 0.933510 -0.384653 0.900000 -0.033510 0.900000 2.361190  -1   0  -1 
2453298.524239 6.815439 0.270493 -0.300000 0.900000 0.819388 -0.350143 0.934681 -1.584824 0.900000 -1.234681 0.900000 2.361190  -1   0  -1 
2453298.614916 6.906116 0.276841 2.400000 1.000000 0.819388 -0.263776 1.035635 1.100589 1.000000 1.364365 1.000000 2.361190  -1   0  -1 
2453298.615946 6.907146 0.276913 -4.300000 1.100000 0.819388 -0.262792 1.036783 -5.599575 1.100000 -5.336783 1.100000 2.361190  -1   0  -1 
2453298.617046 6.908246 0.276990 -0.800000 1.100000 0.819388 -0.261741 1.038009 -2.099750 1.100000 -1.838009 1.100000 2.361190  -1   0  -1 
2453298.618099 6.909299 0.277064 1.700000 1.200000 0.819388 -0.260735 1.039182 0.400082 1.200000 0.660818 1.200000 2.361190  -1   0  -1 
2453298.619152 6.910352 0.277138 2.500000 1.200000 0.819388 -0.259729 1.040356 1.199915 1.200000 1.459644 1.200000 2.361190  -1   0  -1 
2453298.620217 6.911417 0.277212 -1.000000 1.600000 0.819388 -0.258712 1.041543 -2.300255 1.600000 -2.041543 1.600000 2.361190  -1   0  -1 
2453298.621328 6.912528 0.277290 1.400000 1.400000 0.819388 -0.257650 1.042781 0.099569 1.400000 0.357219 1.400000 2.361190  -1   0  -1 
2453298.622300 6.913500 0.277358 2.900000 1.400000 0.819388 -0.256721 1.043864 1.599414 1.400000 1.856136 1.400000 2.361190  -1   0  -1 
2453298.623411 6.914611 0.277436 -0.200000 1.500000 0.819388 -0.255660 1.045103 -1.500762 1.500000 -1.245103 1.500000 2.361190  -1   0  -1 
2453298.624441 6.915641 0.277508 -3.000000 1.500000 0.819388 -0.254676 1.046251 -4.300926 1.500000 -4.046251 1.500000 2.361190  -1   0  -1 
2453308.509601 2.516281 0.969527 -5.500000 0.600000 0.819388 -2.017546 -4.508216 -3.009330 0.600000 -0.991784 0.600000 2.361190  -1   0  -1 
2453308.511684 2.518364 0.969673 -5.700000 0.600000 0.819388 -2.018437 -4.509589 -3.208847 0.600000 -1.190411 0.600000 2.361190  -1   0  -1 
2453308.513744 2.520424 0.969817 -5.700000 0.700000 0.819388 -2.019315 -4.510945 -3.208370 0.700000 -1.189055 0.700000 2.361190  -1   0  -1 
2453308.515908 2.522588 0.969969 -7.900000 0.700000 0.819388 -2.020236 -4.512366 -5.407870 0.700000 -3.387634 0.700000 2.361190  -1   0  -1 
2453308.517922 2.524602 0.970110 -4.200000 0.700000 0.819388 -2.021092 -4.513687 -1.707405 0.700000 0.313687 0.700000 2.361190  -1   0  -1 
2453309.515681 3.522361 0.039959 -7.100000 0.500000 0.819388 -2.237621 -4.876388 -4.461233 0.500000 -2.223612 0.500000 2.361190  -1   0  -1 
2453309.518111 3.524791 0.040129 -7.800000 0.500000 0.819388 -2.237633 -4.876576 -5.161056 0.500000 -2.923424 0.500000 2.361190  -1   0  -1 
2453309.520530 3.527210 0.040298 -9.700000 0.600000 0.819388 -2.237642 -4.876761 -7.060881 0.600000 -4.823239 0.600000 2.361190  -1   0  -1 
2453309.522995 3.529675 0.040471 -8.600000 0.500000 0.819388 -2.237649 -4.876946 -5.960703 0.500000 -3.723054 0.500000 2.361190  -1   0  -1 
2453311.532241 5.538921 0.181130 -9.500000 0.400000 0.819388 -1.449859 -4.041531 -6.908328 0.400000 -5.458469 0.400000 2.361190  -1   0  -1 
2453311.534857 5.541537 0.181313 -6.400000 0.400000 0.819388 -1.447944 -4.039372 -3.808572 0.400000 -2.360628 0.400000 2.361190  -1   0  -1 
2453311.537553 5.544233 0.181501 -7.100000 0.400000 0.819388 -1.445969 -4.037144 -4.508825 0.400000 -3.062856 0.400000 2.361190  -1   0  -1 
2453311.540238 5.546918 0.181689 -8.300000 0.400000 0.819388 -1.444000 -4.034924 -5.709076 0.400000 -4.265076 0.400000 2.361190  -1   0  -1 
2453311.542865 5.549545 0.181873 -6.200000 0.400000 0.819388 -1.442071 -4.032748 -3.609323 0.400000 -2.167252 0.400000 2.361190  -1   0  -1 
2453312.560845 6.567525 0.253138 -3.100000 0.600000 0.819388 -0.583004 -3.056753 -0.626251 0.600000 -0.043247 0.600000 2.361190  -1   0  -1 
2453312.564282 6.570962 0.253379 -5.500000 0.500000 0.819388 -0.579817 -3.053109 -3.026707 0.500000 -2.446891 0.500000 2.361190  -1   0  -1 
2453312.567684 6.574364 0.253617 -4.800000 0.500000 0.819388 -0.576660 -3.049501 -2.327159 0.500000 -1.750499 0.500000 2.361190  -1   0  -1 
2453314.539667 -5.738173 0.391667 -0.700000 0.600000 0.819388 1.249505 -0.919743 1.469248 0.600000 0.219743 0.600000 2.361190  -1   0  -1 
2453314.541889 -5.735951 0.391823 2.000000 0.600000 0.819388 1.251313 -0.917559 4.168872 0.600000 2.917559 0.600000 2.361190  -1   0  -1 
2453314.544088 -5.733752 0.391977 -2.400000 0.600000 0.819388 1.253101 -0.915399 -0.231500 0.600000 -1.484601 0.600000 2.361190  -1   0  -1 
2453314.546310 -5.731530 0.392132 -0.400000 0.700000 0.819388 1.254906 -0.913217 1.768124 0.700000 0.513217 0.700000 2.361190  -1   0  -1 
2453314.548463 -5.729377 0.392283 -2.000000 0.700000 0.819388 1.256655 -0.911104 0.167759 0.700000 -1.088896 0.700000 2.361190  -1   0  -1 
2453321.600305 1.322465 0.885953 -4.000000 0.500000 0.819388 -1.248341 -2.103421 -3.144919 0.500000 -1.896579 0.500000 2.361190  -1   0  -1 
2453321.602944 1.325104 0.886138 -3.800000 0.500000 0.819388 -1.250539 -2.105106 -2.945432 0.500000 -1.694894 0.500000 2.361190  -1   0  -1 
2453321.605583 1.327743 0.886323 -5.400000 0.500000 0.819388 -1.252735 -2.106790 -4.545945 0.500000 -3.293210 0.500000 2.361190  -1   0  -1 
2453321.608326 1.330486 0.886515 -3.700000 0.600000 0.819388 -1.255016 -2.108538 -2.846478 0.600000 -1.591462 0.600000 2.361190  -1   0  -1 
2453340.510028 5.947668 0.209744 -5.000000 0.400000 0.819388 -1.130235 -2.992655 -3.137580 0.400000 -2.007345 0.400000 2.361190  -1   0  -1 
2453340.513489 5.951129 0.209987 -4.800000 0.400000 0.819388 -1.127367 -2.991900 -2.935468 0.400000 -1.808100 0.400000 2.361190  -1   0  -1 
2453340.517007 5.954647 0.210233 -5.000000 0.400000 0.819388 -1.124449 -2.991126 -3.133324 0.400000 -2.008874 0.400000 2.361190  -1   0  -1 
2453342.505663 -6.341217 0.349450 -4.200000 0.400000 0.819388 0.724054 -1.880716 -1.595230 0.400000 -2.319284 0.400000 2.361190  -1   0  -1 
2453342.509170 -6.337710 0.349696 -2.300000 0.500000 0.819388 0.727276 -1.878071 0.305347 0.500000 -0.421929 0.500000 2.361190  -1   0  -1 
2453342.512758 -6.334122 0.349947 -1.500000 0.500000 0.819388 0.730570 -1.875366 1.105936 0.500000 0.375366 0.500000 2.361190  -1   0  -1 
2453484.884129 -6.807951 0.316776 -2.400000 0.400000 0.819388 0.284584 -1.621506 -0.493910 0.400000 -0.778494 0.400000 2.361190  -1   0  -1 
2453484.887683 -6.804397 0.317025 -2.700000 0.400000 0.819388 0.287989 -1.617443 -0.794568 0.400000 -1.082557 0.400000 2.361190  -1   0  -1 
2453484.891132 -6.800948 0.317267 -1.300000 0.400000 0.819388 0.291293 -1.613502 0.604794 0.400000 0.313502 0.400000 2.361190  -1   0  -1 
2453491.890208 0.198128 0.807243 -3.400000 0.400000 0.819388 -0.188334 -0.743359 -2.844974 0.400000 -2.656641 0.400000 2.361190  -1   0  -1 
2453491.893668 0.201588 0.807485 -3.300000 0.400000 0.819388 -0.191835 -0.746170 -2.745665 0.400000 -2.553830 0.400000 2.361190  -1   0  -1 
2453491.897210 0.205130 0.807733 -3.000000 0.500000 0.819388 -0.195418 -0.749046 -2.446373 0.500000 -2.250954 0.500000 2.361190  -1   0  -1 
2453511.905148 5.928548 0.208406 -2.300000 0.500000 0.819388 -1.146035 -3.959644 0.513608 0.500000 1.659644 0.500000 2.361190  -1   0  -1 
2453511.907717 5.931117 0.208586 -4.500000 0.500000 0.819388 -1.143917 -3.957521 -1.686396 0.500000 -0.542479 0.500000 2.361190  -1   0  -1 
2453511.910403 5.933803 0.208774 -5.000000 0.600000 0.819388 -1.141701 -3.955300 -2.186401 0.600000 -1.044700 0.600000 2.361190  -1   0  -1 
2453511.913042 5.936442 0.208958 -3.300000 0.500000 0.819388 -1.139521 -3.953115 -0.486406 0.500000 0.653115 0.500000 2.361190  -1   0  -1 
2453512.835981 6.859381 0.273570 -3.900000 0.700000 0.819388 -0.308353 -3.085359 -1.122994 0.700000 -0.814641 0.700000 2.361190  -1   0  -1 
2453512.839488 6.862888 0.273815 -2.900000 0.600000 0.819388 -0.305012 -3.081766 -0.123246 0.600000 0.181766 0.600000 2.361190  -1   0  -1 
2453512.843007 6.866407 0.274061 -4.100000 0.600000 0.819388 -0.301660 -3.078159 -1.323501 0.600000 -1.021841 0.600000 2.361190  -1   0  -1 
2453515.858256 -4.402864 0.485146 -1.000000 0.600000 0.819388 2.079928 -0.304215 1.384143 0.600000 -0.695785 0.600000 2.361190  -1   0  -1 
2453515.863580 -4.397540 0.485519 -1.500000 0.500000 0.819388 2.082007 -0.301255 0.883262 0.500000 -1.198745 0.500000 2.361190  -1   0  -1 
2453520.869093 0.607973 0.835934 -3.700000 0.300000 0.819388 -0.596731 -2.065576 -2.231155 0.300000 -1.634424 0.300000 2.361190  -1   0  -1 
2453542.739620 -6.090540 0.366999 1.900000 0.700000 0.819388 0.950051 -1.308357 4.158407 0.700000 3.208357 0.700000 2.361190  -1   0  -1 
2453542.742850 -6.087310 0.367225 3.800000 1.500000 0.819388 0.952900 -1.307058 6.059959 1.500000 5.107058 1.500000 2.361190  -1   0  -1 
2453543.789930 -5.040230 0.440527 2.000000 0.400000 0.819388 1.754618 -0.878437 4.633055 0.400000 2.878437 0.400000 2.361190  -1   0  -1 
2453543.794953 -5.035207 0.440879 2.700000 0.400000 0.819388 1.757737 -0.876535 5.334272 0.400000 3.576535 0.400000 2.361190  -1   0  -1 
2453544.816592 -4.013568 0.512399 4.500000 0.400000 0.819388 2.201549 -0.589798 7.291347 0.400000 5.089798 0.400000 2.361190  -1   0  -1 
2453544.822032 -4.008128 0.512780 3.600000 0.400000 0.819388 2.202802 -0.588961 6.391763 0.400000 4.188961 0.400000 2.361190  -1   0  -1 
2453545.842524 -2.987636 0.584221 11.600000 3.700000 0.819388 2.208240 -0.603204 14.411444 3.700000 12.203204 3.700000 2.361190  -1   0  -1 
2453546.861360 -1.968800 0.655545 6.600000 0.400000 0.819388 1.763035 -0.982824 9.345859 0.400000 7.582824 0.400000 2.361190  -1   0  -1 
2453546.866534 -1.963626 0.655907 7.100000 0.400000 0.819388 1.759726 -0.985646 9.845372 0.400000 8.085646 0.400000 2.361190  -1   0  -1 
2453547.771038 -1.059122 0.719228 2.400000 0.400000 0.819388 1.051018 -1.591748 5.042766 0.400000 3.991748 0.400000 2.361190  -1   0  -1 
2453547.776200 -1.053960 0.719589 2.400000 0.400000 0.819388 1.046347 -1.595748 5.042095 0.400000 3.995748 0.400000 2.361190  -1   0  -1 
2453549.847373 1.017213 0.864584 2.100000 2.900000 0.819388 -0.982590 -3.306743 4.424153 2.900000 5.406743 2.900000 2.361190  -1   0  -1 
2453550.760428 1.930268 0.928503 0.500000 0.300000 0.819388 -1.700962 -3.865744 2.664781 0.300000 4.365744 0.300000 2.361190  -1   0  -1 
2453550.765520 1.935360 0.928859 0.400000 0.300000 0.819388 -1.704255 -3.868128 2.563873 0.300000 4.268128 0.300000 2.361190  -1   0  -1 
2453551.768482 2.938322 0.999072 -0.900000 0.500000 0.819388 -2.161719 -4.143665 1.081946 0.500000 3.243665 0.500000 2.361190  -1   0  -1 
2453551.773563 2.943403 0.999428 0.700000 0.600000 0.819388 -2.163004 -4.144015 2.681011 0.600000 4.844015 0.600000 2.361190  -1   0  -1 
2453573.752332 -3.646868 0.538071 -0.900000 0.200000 0.819388 2.257417 1.952769 -0.595352 0.200000 -2.852769 0.200000 2.361190  -1   0  -1 
2453671.583392 -5.807448 0.386817 4.600000 0.400000 0.819388 1.192599 2.532705 3.259894 0.400000 2.067295 0.400000 2.361190  -1   0  -1 
2453671.586875 -5.803965 0.387061 4.200000 0.500000 0.819388 1.195485 2.535061 2.860424 0.500000 1.664939 0.500000 2.361190  -1   0  -1 
2453671.590324 -5.800516 0.387303 4.100000 0.500000 0.819388 1.198340 2.537389 2.760951 0.500000 1.562611 0.500000 2.361190  -1   0  -1 
2453810.907634 4.956114 0.140330 -6.200000 0.400000 0.819388 -1.827101 -3.267999 -4.759102 0.400000 -2.932001 0.400000 2.361190  -1   0  -1 
2453810.911488 4.959968 0.140599 -6.000000 0.300000 0.819388 -1.824956 -3.268459 -4.556496 0.300000 -2.731541 0.300000 2.361190  -1   0  -1 
2453810.915331 4.963811 0.140869 -4.600000 0.300000 0.819388 -1.822811 -3.268910 -3.153901 0.300000 -1.331090 0.300000 2.361190  -1   0  -1 
2453815.909918 -4.326122 0.490519 -3.300000 0.300000 0.819388 2.108796 -0.256048 -0.935155 0.300000 -3.043952 0.300000 2.361190  -1   0  -1 
2453815.914965 -4.321075 0.490872 -4.400000 0.300000 0.819388 2.110612 -0.253719 -2.035669 0.300000 -4.146281 0.300000 2.361190  -1   0  -1 
2453816.914372 -3.321668 0.560837 -2.500000 0.300000 0.819388 2.257395 0.014727 -0.257332 0.300000 -2.514727 0.300000 2.361190  -1   0  -1 
2453816.919638 -3.316402 0.561205 -3.400000 0.400000 0.819388 2.257006 0.015069 -1.158063 0.400000 -3.415069 0.400000 2.361190  -1   0  -1 
2453862.858999 -0.230601 0.777229 -2.600000 0.500000 0.819388 0.247083 0.471456 -2.824373 0.500000 -3.071456 0.500000 2.361190  -1   0  -1 
2453862.862564 -0.227036 0.777479 -3.100000 0.400000 0.819388 0.243473 0.468585 -3.325112 0.400000 -3.568585 0.400000 2.361190  -1   0  -1 
2453862.866256 -0.223344 0.777737 -2.200000 0.400000 0.819388 0.239733 0.465610 -2.425877 0.400000 -2.665610 0.400000 2.361190  -1   0  -1 
2453870.847549 -6.526571 0.336475 -0.700000 0.400000 0.819388 0.551792 2.375902 -2.524111 0.400000 -3.075902 0.400000 2.361190  -1   0  -1 
2453870.853070 -6.521050 0.336861 -0.500000 0.400000 0.819388 0.556974 2.381825 -2.324851 0.400000 -2.881825 0.400000 2.361190  -1   0  -1 
2453882.860433 5.486313 0.177447 -3.600000 0.400000 0.819388 -1.487981 -3.599133 -1.488848 0.400000 -0.000867 0.400000 2.361190  -1   0  -1 
2453882.863003 5.488883 0.177627 -3.800000 0.400000 0.819388 -1.486136 -3.597060 -1.689076 0.400000 -0.202940 0.400000 2.361190  -1   0  -1 
2453882.865792 5.491672 0.177822 -3.300000 0.400000 0.819388 -1.484131 -3.594808 -1.189324 0.400000 0.294808 0.400000 2.361190  -1   0  -1 
2453882.868420 5.494300 0.178006 -2.400000 0.500000 0.819388 -1.482241 -3.592683 -0.289558 0.500000 1.192683 0.500000 2.361190  -1   0  -1 
2453883.847121 6.473001 0.246521 -2.200000 0.400000 0.819388 -0.670141 -2.671250 -0.198890 0.400000 0.471250 0.400000 2.361190  -1   0  -1 
2453883.851033 6.476913 0.246795 -2.000000 0.400000 0.819388 -0.666556 -2.667153 0.000597 0.400000 0.667153 0.400000 2.361190  -1   0  -1 
2453883.854887 6.480767 0.247064 -1.900000 0.400000 0.819388 -0.663022 -2.663114 0.100092 0.400000 0.763114 0.400000 2.361190  -1   0  -1 
2453886.875724 -4.782916 0.458541 -0.900000 0.400000 0.819388 1.903539 0.396625 0.606914 0.400000 -1.296625 0.400000 2.361190  -1   0  -1 
2453886.879069 -4.779571 0.458775 -2.100000 0.500000 0.819388 1.905324 0.399022 -0.593697 0.500000 -2.499022 0.500000 2.361190  -1   0  -1 
2453886.882321 -4.776319 0.459002 -0.000000 0.400000 0.819388 1.907056 0.401348 1.505708 0.400000 -0.401348 0.400000 2.361190  -1   0  -1 
2453917.821767 -2.405913 0.624945 -1.500000 1.100000 0.819388 2.006121 0.245477 0.260644 1.100000 -1.745477 1.100000 2.361190  -1   0  -1 
2453917.822831 -2.404849 0.625019 2.100000 1.200000 0.819388 2.005621 0.245129 3.860492 1.200000 1.854871 1.200000 2.361190  -1   0  -1 
2453917.824000 -2.403680 0.625101 -0.200000 1.200000 0.819388 2.005070 0.244746 1.560325 1.200000 -0.444746 1.200000 2.361190  -1   0  -1 
2453917.825100 -2.402580 0.625178 -2.400000 1.300000 0.819388 2.004552 0.244384 -0.639833 1.300000 -2.644384 1.300000 2.361190  -1   0  -1 
2453917.826165 -2.401515 0.625253 -1.600000 1.300000 0.819388 2.004049 0.244034 0.160015 1.300000 -1.844034 1.300000 2.361190  -1   0  -1 
2453917.827253 -2.400427 0.625329 2.600000 1.300000 0.819388 2.003536 0.243676 4.359860 1.300000 2.356324 1.300000 2.361190  -1   0  -1 
2453917.828341 -2.399339 0.625405 1.100000 1.200000 0.819388 2.003022 0.243318 2.859704 1.200000 0.856682 1.200000 2.361190  -1   0  -1 
2453917.829452 -2.398228 0.625483 -0.500000 1.300000 0.819388 2.002496 0.242951 1.259545 1.300000 -0.742951 1.300000 2.361190  -1   0  -1 
2453917.830517 -2.397163 0.625557 1.300000 1.400000 0.819388 2.001992 0.242599 3.059392 1.400000 1.057401 1.400000 2.361190  -1   0  -1 
2453917.831663 -2.396017 0.625637 1.900000 1.400000 0.819388 2.001449 0.242220 3.659228 1.400000 1.657780 1.400000 2.361190  -1   0  -1 
2453919.820486 -0.407194 0.764867 -4.100000 1.200000 0.819388 0.425033 -1.009088 -2.665879 1.200000 -3.090912 1.200000 2.361190  -1   0  -1 
2453919.821562 -0.406118 0.764942 -4.800000 1.200000 0.819388 0.423955 -1.009974 -3.366071 1.200000 -3.790026 1.200000 2.361190  -1   0  -1 
2453919.822662 -0.405018 0.765019 -0.100000 1.500000 0.819388 0.422854 -1.010880 1.333733 1.500000 0.910880 1.500000 2.361190  -1   0  -1 
2453919.823761 -0.403919 0.765096 -5.200000 1.500000 0.819388 0.421753 -1.011785 -3.766462 1.500000 -4.188215 1.500000 2.361190  -1   0  -1 
2453919.824884 -0.402796 0.765175 -5.600000 1.500000 0.819388 0.420627 -1.012710 -4.166662 1.500000 -4.587290 1.500000 2.361190  -1   0  -1 
2453919.825949 -0.401731 0.765249 -0.700000 1.300000 0.819388 0.419560 -1.013588 0.733148 1.300000 0.313588 1.300000 2.361190  -1   0  -1 
2453919.827060 -0.400620 0.765327 -1.200000 1.400000 0.819388 0.418447 -1.014503 0.232950 1.400000 -0.185497 1.400000 2.361190  -1   0  -1 
2453919.828171 -0.399509 0.765405 -6.300000 1.400000 0.819388 0.417334 -1.015418 -4.867248 1.400000 -5.284582 1.400000 2.361190  -1   0  -1 
2453919.829259 -0.398421 0.765481 -2.900000 1.200000 0.819388 0.416243 -1.016315 -1.467442 1.200000 -1.883685 1.200000 2.361190  -1   0  -1 
2453919.830335 -0.397345 0.765556 -1.700000 1.200000 0.819388 0.415165 -1.017202 -0.267634 1.200000 -0.682798 1.200000 2.361190  -1   0  -1 
2453921.830717 1.603037 0.905595 -3.100000 1.600000 0.819388 -1.471288 -2.531944 -2.039345 1.600000 -0.568056 1.600000 2.361190  -1   0  -1 
2453921.831828 1.604148 0.905672 -3.700000 1.600000 0.819388 -1.472126 -2.532568 -2.639557 1.600000 -1.167432 1.600000 2.361190  -1   0  -1 
2453921.832892 1.605212 0.905747 -1.900000 1.500000 0.819388 -1.472927 -2.533166 -0.839761 1.500000 0.633166 1.500000 2.361190  -1   0  -1 
2453921.833992 1.606312 0.905824 -2.500000 1.600000 0.819388 -1.473756 -2.533784 -1.439972 1.600000 0.033784 1.600000 2.361190  -1   0  -1 
2453921.835126 1.607446 0.905903 -5.000000 1.300000 0.819388 -1.474610 -2.534421 -3.940189 1.300000 -2.465579 1.300000 2.361190  -1   0  -1 
2453921.836214 1.608534 0.905979 -3.600000 1.100000 0.819388 -1.475428 -2.535031 -2.540397 1.100000 -1.064969 1.100000 2.361190  -1   0  -1 
2453921.837291 1.609611 0.906055 -3.200000 1.000000 0.819388 -1.476238 -2.535635 -2.140603 1.000000 -0.664365 1.000000 2.361190  -1   0  -1 
2453921.838413 1.610733 0.906133 -2.200000 1.000000 0.819388 -1.477082 -2.536264 -1.140818 1.000000 0.336264 1.000000 2.361190  -1   0  -1 
2453921.839467 1.611787 0.906207 -1.600000 1.000000 0.819388 -1.477874 -2.536854 -0.541019 1.000000 0.936854 1.000000 2.361190  -1   0  -1 
2453921.840566 1.612886 0.906284 -2.400000 1.000000 0.819388 -1.478699 -2.537469 -1.341230 1.000000 0.137469 1.000000 2.361190  -1   0  -1 
2453950.742238 1.945518 0.929570 -5.500000 0.400000 0.819388 -1.710796 -3.329912 -3.880884 0.400000 -2.170088 0.400000 2.361190  -1   0  -1 
2453974.597984 -2.767776 0.599612 8.600000 1.100000 0.819388 2.148940 4.613557 6.135382 1.100000 3.986443 1.100000 2.361190  -1   0  -1 
2453974.600009 -2.765751 0.599754 9.400000 0.900000 0.819388 2.148295 4.612435 6.935860 0.900000 4.787565 0.900000 2.361190  -1   0  -1 
2453974.601954 -2.763806 0.599890 11.400000 0.900000 0.819388 2.147675 4.611354 8.936321 0.900000 6.788646 0.900000 2.361190  -1   0  -1 
2453974.603956 -2.761804 0.600030 11.600000 0.900000 0.819388 2.147035 4.610239 9.136796 0.900000 6.989761 0.900000 2.361190  -1   0  -1 
2453976.591620 -0.774140 0.739178 5.100000 0.600000 0.819388 0.785328 2.263468 3.621860 0.600000 2.836532 0.600000 2.361190  -1   0  -1 
2453976.594050 -0.771710 0.739348 3.300000 0.600000 0.819388 0.783001 2.259313 1.823688 0.600000 1.040687 0.600000 2.361190  -1   0  -1 
2453976.596469 -0.769291 0.739518 4.200000 0.600000 0.819388 0.780683 2.255175 2.725509 0.600000 1.944825 0.600000 2.361190  -1   0  -1 
2453976.598980 -0.766780 0.739694 3.300000 0.600000 0.819388 0.778277 2.250877 1.827400 0.600000 1.049123 0.600000 2.361190  -1   0  -1 
2453980.640151 3.274391 0.022599 -3.300000 0.600000 0.819388 -2.223161 -3.468492 -2.054669 0.600000 0.168492 0.600000 2.361190  -1   0  -1 
2453980.643079 3.277319 0.022804 -2.900000 0.600000 0.819388 -2.223485 -3.469625 -1.653860 0.600000 0.569625 0.600000 2.361190  -1   0  -1 
2453980.645938 3.280178 0.023004 -2.300000 0.600000 0.819388 -2.223798 -3.470726 -1.053072 0.600000 1.170726 0.600000 2.361190  -1   0  -1 
2453980.648924 3.283164 0.023213 -3.600000 0.600000 0.819388 -2.224121 -3.471871 -2.352250 0.600000 -0.128129 0.600000 2.361190  -1   0  -1 
2453981.703761 4.338001 0.097058 -5.800000 0.400000 0.819388 -2.102951 -3.537449 -4.365502 0.400000 -2.262551 0.400000 2.361190  -1   0  -1 
2453981.706284 4.340524 0.097235 -7.100000 0.400000 0.819388 -2.102115 -3.536843 -5.665272 0.400000 -3.563157 0.400000 2.361190  -1   0  -1 
2453981.708796 4.343036 0.097411 -7.600000 0.400000 0.819388 -2.101280 -3.536237 -6.165043 0.400000 -4.063763 0.400000 2.361190  -1   0  -1 
2453981.711342 4.345582 0.097589 -5.800000 0.400000 0.819388 -2.100432 -3.535619 -4.364813 0.400000 -2.264381 0.400000 2.361190  -1   0  -1 
2453982.690997 5.325237 0.166170 -2.900000 0.700000 0.819388 -1.599942 -3.065426 -1.434517 0.700000 0.165426 0.700000 2.361190  -1   0  -1 
2453982.693555 5.327795 0.166350 -2.500000 0.700000 0.819388 -1.598222 -3.063653 -1.034569 0.700000 0.563653 0.700000 2.361190  -1   0  -1 
2453982.695997 5.330237 0.166520 -2.100000 0.700000 0.819388 -1.596578 -3.061959 -0.634619 0.700000 0.961959 0.700000 2.361190  -1   0  -1 
2453982.698647 5.332887 0.166706 -3.700000 0.700000 0.819388 -1.594792 -3.060118 -2.234675 0.700000 -0.639882 0.700000 2.361190  -1   0  -1 
2454292.812219 1.187019 0.876471 -0.700000 0.300000 0.819388 -1.133144 2.383879 -4.217023 0.300000 -3.083879 0.300000 2.361190  -1   0  -1 
2454292.817485 1.192285 0.876840 -0.300000 0.300000 0.819388 -1.137707 2.380308 -3.818015 0.300000 -2.680308 0.300000 2.361190  -1   0  -1 
2454315.727933 -4.466307 0.480705 0.400000 0.800000 0.819388 2.054305 5.130979 -2.676674 0.800000 -4.730979 0.800000 2.361190  -1   0  -1 
2454315.732909 -4.461331 0.481053 -1.800000 0.800000 0.819388 2.056371 5.130289 -4.873918 0.800000 -6.930289 0.800000 2.361190  -1   0  -1 
2454953.915075 5.201954 0.157540 -4.800000 0.400000 0.819388 -1.680539 -2.465583 -4.014956 0.400000 -2.334417 0.400000 2.361190  -1   0  -1 
2454953.918663 5.205542 0.157791 -2.900000 0.400000 0.819388 -1.678258 -2.465819 -2.112439 0.400000 -0.434181 0.400000 2.361190  -1   0  -1 
2454953.922240 5.209119 0.158042 -3.700000 0.400000 0.819388 -1.675980 -2.466048 -2.909932 0.400000 -1.233952 0.400000 2.361190  -1   0  -1 
2454954.854520 6.141399 0.223307 -3.300000 0.300000 0.819388 -0.966050 -2.301611 -1.964439 0.300000 -0.998389 0.300000 2.361190  -1   0  -1 
2454954.858270 6.145149 0.223569 -3.500000 0.300000 0.819388 -0.962802 -2.300114 -2.162688 0.300000 -1.199886 0.300000 2.361190  -1   0  -1 
2454954.861812 6.148691 0.223817 -3.200000 0.300000 0.819388 -0.959733 -2.298696 -1.861037 0.300000 -0.901304 0.300000 2.361190  -1   0  -1 
2454955.841317 7.128196 0.292388 -3.100000 0.400000 0.819388 -0.050637 -1.733546 -1.417092 0.400000 -1.366454 0.400000 2.361190  -1   0  -1 
2454955.845010 7.131889 0.292647 -2.300000 0.400000 0.819388 -0.047081 -1.730895 -0.616186 0.400000 -0.569105 0.400000 2.361190  -1   0  -1 
2454955.848783 7.135662 0.292911 -1.400000 0.700000 0.819388 -0.043448 -1.728184 0.284736 0.700000 0.328184 0.700000 2.361190  -1   0  -1 
2454956.895780 -6.101861 0.366207 -2.300000 0.500000 0.819388 0.940050 -0.906286 -0.453664 0.500000 -1.393714 0.500000 2.361190  -1   0  -1 
2454956.899345 -6.098296 0.366456 -0.900000 0.400000 0.819388 0.943201 -0.903406 0.946607 0.400000 0.003406 0.400000 2.361190  -1   0  -1 
2454956.902968 -6.094673 0.366710 -1.700000 0.400000 0.819388 0.946402 -0.900479 0.146881 0.400000 -0.799521 0.400000 2.361190  -1   0  -1 
2454988.882690 -2.683991 0.605478 0.000000 0.400000 0.819388 2.120808 0.511166 1.609642 0.400000 -0.511166 0.400000 2.361190  -1   0  -1 
2454988.888119 -2.678562 0.605858 0.100000 0.400000 0.819388 2.118881 0.507239 1.711642 0.400000 -0.407239 0.400000 2.361190  -1   0  -1 
2454989.877517 -1.689164 0.675121 -0.100000 0.300000 0.819388 1.570821 -0.301593 1.772414 0.300000 0.201593 0.300000 2.361190  -1   0  -1 
2454989.883200 -1.683481 0.675519 -0.200000 0.300000 0.819388 1.566643 -0.306734 1.673377 0.300000 0.106734 0.300000 2.361190  -1   0  -1 
2454991.889668 0.322987 0.815984 -0.800000 0.400000 0.819388 -0.314252 -2.269358 1.155106 0.400000 1.469358 0.400000 2.361190  -1   0  -1 
2454991.895131 0.328450 0.816366 -1.900000 0.400000 0.819388 -0.319738 -2.274547 0.054809 0.400000 0.374547 0.400000 2.361190  -1   0  -1 
2454993.901526 2.334845 0.956826 -5.800000 0.200000 0.819388 -1.933439 -3.679418 -4.054020 0.200000 -2.120582 0.200000 2.361190  -1   0  -1 
2455021.881363 1.745642 0.915578 -1.400000 0.500000 0.819388 -1.575652 -3.005868 0.030216 0.500000 1.605868 0.500000 2.361190  -1   0  -1 
2455021.884638 1.748917 0.915807 -1.500000 0.500000 0.819388 -1.577973 -3.009893 -0.068080 0.500000 1.509893 0.500000 2.361190  -1   0  -1 
2455021.887879 1.752158 0.916034 0.300000 0.500000 0.819388 -1.580267 -3.013871 1.733605 0.500000 3.313871 0.500000 2.361190  -1   0  -1 
2455023.870780 3.735059 0.054849 -1.300000 0.700000 0.819388 -2.229160 -4.249949 0.720789 0.700000 2.949949 0.700000 2.361190  -1   0  -1 
2455023.874484 3.738763 0.055108 -2.100000 0.800000 0.819388 -2.228843 -4.250045 -0.078797 0.800000 2.150045 0.800000 2.361190  -1   0  -1 
2455023.878292 3.742571 0.055375 -0.900000 0.700000 0.819388 -2.228511 -4.250136 1.121625 0.700000 3.350136 0.700000 2.361190  -1   0  -1 
2455023.893431 3.757710 0.056434 -2.900000 0.600000 0.819388 -2.227131 -4.250417 -0.876714 0.600000 1.350417 0.600000 2.361190  -1   0  -1 
2455023.897135 3.761414 0.056694 -2.300000 0.600000 0.819388 -2.226779 -4.250467 -0.276313 0.600000 1.950467 0.600000 2.361190  -1   0  -1 
2455023.901151 3.765430 0.056975 -2.000000 0.600000 0.819388 -2.226391 -4.250511 0.024120 0.600000 2.250511 0.600000 2.361190  -1   0  -1 
2455025.707370 5.571649 0.183421 -3.600000 0.600000 0.819388 -1.425773 -3.464575 -1.561197 0.600000 -0.135425 0.600000 2.361190  -1   0  -1 
2455025.710657 5.574936 0.183651 -2.300000 0.600000 0.819388 -1.423338 -3.461920 -0.261418 0.600000 1.161920 0.600000 2.361190  -1   0  -1 
2455025.713979 5.578258 0.183883 -3.800000 0.600000 0.819388 -1.420875 -3.459233 -1.761642 0.600000 -0.340767 0.600000 2.361190  -1   0  -1 
2455036.781145 2.360904 0.958650 -0.700000 0.800000 0.819388 -1.946311 -2.120745 -0.525566 0.800000 1.420745 0.800000 2.361190  -1   0  -1 
2455036.782916 2.362675 0.958774 1.300000 0.800000 0.819388 -1.947177 -2.121267 1.474090 0.800000 3.421267 0.800000 2.361190  -1   0  -1 
2455036.784721 2.364480 0.958900 -0.000000 0.700000 0.819388 -1.948057 -2.121798 0.173740 0.700000 2.121798 0.700000 2.361190  -1   0  -1 
2455036.786434 2.366193 0.959020 0.300000 0.700000 0.819388 -1.948892 -2.122300 0.473408 0.700000 2.422300 0.700000 2.361190  -1   0  -1 
2455036.788217 2.367976 0.959145 1.200000 0.700000 0.819388 -1.949759 -2.122822 1.373062 0.700000 3.322822 0.700000 2.361190  -1   0  -1 
2455036.789988 2.369747 0.959269 0.300000 0.700000 0.819388 -1.950620 -2.123339 0.472719 0.700000 2.423339 0.700000 2.361190  -1   0  -1 
2455037.797226 3.376985 0.029781 -1.500000 0.700000 0.819388 -2.232329 -2.208704 -1.523625 0.700000 0.708704 0.700000 2.361190  -1   0  -1 
2455037.799009 3.378768 0.029906 3.000000 0.700000 0.819388 -2.232448 -2.208474 2.976026 0.700000 5.208474 0.700000 2.361190  -1   0  -1 
2455037.800733 3.380492 0.030027 1.300000 0.700000 0.819388 -2.232563 -2.208251 1.275688 0.700000 3.508251 0.700000 2.361190  -1   0  -1 
2455037.802539 3.382298 0.030153 0.200000 0.700000 0.819388 -2.232681 -2.208015 0.175334 0.700000 2.408015 0.700000 2.361190  -1   0  -1 
2455037.804321 3.384080 0.030278 2.000000 0.700000 0.819388 -2.232797 -2.207781 1.974985 0.700000 4.207781 0.700000 2.361190  -1   0  -1 
2455037.806057 3.385816 0.030400 0.000000 0.700000 0.819388 -2.232908 -2.207552 -0.025356 0.700000 2.207552 0.700000 2.361190  -1   0  -1 
2455039.786805 5.366564 0.169064 2.700000 0.800000 0.819388 -1.571919 -1.153887 2.281968 0.800000 3.853887 0.800000 2.361190  -1   0  -1 
2455039.788332 5.368091 0.169170 3.100000 0.900000 0.819388 -1.570874 -1.152536 2.681662 0.900000 4.252536 0.900000 2.361190  -1   0  -1 
2455039.789964 5.369723 0.169285 3.200000 0.800000 0.819388 -1.569756 -1.151091 2.781335 0.800000 4.351091 0.800000 2.361190  -1   0  -1 
2455039.791550 5.371309 0.169396 1.100000 0.800000 0.819388 -1.568670 -1.149686 0.681017 0.800000 2.249686 0.800000 2.361190  -1   0  -1 
2455039.793147 5.372906 0.169508 2.400000 0.800000 0.819388 -1.567575 -1.148271 1.980696 0.800000 3.548271 0.800000 2.361190  -1   0  -1 
2455039.794710 5.374469 0.169617 3.300000 0.900000 0.819388 -1.566502 -1.146885 2.880383 0.900000 4.446885 0.900000 2.361190  -1   0  -1 
2455039.796330 5.376089 0.169730 3.700000 0.800000 0.819388 -1.565390 -1.145448 3.280058 0.800000 4.845448 0.800000 2.361190  -1   0  -1 
2455041.699644 -7.005117 0.302974 3.000000 0.400000 0.819388 0.095049 0.900838 2.194210 0.400000 2.099162 0.400000 2.361190  -1   0  -1 
2455041.704829 -6.999932 0.303337 2.700000 0.400000 0.819388 0.100044 0.906894 1.893149 0.400000 1.793106 0.400000 2.361190  -1   0  -1 
2455045.801844 -2.902917 0.590152 1.300000 0.400000 0.819388 2.187899 3.819925 -0.332026 0.400000 -2.519925 0.400000 2.361190  -1   0  -1 
2455046.832613 -1.872148 0.662311 -0.800000 0.400000 0.819388 1.699641 3.511047 -2.611406 0.400000 -4.311047 0.400000 2.361190  -1   0  -1 
2455047.816890 -0.887871 0.731217 -0.900000 0.500000 0.819388 0.893156 2.839984 -2.846828 0.500000 -3.739984 0.500000 2.361190  -1   0  -1 
2455047.821971 -0.882790 0.731572 -1.800000 0.500000 0.819388 0.888386 2.835779 -3.747393 0.500000 -4.635779 0.500000 2.361190  -1   0  -1 
2455066.705240 3.715959 0.053512 -3.800000 0.300000 0.819388 -2.230702 -3.197165 -2.833537 0.300000 -0.602835 0.300000 2.361190  -1   0  -1 
2455067.723686 4.734405 0.124809 -2.600000 0.300000 0.819388 -1.941968 -2.716479 -1.825489 0.300000 0.116479 0.300000 2.361190  -1   0  -1 
2455068.708996 5.719715 0.193786 -4.000000 0.300000 0.819388 -1.313386 -1.900446 -3.412940 0.300000 -2.099554 0.300000 2.361190  -1   0  -1 
2455069.712847 6.723566 0.264062 -0.800000 0.200000 0.819388 -0.437069 -0.831454 -0.405615 0.200000 0.031454 0.200000 2.361190  -1   0  -1 
2455072.655300 -4.618501 0.470051 4.100000 0.700000 0.819388 1.986501 2.168117 3.918384 0.700000 1.931883 0.700000 2.361190  -1   0  -1 
2455072.657788 -4.616013 0.470225 4.000000 0.600000 0.819388 1.987680 2.169791 3.817889 0.600000 1.830209 0.600000 2.361190  -1   0  -1 
2455072.660218 -4.613583 0.470395 3.900000 0.600000 0.819388 1.988829 2.171424 3.717405 0.600000 1.728576 0.600000 2.361190  -1   0  -1 
2455072.662649 -4.611152 0.470565 4.900000 0.600000 0.819388 1.989977 2.173055 4.716922 0.600000 2.726945 0.600000 2.361190  -1   0  -1 
2455075.660497 -1.613304 0.680432 4.300000 0.700000 0.819388 1.514204 2.304030 3.510175 0.700000 1.995970 0.700000 2.361190  -1   0  -1 
2455075.662928 -1.610873 0.680602 3.800000 0.600000 0.819388 1.512360 2.302684 3.009676 0.600000 1.497316 0.600000 2.361190  -1   0  -1 
2455075.665358 -1.608443 0.680772 4.700000 0.600000 0.819388 1.510515 2.301338 3.909177 0.600000 2.398662 0.600000 2.361190  -1   0  -1 
2455078.680711 1.406910 0.891865 -1.100000 1.000000 0.819388 -1.317762 0.087086 -2.504847 1.000000 -1.187086 1.000000 2.361190  -1   0  -1 
2455078.683604 1.409803 0.892067 -1.100000 1.100000 0.819388 -1.320106 0.085310 -2.505416 1.100000 -1.185310 1.100000 2.361190  -1   0  -1 
2455078.686092 1.412291 0.892241 1.300000 1.200000 0.819388 -1.322120 0.083784 -0.105904 1.200000 1.216216 1.200000 2.361190  -1   0  -1 
2455078.689171 1.415370 0.892457 1.200000 1.400000 0.819388 -1.324610 0.081899 -0.206509 1.400000 1.118101 1.400000 2.361190  -1   0  -1 
2455109.549819 3.706978 0.052883 -2.200000 0.600000 0.819388 -2.231374 -1.465786 -2.965588 0.600000 -0.734214 0.600000 2.361190  -1   0  -1 
2455109.555767 3.712926 0.053299 -2.400000 0.800000 0.819388 -2.230933 -1.464122 -3.166811 0.800000 -0.935878 0.800000 2.361190  -1   0  -1 
2455110.576472 4.733631 0.124755 -1.900000 0.400000 0.819388 -1.942339 -0.965453 -2.876886 0.400000 -0.934547 0.400000 2.361190  -1   0  -1 
2455110.581946 4.739105 0.125138 -3.000000 0.400000 0.819388 -1.939712 -0.961701 -3.978011 0.400000 -2.038299 0.400000 2.361190  -1   0  -1 
2455112.566577 6.723736 0.264074 0.000000 0.500000 0.819388 -0.436909 0.940753 -1.377662 0.500000 -0.940753 0.500000 2.361190  -1   0  -1 
2455112.571947 6.729106 0.264450 0.700000 0.400000 0.819388 -0.431847 0.946855 -0.678701 0.400000 -0.246855 0.400000 2.361190  -1   0  -1 
2455116.586194 -3.541167 0.545470 0.900000 0.200000 0.819388 2.262574 4.115422 -0.952847 0.200000 -3.215422 0.200000 2.361190  -1   0  -1 
2455121.587607 1.460246 0.895598 -8.100000 0.700000 0.819388 -1.360606 -2.276202 -7.184404 0.700000 -5.823798 0.700000 2.361190  -1   0  -1 
2455121.590037 1.462676 0.895769 -6.900000 0.700000 0.819388 -1.362539 -2.280056 -5.982483 0.700000 -4.619944 0.700000 2.361190  -1   0  -1 
2455121.592479 1.465118 0.895940 -9.400000 0.700000 0.819388 -1.364480 -2.283927 -8.480553 0.700000 -7.116073 0.700000 2.361190  -1   0  -1 
2455121.594956 1.467595 0.896113 -7.500000 0.800000 0.819388 -1.366447 -2.287850 -6.578597 0.800000 -5.212150 0.800000 2.361190  -1   0  -1 
2455121.597456 1.470095 0.896288 -8.700000 0.800000 0.819388 -1.368430 -2.291807 -7.776624 0.800000 -6.408193 0.800000 2.361190  -1   0  -1 
2455122.525933 2.398572 0.961287 -6.400000 0.800000 0.819388 -1.964452 -3.526300 -4.838153 0.800000 -2.873700 0.800000 2.361190  -1   0  -1 
2455122.528352 2.400991 0.961456 -7.000000 0.800000 0.819388 -1.965598 -3.528837 -5.436762 0.800000 -3.471163 0.800000 2.361190  -1   0  -1 
2455122.530794 2.403433 0.961627 -7.600000 0.700000 0.819388 -1.966753 -3.531394 -6.035359 0.700000 -4.068606 0.700000 2.361190  -1   0  -1 
2455122.533248 2.405887 0.961799 -5.800000 0.700000 0.819388 -1.967911 -3.533961 -4.233950 0.700000 -2.266039 0.700000 2.361190  -1   0  -1 
2455122.535701 2.408340 0.961971 -6.300000 0.700000 0.819388 -1.969066 -3.536522 -4.732544 0.700000 -2.763478 0.700000 2.361190  -1   0  -1 
2455124.520796 4.393435 0.100939 -7.500000 0.300000 0.819388 -2.084018 -4.327005 -5.257013 0.300000 -3.172995 0.300000 2.361190  -1   0  -1 
2455124.526421 4.399060 0.101333 -7.500000 0.300000 0.819388 -2.082030 -4.325819 -5.256211 0.300000 -3.174181 0.300000 2.361190  -1   0  -1 
2455127.527559 -6.884322 0.311430 -2.300000 0.300000 0.819388 0.211299 -1.986496 -0.102205 0.300000 -0.313504 0.300000 2.361190  -1   0  -1 
2455127.531367 -6.880514 0.311696 -2.500000 0.300000 0.819388 0.214958 -1.982402 -0.302640 0.300000 -0.517598 0.300000 2.361190  -1   0  -1 
2455127.535232 -6.876649 0.311967 -3.800000 0.300000 0.819388 0.218671 -1.978247 -1.603082 0.300000 -1.821753 0.300000 2.361190  -1   0  -1 
2455129.550559 -4.861322 0.453052 -2.600000 0.300000 0.819388 1.860561 -0.049459 -0.689980 0.300000 -2.550541 0.300000 2.361190  -1   0  -1 
2455129.556068 -4.855813 0.453437 -2.600000 0.300000 0.819388 1.863651 -0.045474 -0.690875 0.300000 -2.554526 0.300000 2.361190  -1   0  -1 
2455132.521473 -1.890408 0.661033 -1.900000 0.300000 0.819388 1.711870 0.323935 -0.512064 0.300000 -2.223935 0.300000 2.361190  -1   0  -1 
2455134.512800 0.100919 0.800438 -3.100000 0.400000 0.819388 -0.089769 -1.105787 -2.083983 0.400000 -1.994213 0.400000 2.361190  -1   0  -1 
2455134.518436 0.106555 0.800832 -3.700000 0.400000 0.819388 -0.095493 -1.110445 -2.685048 0.400000 -2.589555 0.400000 2.361190  -1   0  -1 
2455135.502747 1.090866 0.869740 -4.500000 0.200000 0.819388 -1.048684 -1.876782 -3.671902 0.200000 -2.623218 0.200000 2.361190  -1   0  -1 
2455135.508279 1.096398 0.870127 -4.200000 0.200000 0.819388 -1.053601 -1.880643 -3.372957 0.200000 -2.319357 0.200000 2.361190  -1   0  -1 
2455136.521235 2.109354 0.941040 -3.400000 0.400000 0.819388 -1.811268 -2.444287 -2.766981 0.400000 -0.955713 0.400000 2.361190  -1   0  -1 
2455139.491913 5.080032 0.149005 -2.200000 0.600000 0.819388 -1.755653 -1.808647 -2.147006 0.600000 -0.391353 0.600000 2.361190  -1   0  -1 
2455139.497642 5.085761 0.149406 -3.600000 0.500000 0.819388 -1.752229 -1.804086 -3.548143 0.500000 -1.795914 0.500000 2.361190  -1   0  -1 
2455142.501946 -6.194455 0.359725 0.300000 0.600000 0.819388 0.857482 1.412121 -0.254639 0.600000 -1.112121 0.600000 2.361190  -1   0  -1 
2455142.508519 -6.187882 0.360185 2.000000 0.900000 0.819388 0.863387 1.419374 1.444014 0.900000 0.580626 0.900000 2.361190  -1   0  -1 
2455143.500033 -5.196368 0.429597 3.500000 0.500000 0.819388 1.653661 2.413576 2.740085 0.500000 1.086424 0.500000 2.361190  -1   0  -1 
2455143.505160 -5.191241 0.429955 1.900000 0.500000 0.819388 1.657096 2.418068 1.139028 0.500000 -0.518068 0.500000 2.361190  -1   0  -1 
2455370.737660 -6.511061 0.337560 1.200000 1.900000 0.819388 0.566343 -0.655950 2.422293 1.900000 1.855950 1.900000 2.361190  -1   0  -1 
2455370.742139 -6.506582 0.337874 -4.800000 3.200000 0.819388 0.570541 -0.650894 -3.578566 3.200000 -4.149106 3.200000 2.361190  -1   0  -1 
2455372.810565 -4.438156 0.482676 0.700000 0.600000 0.819388 2.065869 1.244438 1.521431 0.600000 -0.544438 0.600000 2.361190  -1   0  -1 
2455372.812926 -4.435795 0.482841 2.600000 0.700000 0.819388 2.066825 1.245855 3.420970 0.700000 1.354145 0.700000 2.361190  -1   0  -1 
2455372.815461 -4.433260 0.483019 -0.200000 0.700000 0.819388 2.067849 1.247373 0.620475 0.700000 -1.447373 0.700000 2.361190  -1   0  -1 
2455372.817961 -4.430760 0.483194 0.000000 0.700000 0.819388 2.068856 1.248869 0.819987 0.700000 -1.248869 0.700000 2.361190  -1   0  -1 
2455372.820334 -4.428387 0.483360 -0.700000 0.700000 0.819388 2.069810 1.250286 0.119524 0.700000 -1.950286 0.700000 2.361190  -1   0  -1 
2455372.822846 -4.425875 0.483536 -2.000000 0.700000 0.819388 2.070817 1.251783 -1.180967 0.700000 -3.251783 0.700000 2.361190  -1   0  -1 
2455373.787027 -3.461694 0.551034 2.500000 0.700000 0.819388 2.263182 1.633313 3.129869 0.700000 0.866687 0.700000 2.361190  -1   0  -1 
2455373.789654 -3.459067 0.551218 3.200000 0.600000 0.819388 2.263154 1.633803 3.829351 0.600000 1.566197 0.600000 2.361190  -1   0  -1 
2455373.792363 -3.456358 0.551407 5.400000 0.700000 0.819388 2.263122 1.634305 6.028817 0.700000 3.765695 0.700000 2.361190  -1   0  -1 
2455373.795117 -3.453604 0.551600 0.700000 0.700000 0.819388 2.263086 1.634812 1.328274 0.700000 -0.934812 0.700000 2.361190  -1   0  -1 
2455374.782319 -2.466402 0.620710 4.100000 0.800000 0.819388 2.033810 1.601263 4.532547 0.800000 2.498737 0.800000 2.361190  -1   0  -1 
2455374.784842 -2.463879 0.620887 5.300000 0.800000 0.819388 2.032685 1.600641 5.732044 0.800000 3.699359 0.800000 2.361190  -1   0  -1 
2455374.787307 -2.461414 0.621059 2.500000 0.700000 0.819388 2.031584 1.600031 2.931553 0.700000 0.899969 0.700000 2.361190  -1   0  -1 
2455374.789738 -2.458983 0.621229 2.600000 0.800000 0.819388 2.030495 1.599427 3.031068 0.800000 1.000573 0.800000 2.361190  -1   0  -1 
2455375.694460 -1.554261 0.684565 1.100000 0.700000 0.819388 1.468899 1.219177 1.349723 0.700000 -0.119177 0.700000 2.361190  -1   0  -1 
2455375.696914 -1.551807 0.684737 -0.500000 0.700000 0.819388 1.466993 1.217765 -0.250772 0.700000 -1.717765 0.700000 2.361190  -1   0  -1 
2455375.699333 -1.549388 0.684906 1.000000 0.700000 0.819388 1.465113 1.216372 1.248741 0.700000 -0.216372 0.700000 2.361190  -1   0  -1 
2455375.701775 -1.546946 0.685077 0.900000 0.700000 0.819388 1.463213 1.214964 1.148249 0.700000 -0.314964 0.700000 2.361190  -1   0  -1 
2455376.666000 -0.582721 0.752579 2.300000 0.500000 0.819388 0.599388 0.546560 2.352828 0.500000 1.753440 0.500000 2.361190  -1   0  -1 
2455376.671521 -0.577200 0.752965 1.300000 0.500000 0.819388 0.593954 0.542251 1.351703 0.500000 0.757749 0.500000 2.361190  -1   0  -1 
2455396.818485 5.285244 0.163371 -3.000000 0.400000 0.819388 -1.626586 -4.200576 -0.426010 0.400000 1.200576 0.400000 2.361190  -1   0  -1 
2455399.794059 -6.023702 0.371678 -1.600000 0.300000 0.819388 1.008655 -1.095859 0.504513 0.300000 -0.504141 0.300000 2.361190  -1   0  -1 
2455401.724236 -4.093525 0.506802 3.200000 0.500000 0.819388 2.181689 0.428727 4.952962 0.500000 2.771273 0.500000 2.361190  -1   0  -1 
2455403.744580 -2.073181 0.648238 0.800000 0.400000 0.819388 1.827712 0.455855 2.171857 0.400000 0.344145 0.400000 2.361190  -1   0  -1 
2455407.739517 1.921756 0.927907 0.300000 0.400000 0.819388 -1.695438 -2.291396 0.895958 0.400000 2.591396 0.400000 2.361190  -1   0  -1 
2455407.744366 1.926605 0.928246 -0.200000 0.600000 0.819388 -1.698588 -2.293586 0.394998 0.600000 2.093586 0.600000 2.361190  -1   0  -1 
2455409.759906 3.942145 0.069346 -0.900000 0.400000 0.819388 -2.202619 -2.393775 -0.708843 0.400000 1.493775 0.400000 2.361190  -1   0  -1 
2455409.765438 3.947677 0.069733 -1.500000 0.400000 0.819388 -2.201665 -2.391700 -1.309965 0.400000 0.891700 0.400000 2.361190  -1   0  -1 
2455411.702076 5.884315 0.205309 1.000000 0.400000 0.819388 -1.182292 -0.975575 0.793283 0.400000 1.975575 0.400000 2.361190  -1   0  -1 
2455411.707608 5.889847 0.205696 1.100000 0.400000 0.819388 -1.177780 -0.969920 0.892140 0.400000 2.069920 0.400000 2.361190  -1   0  -1 
2455413.741738 -6.360543 0.348097 2.500000 0.500000 0.819388 0.706273 1.335059 1.871214 0.500000 1.164941 0.500000 2.361190  -1   0  -1 
2455413.747363 -6.354918 0.348491 3.900000 0.500000 0.819388 0.711453 1.341396 3.270057 0.500000 2.558604 0.500000 2.361190  -1   0  -1 
2455423.671167 3.568886 0.043216 -3.900000 0.600000 0.819388 -2.237411 -3.192914 -2.944497 0.600000 -0.707086 0.600000 2.361190  -1   0  -1 
2455423.675010 3.572729 0.043485 -4.000000 0.600000 0.819388 -2.237352 -3.196156 -3.041197 0.600000 -0.803844 0.600000 2.361190  -1   0  -1 
2455423.678921 3.576640 0.043758 -4.400000 0.600000 0.819388 -2.237286 -3.199447 -3.437839 0.600000 -1.200553 0.600000 2.361190  -1   0  -1 
2455424.623362 4.521081 0.109875 -4.200000 0.800000 0.819388 -2.035930 -3.741527 -2.494402 0.800000 -0.458473 0.800000 2.361190  -1   0  -1 
2455424.627274 4.524993 0.110149 -5.000000 0.700000 0.819388 -2.034358 -3.742668 -3.291690 0.700000 -1.257332 0.700000 2.361190  -1   0  -1 
2455424.631012 4.528731 0.110410 -4.600000 0.700000 0.819388 -2.032851 -3.743749 -2.889102 0.700000 -0.856251 0.700000 2.361190  -1   0  -1 
2455425.571355 5.469074 0.176240 -3.600000 0.500000 0.819388 -1.500310 -3.752152 -1.348158 0.500000 0.152152 0.500000 2.361190  -1   0  -1 
2455425.575244 5.472963 0.176512 -2.900000 0.600000 0.819388 -1.497536 -3.751152 -0.646383 0.600000 0.851152 0.600000 2.361190  -1   0  -1 
2455425.579121 5.476840 0.176784 -3.100000 0.600000 0.819388 -1.494766 -3.750147 -0.844618 0.600000 0.650147 0.600000 2.361190  -1   0  -1 
2455427.718138 -6.668663 0.326527 -2.000000 0.500000 0.819388 0.417530 -2.333663 0.751194 0.500000 0.333663 0.500000 2.361190  -1   0  -1 
2455427.721911 -6.664890 0.326791 -2.400000 0.500000 0.819388 0.421115 -2.330291 0.351406 0.500000 -0.069709 0.500000 2.361190  -1   0  -1 
2455427.725707 -6.661094 0.327057 -0.700000 0.500000 0.819388 0.424721 -2.326897 2.051618 0.500000 1.626897 0.500000 2.361190  -1   0  -1 
2455428.726322 -5.660479 0.397106 -1.000000 0.500000 0.819388 1.312050 -1.443507 1.755557 0.500000 0.443507 0.500000 2.361190  -1   0  -1 
2455428.730153 -5.656648 0.397374 -0.400000 0.400000 0.819388 1.315098 -1.440304 2.355402 0.400000 1.040304 0.400000 2.361190  -1   0  -1 
2455428.733937 -5.652864 0.397639 0.100000 0.500000 0.819388 1.318105 -1.437143 2.855248 0.500000 1.537143 0.500000 2.361190  -1   0  -1 
2455435.654960 1.268159 0.882151 -3.400000 0.600000 0.819388 -1.202706 -2.924777 -1.677929 0.600000 -0.475223 0.600000 2.361190  -1   0  -1 
2455436.663126 2.276325 0.952729 -5.600000 0.300000 0.819388 -1.903578 -3.435669 -4.067909 0.300000 -2.164331 0.300000 2.361190  -1   0  -1 
2455436.668404 2.281603 0.953098 -5.900000 0.300000 0.819388 -1.906325 -3.437415 -4.368909 0.300000 -2.462585 0.300000 2.361190  -1   0  -1 
2455437.672380 3.285579 0.023382 -6.300000 0.300000 0.819388 -2.224380 -3.564197 -4.960183 0.300000 -2.735803 0.300000 2.361190  -1   0  -1 
2455437.677657 3.290856 0.023752 -6.400000 0.300000 0.819388 -2.224936 -3.563743 -5.061193 0.300000 -2.836257 0.300000 2.361190  -1   0  -1 
2455438.708355 4.321554 0.095907 -3.600000 0.300000 0.819388 -2.108338 -3.248943 -2.459394 0.300000 -0.351057 0.300000 2.361190  -1   0  -1 
2455438.713494 4.326693 0.096267 -3.700000 0.300000 0.819388 -2.106666 -3.246279 -2.560387 0.300000 -0.453721 0.300000 2.361190  -1   0  -1 
2455439.730928 5.344127 0.167493 -3.000000 0.300000 0.819388 -1.587195 -2.529368 -2.057827 0.300000 -0.470632 0.300000 2.361190  -1   0  -1 
2455443.710245 -4.961076 0.446068 5.700000 0.400000 0.819388 1.802812 1.653048 5.849764 0.400000 4.046952 0.400000 2.361190  -1   0  -1 
2455444.726089 -3.945232 0.517183 3.700000 0.300000 0.819388 2.216371 2.274659 3.641712 0.300000 1.425341 0.300000 2.361190  -1   0  -1 
2455445.637866 -3.033455 0.581013 6.200000 0.200000 0.819388 2.217921 2.464592 5.953329 0.200000 3.735408 0.200000 2.361190  -1   0  -1 
2455446.658848 -2.012473 0.652488 7.400000 0.500000 0.819388 1.790582 2.249036 6.941546 0.500000 5.150964 0.500000 2.361190  -1   0  -1 
2455446.663928 -2.007393 0.652843 6.100000 0.500000 0.819388 1.787414 2.246921 5.640493 0.500000 3.853079 0.500000 2.361190  -1   0  -1 
2455453.602871 4.931550 0.138610 0.600000 0.400000 0.819388 -1.840660 -0.559283 -0.681377 0.400000 1.159283 0.400000 2.361190  -1   0  -1 
2455453.606447 4.935126 0.138860 0.800000 0.400000 0.819388 -1.838699 -0.557979 -0.480720 0.400000 1.357979 0.400000 2.361190  -1   0  -1 
2455453.610092 4.938771 0.139116 -0.500000 0.400000 0.819388 -1.836695 -0.556647 -1.780048 0.400000 0.056647 0.400000 2.361190  -1   0  -1 
2455456.539745 -6.416096 0.344208 1.100000 0.500000 0.819388 0.654915 0.331104 1.423811 0.500000 0.768896 0.500000 2.361190  -1   0  -1 
2455456.543147 -6.412694 0.344447 2.400000 0.500000 0.819388 0.658071 0.331327 2.726743 0.500000 2.068673 0.500000 2.361190  -1   0  -1 
2455456.546504 -6.409337 0.344682 3.000000 0.600000 0.819388 0.661183 0.331545 3.329638 0.600000 2.668455 0.600000 2.361190  -1   0  -1 
2455458.640176 -4.315665 0.491251 1.600000 0.400000 0.819388 2.112548 0.127850 3.584697 0.400000 1.472150 0.400000 2.361190  -1   0  -1 
2455458.645361 -4.310480 0.491614 1.800000 0.400000 0.819388 2.114391 0.126606 3.787785 0.400000 1.673394 0.400000 2.361190  -1   0  -1 
2455459.533232 -3.422609 0.553770 4.500000 0.300000 0.819388 2.262448 -0.154110 6.916558 0.300000 4.654110 0.300000 2.361190  -1   0  -1 
2455459.538208 -3.417633 0.554118 1.800000 0.300000 0.819388 2.262305 -0.156112 4.218417 0.300000 1.956112 0.300000 2.361190  -1   0  -1 
2455480.529186 3.288825 0.023610 -4.700000 0.500000 0.819388 -2.224723 -1.733558 -5.191165 0.500000 -2.966442 0.500000 2.361190  -1   0  -1 
2455480.532970 3.292609 0.023875 -3.500000 0.400000 0.819388 -2.225118 -1.733169 -3.991948 0.400000 -1.766831 0.400000 2.361190  -1   0  -1 
2455480.536778 3.296417 0.024141 -1.800000 0.500000 0.819388 -2.225509 -1.732772 -2.292737 0.500000 -0.067228 0.500000 2.361190  -1   0  -1 
2455482.554786 5.314425 0.165414 1.700000 0.400000 0.819388 -1.607192 -0.706473 0.799281 0.400000 2.406473 0.400000 2.361190  -1   0  -1 
2455484.542056 -6.982825 0.304534 2.300000 0.500000 0.819388 0.116521 1.353739 1.062782 0.500000 0.946261 0.500000 2.361190  -1   0  -1 
2455484.545828 -6.979053 0.304798 4.700000 0.500000 0.819388 0.120154 1.357874 3.462280 0.500000 3.342126 0.500000 2.361190  -1   0  -1 
2455484.549671 -6.975210 0.305067 3.800000 0.500000 0.819388 0.123855 1.362086 2.561770 0.500000 2.437914 0.500000 2.361190  -1   0  -1 
2455485.527184 -5.997697 0.373499 4.400000 0.400000 0.819388 1.031245 2.368456 3.062789 0.400000 2.031544 0.400000 2.361190  -1   0  -1 
2455485.532971 -5.991910 0.373904 6.100000 0.400000 0.819388 1.036255 2.373831 4.762424 0.400000 3.726169 0.400000 2.361190  -1   0  -1 
2455487.543214 -3.981667 0.514633 4.100000 0.400000 0.819388 2.208716 3.402603 2.906114 0.400000 0.697397 0.400000 2.361190  -1   0  -1 
2455487.548897 -3.975984 0.515031 4.100000 0.400000 0.819388 2.209948 3.402391 2.907557 0.400000 0.697609 0.400000 2.361190  -1   0  -1 
2455493.544252 2.019371 0.934740 -2.300000 0.400000 0.819388 -1.757270 -4.319502 0.262232 0.400000 2.019502 0.400000 2.361190  -1   0  -1 
2455493.550478 2.025597 0.935176 -3.100000 0.400000 0.819388 -1.761100 -4.325117 -0.535982 0.400000 1.225117 0.400000 2.361190  -1   0  -1 
2455495.535877 4.010996 0.074166 -3.000000 0.400000 0.819388 -2.189848 -4.994059 -0.195789 0.400000 1.994059 0.400000 2.361190  -1   0  -1 
2455495.541664 4.016783 0.074571 -3.000000 0.400000 0.819388 -2.188686 -4.992868 -0.195818 0.400000 1.992868 0.400000 2.361190  -1   0  -1 
2455498.517820 6.992939 0.282919 -1.400000 0.700000 0.819388 -0.180663 -2.703789 1.123126 0.700000 1.303789 0.700000 2.361190  -1   0  -1 
2455498.523445 6.998564 0.283313 -0.800000 0.600000 0.819388 -0.175267 -2.697552 1.722285 0.600000 1.897552 0.600000 2.361190  -1   0  -1 
2455500.544007 -5.265394 0.424764 -1.600000 0.300000 0.819388 1.606643 -0.581742 0.588386 0.300000 -1.018258 0.300000 2.361190  -1   0  -1 
2455500.549389 -5.260012 0.425141 -1.600000 0.400000 0.819388 1.610360 -0.577076 0.587436 0.400000 -1.022924 0.400000 2.361190  -1   0  -1 
2455501.547102 -4.262299 0.494987 -1.800000 0.300000 0.819388 2.131004 0.122998 0.208006 0.300000 -1.922998 0.300000 2.361190  -1   0  -1 
2455501.552738 -4.256663 0.495381 -2.600000 0.300000 0.819388 2.132886 0.125910 -0.593024 0.300000 -2.725910 0.300000 2.361190  -1   0  -1 
2455505.514789 -0.294612 0.772748 -1.300000 0.300000 0.819388 0.311807 -0.947517 -0.040676 0.300000 -0.352483 0.300000 2.361190  -1   0  -1 
2455505.520425 -0.288976 0.773143 -1.000000 0.300000 0.819388 0.306117 -0.952120 0.258237 0.300000 -0.047880 0.300000 2.361190  -1   0  -1 
2455507.517142 1.707741 0.912925 -4.500000 0.300000 0.819388 -1.548539 -2.418302 -3.630237 0.300000 -2.081698 0.300000 2.361190  -1   0  -1 
2455507.522824 1.713423 0.913322 -6.000000 0.300000 0.819388 -1.552633 -2.421280 -5.131353 0.300000 -3.578720 0.300000 2.361190  -1   0  -1 
2455509.518050 3.708649 0.053000 -3.700000 0.400000 0.819388 -2.231252 -2.703925 -3.227327 0.400000 -0.996075 0.400000 2.361190  -1   0  -1 
2455509.523524 3.714123 0.053383 -3.500000 0.400000 0.819388 -2.230842 -2.702417 -3.028425 0.400000 -0.797583 0.400000 2.361190  -1   0  -1 
2455511.516449 5.707048 0.192899 -2.400000 0.400000 0.819388 -1.323213 -1.390150 -2.333063 0.400000 -1.009850 0.400000 2.361190  -1   0  -1 
2455511.521935 5.712534 0.193284 -2.800000 0.400000 0.819388 -1.318962 -1.384773 -2.734189 0.400000 -1.415227 0.400000 2.361190  -1   0  -1 
2455513.504562 -6.589359 0.332079 1.000000 0.400000 0.819388 0.492665 0.837224 0.655441 0.400000 0.162776 0.400000 2.361190  -1   0  -1 
2455513.510244 -6.583677 0.332477 1.200000 0.400000 0.819388 0.498029 0.843770 0.854259 0.400000 0.356230 0.400000 2.361190  -1   0  -1 
2455514.505835 -5.588086 0.402174 0.400000 0.300000 0.819388 1.369052 1.921295 -0.152244 0.300000 -1.521295 0.300000 2.361190  -1   0  -1 
2455514.511356 -5.582565 0.402560 0.800000 0.300000 0.819388 1.373347 1.926730 0.246617 0.300000 -1.126730 0.300000 2.361190  -1   0  -1 
2455519.503938 -0.589983 0.752070 3.400000 0.500000 0.819388 0.606531 1.948475 2.058056 0.500000 1.451525 0.500000 2.361190  -1   0  -1 
2455519.508811 -0.585110 0.752412 4.000000 0.500000 0.819388 0.601739 1.943814 2.657924 0.500000 2.056186 0.500000 2.361190  -1   0  -1 
2455523.508036 3.414115 0.032381 1.800000 0.400000 0.819388 -2.234538 -2.355820 1.921282 0.400000 4.155820 0.400000 2.361190  -1   0  -1 
2455523.513036 3.419115 0.032731 2.000000 0.400000 0.819388 -2.234791 -2.360226 2.125435 0.400000 4.360226 0.400000 2.361190  -1   0  -1 
2455524.521481 4.427560 0.103328 1.600000 0.300000 0.819388 -2.071772 -3.069416 2.597644 0.300000 4.669416 0.300000 2.361190  -1   0  -1 
2455524.526446 4.432525 0.103675 2.100000 0.300000 0.819388 -2.069953 -3.071862 3.101909 0.300000 5.171862 0.300000 2.361190  -1   0  -1 
2455653.900831 5.246230 0.160639 -0.800000 0.400000 0.819388 -1.652119 -0.281381 -2.170739 0.400000 -0.518619 0.400000 2.361190  -1   0  -1 
2455653.906410 5.251809 0.161030 0.500000 0.400000 0.819388 -1.648496 -0.277550 -0.870946 0.400000 0.777550 0.400000 2.361190  -1   0  -1 
2455654.900357 6.245756 0.230612 0.800000 0.400000 0.819388 -0.874769 0.469826 -0.544595 0.400000 0.330174 0.400000 2.361190  -1   0  -1 
2455654.905936 6.251335 0.231003 1.300000 0.400000 0.819388 -0.869837 0.474191 -0.044028 0.400000 0.825809 0.400000 2.361190  -1   0  -1 
2455657.909222 -5.029899 0.441250 -0.300000 0.300000 0.819388 1.761024 1.741090 -0.280065 0.300000 -2.041090 0.300000 2.361190  -1   0  -1 
2455657.914813 -5.024308 0.441642 -0.700000 0.300000 0.819388 1.764477 1.739971 -0.675494 0.300000 -2.439971 0.300000 2.361190  -1   0  -1 
2455659.907949 -3.031172 0.581173 0.500000 0.400000 0.819388 2.217461 0.538971 2.178490 0.400000 -0.038971 0.400000 2.361190  -1   0  -1 
2455659.913540 -3.025581 0.581564 -0.700000 0.400000 0.819388 2.216323 0.533894 0.982429 0.400000 -1.233894 0.400000 2.361190  -1   0  -1 
2455660.901884 -2.037237 0.650754 -0.600000 0.300000 0.819388 1.805893 -0.452075 1.657968 0.300000 -0.147925 0.300000 2.361190  -1   0  -1 
2455662.902485 -0.036636 0.790808 -0.700000 0.500000 0.819388 0.050088 -2.698612 2.048700 0.500000 1.998612 0.500000 2.361190  -1   0  -1 
2455662.908180 -0.030941 0.791207 -1.100000 0.500000 0.819388 0.044295 -2.704827 1.649122 0.500000 1.604827 0.500000 2.361190  -1   0  -1 
2455663.839263 0.900142 0.856388 -2.700000 0.900000 0.819388 -0.875229 -3.644354 0.069126 0.900000 0.944354 0.900000 2.361190  -1   0  -1 
2455672.897729 -4.325912 0.490534 -0.000000 0.300000 0.819388 2.108872 0.755484 1.353388 0.300000 -0.755484 0.300000 2.361190  -1   0  -1 
2455672.902775 -4.320866 0.490887 0.100000 0.300000 0.819388 2.110687 0.758272 1.452415 0.300000 -0.658272 0.300000 2.361190  -1   0  -1 
2455675.905453 -1.318188 0.701092 -2.200000 0.200000 0.819388 1.277605 0.512248 -1.434643 0.200000 -2.712248 0.200000 2.361190  -1   0  -1 
2455679.879903 2.656262 0.979327 -3.400000 0.300000 0.819388 -2.073471 -2.033251 -3.440220 0.300000 -1.366749 0.300000 2.361190  -1   0  -1 
2455679.885123 2.661482 0.979692 -4.100000 0.300000 0.819388 -2.075402 -2.034101 -4.141301 0.300000 -2.065899 0.300000 2.361190  -1   0  -1 
2455712.893679 7.100998 0.290484 0.600000 0.300000 0.819388 -0.076821 -0.120547 0.643726 0.300000 0.720547 0.300000 2.361190  -1   0  -1 
2455715.864679 -4.212522 0.498471 4.700000 0.700000 0.819388 2.147175 2.723284 4.123891 0.700000 1.976716 0.700000 2.361190  -1   0  -1 
2455715.867376 -4.209825 0.498660 4.200000 0.700000 0.819388 2.148022 2.724695 3.623327 0.700000 1.475305 0.700000 2.361190  -1   0  -1 
2455715.869992 -4.207209 0.498843 4.600000 0.700000 0.819388 2.148841 2.726061 4.022780 0.700000 1.873939 0.700000 2.361190  -1   0  -1 
2455715.872747 -4.204454 0.499036 4.200000 0.700000 0.819388 2.149700 2.727496 3.622204 0.700000 1.472504 0.700000 2.361190  -1   0  -1 
2455735.809170 1.447449 0.894703 -3.700000 0.300000 0.819388 -1.350398 -3.426025 -1.624373 0.300000 -0.273975 0.300000 2.361190  -1   0  -1 
2455754.777241 6.131000 0.222579 2.200000 0.500000 0.819388 -0.975043 0.531867 0.693090 0.500000 1.668133 0.500000 2.361190  -1   0  -1 
2455755.755721 7.109480 0.291078 1.000000 0.400000 0.819388 -0.068657 1.413245 -0.481902 0.400000 -0.413245 0.400000 2.361190  -1   0  -1 
2455769.736300 6.805539 0.269800 -1.000000 0.300000 0.819388 -0.359541 -2.314125 0.954584 0.300000 1.314125 0.300000 2.361190  -1   0  -1 
2455769.742075 6.811314 0.270205 -1.400000 0.400000 0.819388 -0.354060 -2.307600 0.553540 0.400000 0.907600 0.400000 2.361190  -1   0  -1 
2455776.628483 -0.586798 0.752293 0.200000 0.400000 0.819388 0.603399 -0.026060 0.829459 0.400000 0.226060 0.400000 2.361190  -1   0  -1 
2455782.624998 5.409717 0.172085 1.200000 0.400000 0.819388 -1.542134 -0.937624 0.595490 0.400000 2.137624 0.400000 2.361190  -1   0  -1 
2455784.737667 -6.762134 0.319984 4.400000 0.300000 0.819388 0.328431 1.371408 3.357023 0.300000 3.028592 0.300000 2.361190  -1   0  -1 
2455801.526698 -4.257624 0.495314 0.600000 0.600000 0.819388 2.132566 -0.053700 2.786267 0.600000 0.653700 0.600000 2.361190  -1   0  -1 
2455801.531628 -4.252694 0.495659 -0.100000 0.600000 0.819388 2.134204 -0.051270 2.085474 0.600000 -0.048730 0.600000 2.361190  -1   0  -1 
2455804.632333 -1.151989 0.712727 -1.800000 0.600000 0.819388 1.134062 -0.500405 -0.165533 0.600000 -1.299595 0.600000 2.361190  -1   0  -1 
2455804.637669 -1.146653 0.713100 -1.100000 0.500000 0.819388 1.129343 -0.504121 0.533464 0.500000 -0.595879 0.500000 2.361190  -1   0  -1 
2455807.626267 1.841945 0.922320 0.400000 0.500000 0.819388 -1.642439 -2.701689 1.459250 0.500000 3.101689 0.500000 2.361190  -1   0  -1 
2455807.631162 1.846840 0.922662 0.500000 0.400000 0.819388 -1.645752 -2.704046 1.558294 0.400000 3.204046 0.400000 2.361190  -1   0  -1 
2455810.581550 4.797228 0.129207 -2.800000 0.400000 0.819388 -1.911157 -2.385798 -2.325359 0.400000 -0.414202 0.400000 2.361190  -1   0  -1 
2455810.586723 4.802401 0.129569 -1.900000 0.400000 0.819388 -1.908558 -2.382161 -1.426397 0.400000 0.482161 0.400000 2.361190  -1   0  -1 
2455816.587002 -3.481840 0.549624 1.700000 0.500000 0.819388 2.263294 3.031772 0.931522 0.500000 -1.331772 0.500000 2.361190  -1   0  -1 
2455816.590578 -3.478264 0.549874 2.400000 0.400000 0.819388 2.263287 3.032520 1.630768 0.400000 -0.632520 0.400000 2.361190  -1   0  -1 
2455816.594154 -3.474688 0.550124 1.900000 0.400000 0.819388 2.263275 3.033261 1.130014 0.400000 -1.133261 0.400000 2.361190  -1   0  -1 
2455834.622073 0.268711 0.812184 -2.700000 0.300000 0.819388 -0.259632 -2.423902 -0.535730 0.300000 -0.276098 0.300000 2.361190  -1   0  -1 
2455834.627593 0.274231 0.812571 -3.600000 0.300000 0.819388 -0.265196 -2.428631 -1.436565 0.300000 -1.171369 0.300000 2.361190  -1   0  -1 
2455836.585712 2.232350 0.949650 -4.400000 0.300000 0.819388 -1.880279 -3.715985 -2.564294 0.300000 -0.684015 0.300000 2.361190  -1   0  -1 
2455836.591440 2.238078 0.950051 -5.300000 0.300000 0.819388 -1.883356 -3.718036 -3.465320 0.300000 -1.581964 0.300000 2.361190  -1   0  -1 
2455839.585007 5.231645 0.159619 -3.100000 0.500000 0.819388 -1.661547 -2.935409 -1.826138 0.500000 -0.164591 0.500000 2.361190  -1   0  -1 
2455839.590794 5.237432 0.160024 -2.800000 0.500000 0.819388 -1.657814 -2.930561 -1.527253 0.500000 0.130561 0.500000 2.361190  -1   0  -1 
2455842.549547 -6.088335 0.367154 2.500000 0.500000 0.819388 0.951997 0.257890 3.194107 0.500000 2.242110 0.500000 2.361190  -1   0  -1 
2455842.555033 -6.082849 0.367538 2.700000 0.400000 0.819388 0.956833 0.263814 3.393020 0.400000 2.436186 0.400000 2.361190  -1   0  -1 
2455845.575633 -3.062249 0.578997 5.300000 0.500000 0.819388 2.223528 2.137965 5.385563 0.500000 3.162035 0.500000 2.361190  -1   0  -1 
2455845.581258 -3.056624 0.579391 5.100000 0.500000 0.819388 2.222462 2.138048 5.184414 0.500000 2.961952 0.500000 2.361190  -1   0  -1 
2455870.498785 -6.708137 0.323764 -3.100000 0.400000 0.819388 0.379968 -1.272271 -1.447761 0.400000 -1.827729 0.400000 2.361190  -1   0  -1 
2455870.504422 -6.702500 0.324159 -2.300000 0.400000 0.819388 0.385338 -1.265874 -0.648788 0.400000 -1.034126 0.400000 2.361190  -1   0  -1 
2455874.532217 -2.674705 0.606128 1.300000 0.500000 0.819388 2.117504 1.235242 2.182263 0.500000 0.064758 0.500000 2.361190  -1   0  -1 
2455874.537437 -2.669485 0.606493 3.300000 0.700000 0.819388 2.115631 1.234393 4.181238 0.700000 2.065607 0.700000 2.361190  -1   0  -1 
2455878.549549 1.342627 0.887364 3.500000 0.700000 0.819388 -1.265089 -1.344764 3.579675 0.700000 4.844764 0.700000 2.361190  -1   0  -1 
2455878.554965 1.348043 0.887744 5.200000 0.700000 0.819388 -1.269569 -1.348141 5.278572 0.700000 6.548141 0.700000 2.361190  -1   0  -1 
2456020.892743 0.840621 0.852221 3.600000 0.400000 0.819388 -0.819640 1.718308 1.062053 0.400000 1.881692 0.400000 2.361190  -1   0  -1 
2456020.898160 0.846038 0.852600 3.600000 0.400000 0.819388 -0.824725 1.714289 1.060985 0.400000 1.885711 0.400000 2.361190  -1   0  -1 
2456022.889397 2.837275 0.991999 -0.500000 0.500000 0.819388 -2.133907 0.735137 -3.369045 0.500000 -1.235137 0.500000 2.361190  -1   0  -1 
2456022.894884 2.842762 0.992383 -1.400000 0.600000 0.819388 -2.135527 0.734169 -4.269696 0.600000 -2.134169 0.600000 2.361190  -1   0  -1 
2456024.891353 4.839231 0.132147 -3.100000 0.400000 0.819388 -1.889782 1.016709 -6.006490 0.400000 -4.116709 0.400000 2.361190  -1   0  -1 
2456024.897048 4.844926 0.132546 -2.600000 0.400000 0.819388 -1.886836 1.018959 -5.505795 0.400000 -3.618959 0.400000 2.361190  -1   0  -1 
2456028.922257 -5.414385 0.414334 0.500000 0.300000 0.819388 1.500451 2.078258 -0.077806 0.300000 -1.578258 0.300000 2.361190  -1   0  -1 
2456029.892891 -4.443751 0.482284 0.500000 0.500000 0.819388 2.063596 1.905263 0.658332 0.500000 -1.405263 0.500000 2.361190  -1   0  -1 
2456029.898354 -4.438288 0.482667 0.000000 0.500000 0.819388 2.065816 1.903899 0.161917 0.500000 -1.903899 0.500000 2.361190  -1   0  -1 
2456031.852968 -2.483674 0.619501 1.300000 0.400000 0.819388 2.041440 1.065105 2.276335 0.400000 0.234895 0.400000 2.361190  -1   0  -1 
2456052.857065 4.235903 0.089911 -2.600000 0.400000 0.819388 -2.134672 0.441277 -5.175950 0.400000 -3.041277 0.400000 2.361190  -1   0  -1 
2456052.862482 4.241320 0.090290 -1.800000 0.400000 0.819388 -2.133093 0.444035 -4.377127 0.400000 -2.244035 0.400000 2.361190  -1   0  -1 
2456053.851639 5.230477 0.159537 -3.000000 0.400000 0.819388 -1.662299 1.126407 -5.788706 0.400000 -4.126407 0.400000 2.361190  -1   0  -1 
2456053.857114 5.235952 0.159920 0.900000 0.400000 0.819388 -1.658769 1.131082 -1.889851 0.400000 -0.231082 0.400000 2.361190  -1   0  -1 
2456054.839916 6.218754 0.228722 -2.200000 0.300000 0.819388 -0.898563 2.089425 -5.187988 0.300000 -4.289425 0.300000 2.361190  -1   0  -1 
2456055.886865 -7.018817 0.302014 -0.400000 0.300000 0.819388 0.081850 3.254105 -3.572256 0.300000 -3.654105 0.300000 2.361190  -1   0  -1 
2456056.818146 -6.087536 0.367210 2.000000 0.400000 0.819388 0.952701 4.245793 -1.293092 0.400000 -2.245793 0.400000 2.361190  -1   0  -1 
2456056.823714 -6.081968 0.367599 1.800000 0.400000 0.819388 0.957609 4.251247 -1.493638 0.400000 -2.451247 0.400000 2.361190  -1   0  -1 
2456078.843392 1.653190 0.909106 2.600000 0.300000 0.819388 -1.508717 -0.143777 1.235060 0.300000 2.743777 0.300000 2.361190  -1   0  -1 
2456078.849075 1.658873 0.909504 2.300000 0.300000 0.819388 -1.512909 -0.146774 0.933865 0.300000 2.446774 0.300000 2.361190  -1   0  -1 
2456081.832748 4.642546 0.118378 0.600000 0.400000 0.819388 -1.984474 0.018851 -1.403326 0.400000 0.581149 0.400000 2.361190  -1   0  -1 
2456081.838651 4.648449 0.118791 0.300000 0.300000 0.819388 -1.981835 0.022772 -1.704607 0.300000 0.277228 0.300000 2.361190  -1   0  -1 
2456085.820521 -5.654201 0.397546 3.400000 0.400000 0.819388 1.317043 4.200954 0.516089 0.400000 -0.800954 0.400000 2.361190  -1   0  -1 
2456085.826250 -5.648472 0.397947 4.100000 0.500000 0.819388 1.321592 4.206773 1.214818 0.500000 -0.106773 0.500000 2.361190  -1   0  -1 
2456088.742747 -2.731975 0.602118 5.500000 0.300000 0.819388 2.137289 5.636309 2.000980 0.300000 -0.136309 0.300000 2.361190  -1   0  -1 
2456092.900369 1.425647 0.893176 -0.000000 0.300000 0.819388 -1.332903 2.281396 -3.614300 0.300000 -2.281396 0.300000 2.361190  -1   0  -1 
2456115.815540 -4.228222 0.497372 3.600000 0.400000 0.819388 2.142184 4.737854 1.004330 0.400000 -1.137854 0.400000 2.361190  -1   0  -1 
2456118.809984 -1.233778 0.707001 6.100000 0.300000 0.819388 1.205553 4.468515 2.837037 0.300000 1.631485 0.300000 2.361190  -1   0  -1 
2456121.820367 1.776605 0.917745 2.900000 0.700000 0.819388 -1.597457 2.321443 -1.018901 0.700000 0.578557 0.700000 2.361190  -1   0  -1 
2456149.686124 1.073322 0.868512 -1.200000 0.400000 0.819388 -1.033048 2.186824 -4.419872 0.400000 -3.386824 0.400000 2.361190  -1   0  -1 
2456154.723489 6.110687 0.221157 5.400000 0.400000 0.819388 -0.992552 3.352007 1.055440 0.400000 2.047993 0.400000 2.361190  -1   0  -1 
2456154.728442 6.115640 0.221503 6.200000 0.600000 0.819388 -0.988290 3.357331 1.854379 0.600000 2.842669 0.600000 2.361190  -1   0  -1 
2456166.527551 3.630229 0.047510 -4.500000 0.300000 0.819388 -2.235727 -1.229436 -5.506291 0.300000 -3.270564 0.300000 2.361190  -1   0  -1 
2456168.609469 5.712147 0.193256 -4.900000 0.500000 0.819388 -1.319262 -0.362472 -5.856789 0.500000 -4.537528 0.500000 2.361190  -1   0  -1 
2456168.615105 5.717783 0.193651 -4.000000 0.400000 0.819388 -1.314887 -0.357672 -4.957215 0.400000 -3.642328 0.400000 2.361190  -1   0  -1 
2456171.510563 -5.671279 0.396350 1.200000 0.300000 0.819388 1.303439 2.662618 -0.159179 0.300000 -1.462618 0.300000 2.361190  -1   0  -1 
2456173.694840 -3.487002 0.549262 5.800000 0.400000 0.819388 2.263294 4.038510 4.024784 0.400000 1.761490 0.400000 2.361190  -1   0  -1 
2456181.612869 4.431027 0.103571 2.900000 0.300000 0.819388 -2.070503 1.364570 -0.535073 0.300000 1.535430 0.300000 2.361190  -1   0  -1 
2456186.623747 -4.842615 0.454361 7.200000 0.300000 0.819388 1.871011 6.420935 2.650076 0.300000 0.779065 0.300000 2.361190  -1   0  -1 
2456189.666838 -1.799524 0.667396 6.100000 0.900000 0.819388 1.649861 6.846548 0.903313 0.900000 -0.746548 0.900000 2.361190  -1   0  -1 
2456190.592865 -0.873497 0.732223 3.100000 0.400000 0.819388 0.879651 6.233543 -2.253892 0.400000 -3.133543 0.400000 2.361190  -1   0  -1 
2456190.598548 -0.867814 0.732621 2.100000 0.400000 0.819388 0.874301 6.229039 -3.254738 0.400000 -4.129039 0.400000 2.361190  -1   0  -1 
2456195.586272 4.119910 0.081791 1.700000 0.500000 0.819388 -2.165682 2.184582 -2.650264 0.500000 -0.484582 0.500000 2.361190  -1   0  -1 
2456195.591793 4.125431 0.082177 1.200000 0.500000 0.819388 -2.164329 2.181755 -3.146083 0.500000 -0.981755 0.500000 2.361190  -1   0  -1 
2456198.564091 7.097729 0.290255 8.300000 0.600000 0.819388 -0.079966 2.010682 6.209351 0.600000 6.289318 0.600000 2.361190  -1   0  -1 
2456198.569866 7.103504 0.290660 8.700000 0.600000 0.819388 -0.074409 2.013309 6.612282 0.600000 6.686691 0.600000 2.361190  -1   0  -1 
2456204.547188 -1.203694 0.709107 3.800000 0.400000 0.819388 1.179443 3.004095 1.975348 0.400000 0.795905 0.400000 2.361190  -1   0  -1 
2456205.523197 -0.227685 0.777433 0.900000 0.200000 0.819388 0.244130 2.239136 -1.095007 0.200000 -1.339136 0.200000 2.361190  -1   0  -1 
2456208.615737 2.864855 0.993929 -0.500000 0.500000 0.819388 -2.141923 0.455236 -3.097159 0.500000 -0.955236 0.500000 2.361190  -1   0  -1 
2456209.540800 3.789918 0.058689 2.500000 0.500000 0.819388 -2.223876 0.561749 -0.285625 0.500000 1.938251 0.500000 2.361190  -1   0  -1 
2456210.532155 4.781273 0.128090 2.300000 0.400000 0.819388 -1.919114 1.070530 -0.689644 0.400000 1.229470 0.400000 2.361190  -1   0  -1 
2456212.523498 6.772616 0.267495 7.600000 0.200000 0.819388 -0.390741 3.013709 4.195550 0.200000 4.586291 0.200000 2.361190  -1   0  -1 
2456217.523649 -2.511753 0.617535 8.100000 0.400000 0.819388 2.053581 6.531930 3.621651 0.400000 1.568070 0.400000 2.361190  -1   0  -1 
2456217.529482 -2.505920 0.617944 9.800000 0.400000 0.819388 2.051085 6.530719 5.320367 0.400000 3.269281 0.400000 2.361190  -1   0  -1 
2456218.587951 -1.447451 0.692043 9.400000 0.400000 0.819388 1.384298 6.097974 4.686323 0.400000 3.302026 0.400000 2.361190  -1   0  -1 
2456219.500319 -0.535083 0.755914 8.400000 0.200000 0.819388 0.552382 5.468910 3.483471 0.200000 2.931090 0.200000 2.361190  -1   0  -1 
2456220.491327 0.455925 0.825290 6.000000 0.400000 0.819388 -0.447052 4.689496 0.863452 0.400000 1.310504 0.400000 2.361190  -1   0  -1 
2456220.514069 0.478667 0.826882 5.400000 0.300000 0.819388 -0.469605 4.671969 0.258426 0.300000 0.728031 0.300000 2.361190  -1   0  -1 
2456409.867093 4.132931 0.082702 2.600000 0.600000 0.819388 -2.162470 0.537736 -0.100206 0.600000 2.062264 0.600000 2.361190  -1   0  -1 
2456409.872719 4.138557 0.083096 2.400000 0.600000 0.819388 -2.161062 0.540134 -0.301196 0.600000 1.859866 0.600000 2.361190  -1   0  -1 
2456410.795661 5.061499 0.147707 4.100000 3.300000 0.819388 -1.766658 1.098204 1.235138 3.300000 3.001796 3.300000 2.361190  -1   0  -1 
2456410.804261 5.070099 0.148309 8.100000 2.400000 0.819388 -1.761565 1.104834 5.233601 2.400000 6.995166 2.400000 2.361190  -1   0  -1 
2456416.824768 -3.193914 0.569780 5.500000 0.600000 0.819388 2.244470 6.221057 1.523413 0.600000 -0.721057 0.600000 2.361190  -1   0  -1 
2456416.828565 -3.190117 0.570046 7.100000 0.500000 0.819388 2.243975 6.221284 3.122691 0.500000 0.878716 0.500000 2.361190  -1   0  -1 
2456416.832443 -3.186239 0.570317 6.300000 0.600000 0.819388 2.243462 6.221508 2.321954 0.600000 0.078492 0.600000 2.361190  -1   0  -1 
2456432.884915 -1.418287 0.694084 3.100000 0.400000 0.819388 1.360627 4.238524 0.222103 0.400000 -1.138524 0.400000 2.361190  -1   0  -1 
2456432.890124 -1.413078 0.694449 2.800000 0.500000 0.819388 1.356374 4.230221 -0.073847 0.500000 -1.430221 0.500000 2.361190  -1   0  -1 
2456433.905268 -0.397934 0.765515 5.500000 0.700000 0.819388 0.415755 2.619099 3.296656 0.700000 2.880901 0.700000 2.361190  -1   0  -1 
2456433.910395 -0.392807 0.765874 3.600000 0.800000 0.819388 0.410615 2.611221 1.399394 0.800000 0.988779 0.800000 2.361190  -1   0  -1 
2456434.892458 0.589256 0.834624 2.200000 0.500000 0.819388 -0.578456 1.216096 0.405448 0.500000 0.983904 0.500000 2.361190  -1   0  -1 
2456434.898129 0.594927 0.835021 3.800000 0.500000 0.819388 -0.583998 1.208851 2.007151 0.500000 2.591149 0.500000 2.361190  -1   0  -1 
2456437.889188 3.585986 0.044413 0.400000 0.400000 0.819388 -2.237102 -0.675550 -1.161552 0.400000 1.075550 0.400000 2.361190  -1   0  -1 
2456437.894720 3.591518 0.044800 0.800000 0.400000 0.819388 -2.236976 -0.675050 -0.761926 0.400000 1.475050 0.400000 2.361190  -1   0  -1 
2456438.860772 4.557570 0.112429 0.900000 0.300000 0.819388 -2.021048 -0.370871 -0.750177 0.300000 1.270871 0.300000 2.361190  -1   0  -1 
2456441.860316 -6.727406 0.322415 0.200000 0.400000 0.819388 0.361596 2.448173 -1.886577 0.400000 -2.248173 0.400000 2.361190  -1   0  -1 
2456454.832361 6.244639 0.230534 2.300000 0.400000 0.819388 -0.875755 3.617182 -2.192937 0.400000 -1.317182 0.400000 2.361190  -1   0  -1 
2456454.837894 6.250172 0.230921 3.200000 0.400000 0.819388 -0.870865 3.623168 -1.294033 0.400000 -0.423168 0.400000 2.361190  -1   0  -1 
2456467.823190 4.950948 0.139968 -0.600000 0.600000 0.819388 -1.829969 -0.114921 -2.315048 0.600000 -0.485079 0.600000 2.361190  -1   0  -1 
2456467.826929 4.954687 0.140230 1.000000 0.600000 0.819388 -1.827894 -0.114564 -0.713331 0.600000 1.114564 0.600000 2.361190  -1   0  -1 
2456467.830702 4.958460 0.140494 0.400000 0.600000 0.819388 -1.825796 -0.114195 -1.311601 0.600000 0.514195 0.600000 2.361190  -1   0  -1 
2456473.860840 -3.295922 0.562639 1.900000 0.500000 0.819388 2.255377 3.746387 0.408990 0.500000 -1.846387 0.500000 2.361190  -1   0  -1 
2456473.864821 -3.291941 0.562918 1.400000 0.500000 0.819388 2.255039 3.746633 -0.091594 0.500000 -2.346633 0.500000 2.361190  -1   0  -1 
2456473.868595 -3.288167 0.563182 0.700000 0.500000 0.819388 2.254711 3.746860 -0.792148 0.500000 -3.046860 0.500000 2.361190  -1   0  -1 
2456480.776552 3.619790 0.046779 0.100000 0.500000 0.819388 -2.236126 0.450587 -2.586713 0.500000 -0.350587 0.500000 2.361190  -1   0  -1 
2456480.782281 3.625519 0.047180 -1.300000 0.500000 0.819388 -2.235913 0.451852 -3.987765 0.500000 -1.751852 0.500000 2.361190  -1   0  -1 
2456481.631506 4.474744 0.106631 -1.100000 0.600000 0.819388 -2.054104 0.790248 -3.944352 0.600000 -1.890248 0.600000 2.361190  -1   0  -1 
2456481.637189 4.480427 0.107029 -1.400000 0.600000 0.819388 -2.051919 0.793486 -4.245404 0.600000 -2.193486 0.600000 2.361190  -1   0  -1 
2456501.599929 -4.125873 0.504537 5.300000 0.300000 0.819388 2.172890 3.486359 3.986531 0.300000 1.813641 0.300000 2.361190  -1   0  -1 
2456523.744316 3.733994 0.054774 1.600000 0.300000 0.819388 -2.229250 1.933979 -2.563229 0.300000 -0.333979 0.300000 2.361190  -1   0  -1 
2456524.691276 4.680954 0.121067 2.200000 0.400000 0.819388 -1.967073 2.376675 -2.143748 0.400000 -0.176675 0.400000 2.361190  -1   0  -1 
2456524.696693 4.686371 0.121446 1.600000 0.400000 0.819388 -1.964576 2.380177 -2.744753 0.400000 -0.780177 0.400000 2.361190  -1   0  -1 
2456525.743740 5.733418 0.194746 1.700000 0.300000 0.819388 -1.302712 3.226562 -2.829274 0.300000 -1.526562 0.300000 2.361190  -1   0  -1 
2456569.534062 6.670180 0.260324 1.500000 0.500000 0.819388 -0.487261 -0.018955 1.031694 0.500000 1.518955 0.500000 2.361190  -1   0  -1 
2456585.564665 -5.868257 0.382560 4.800000 0.400000 0.819388 1.141808 3.652457 2.289351 0.400000 1.147543 0.400000 2.361190  -1   0  -1 
2456585.568473 -5.864449 0.382827 3.600000 0.400000 0.819388 1.145011 3.656396 1.088615 0.400000 -0.056396 0.400000 2.361190  -1   0  -1 
2456585.572350 -5.860572 0.383098 3.900000 0.400000 0.819388 1.148269 3.660404 1.387865 0.400000 0.239596 0.400000 2.361190  -1   0  -1 
2456586.547688 -4.885234 0.451378 3.500000 0.500000 0.819388 1.847028 4.548931 0.798097 0.500000 -1.048931 0.500000 2.361190  -1   0  -1 
2456586.551530 -4.881392 0.451647 3.300000 0.500000 0.819388 1.849216 4.551871 0.597345 0.500000 -1.251871 0.500000 2.361190  -1   0  -1 
2456586.555442 -4.877480 0.451921 2.500000 0.500000 0.819388 1.851438 4.554859 -0.203421 0.500000 -2.054859 0.500000 2.361190  -1   0  -1 
2456590.510961 -0.921961 0.728830 4.600000 0.700000 0.819388 0.925035 4.414887 1.110148 0.700000 0.185113 0.700000 2.361190  -1   0  -1 
2456590.514943 -0.917979 0.729109 6.200000 0.800000 0.819388 0.921322 4.411963 2.709359 0.800000 1.788037 0.800000 2.361190  -1   0  -1 
2456590.518611 -0.914311 0.729366 5.400000 0.600000 0.819388 0.917900 4.409268 1.908632 0.600000 0.990732 0.600000 2.361190  -1   0  -1 
2456765.917789 3.070627 0.008335 -0.600000 0.400000 0.819388 -2.191633 0.485531 -3.277163 0.400000 -1.085531 0.400000 2.361190  -1   0  -1 
2456765.923021 3.075859 0.008701 -1.300000 0.400000 0.819388 -2.192663 0.482062 -3.974725 0.400000 -1.782062 0.400000 2.361190  -1   0  -1 
2456789.854143 -1.562059 0.684019 6.600000 0.400000 0.819388 1.474944 3.224834 4.850110 0.400000 3.375166 0.400000 2.361190  -1   0  -1 
2456789.859722 -1.556480 0.684410 6.500000 0.400000 0.819388 1.470621 3.221640 4.748982 0.400000 3.278360 0.400000 2.361190  -1   0  -1 
2456806.890179 1.189457 0.876642 0.300000 0.400000 0.819388 -1.135258 -2.365294 1.530037 0.400000 2.665294 0.400000 2.361190  -1   0  -1 
2456829.893363 -4.376399 0.486999 2.700000 0.300000 0.819388 2.090148 4.854946 -0.064797 0.300000 -2.154946 0.300000 2.361190  -1   0  -1 
2456857.748704 -5.090098 0.437036 3.900000 0.500000 0.819388 1.723208 3.306240 2.316969 0.500000 0.593760 0.500000 2.361190  -1   0  -1 
2456857.754433 -5.084369 0.437437 4.500000 0.400000 0.819388 1.726857 3.311056 2.915801 0.400000 1.188944 0.400000 2.361190  -1   0  -1 
2456866.784629 3.945827 0.069604 -1.700000 0.400000 0.819388 -2.201985 0.014026 -3.916011 0.400000 -1.714026 0.400000 2.361190  -1   0  -1 
2456896.727940 5.320098 0.165811 1.700000 0.500000 0.819388 -1.603392 0.843500 -0.746893 0.500000 0.856500 0.500000 2.361190  -1   0  -1 
2456896.733287 5.325445 0.166185 2.200000 0.700000 0.819388 -1.599803 0.847743 -0.247546 0.700000 1.352257 0.700000 2.361190  -1   0  -1 
2457146.919889 -1.609313 0.680711 2.200000 0.300000 17.053702 1.511176 15.856723 -12.145547 0.300000 -13.656723 0.300000 2.361190  -1   1  -1 
2457176.844500 -0.253742 0.775609 13.800000 0.200000 17.053702 0.270506 14.116040 -0.045534 0.200000 -0.316040 0.200000 2.361190  -1   1  -1 
2457180.950532 3.852290 0.063056 9.400000 0.300000 17.053702 -2.216334 12.127863 -4.944197 0.300000 -2.727863 0.300000 2.361190  -1   1  -1 
2457180.956053 3.857811 0.063442 8.200000 0.300000 17.053702 -2.215588 12.129544 -6.145132 0.300000 -3.929544 0.300000 2.361190  -1   1  -1 
2457257.708144 -5.097219 0.436538 19.900000 0.500000 17.053702 1.718659 17.735326 3.883333 0.500000 2.164674 0.500000 2.361190  -1   1  -1 
2457257.713815 -5.091548 0.436935 19.800000 0.500000 17.053702 1.722283 17.740080 3.782203 0.500000 2.059920 0.500000 2.361190  -1   1  -1 
2457307.523708 1.864785 0.923919 17.100000 0.300000 17.053702 -1.657827 12.903164 2.539009 0.300000 4.196836 0.300000 2.361190  -1   1  -1 
2457307.529113 1.870190 0.924297 16.800000 0.300000 17.053702 -1.661443 12.896017 2.242540 0.300000 3.903983 0.300000 2.361190  -1   1  -1 
2457675.588735 -1.467708 0.690625 22.800000 0.300000 17.053702 1.400597 17.221943 6.978654 0.300000 5.578057 0.300000 2.361190  -1   1  -1 
2457879.840329 2.800606 0.989432 14.300000 0.400000 17.053702 -2.122760 12.307991 -0.130750 0.400000 1.992009 0.400000 2.361190  -1   1  -1 
2457943.770578 -4.691745 0.464923 20.000000 0.200000 17.053702 1.950762 19.197105 2.753656 0.200000 0.802895 0.200000 2.361190  -1   1  -1 
2457968.637355 5.890512 0.205743 16.000000 0.400000 17.053702 -1.177237 16.561368 -1.738606 0.400000 -0.561368 0.400000 2.361190  -1   1  -1 
