# Tc_folded model 
-1.500000 0.470784 
-1.499000 0.485118 
-1.498000 0.499410 
-1.497000 0.513659 
-1.496000 0.527864 
-1.495000 0.542026 
-1.494000 0.556142 
-1.493000 0.570214 
-1.492000 0.584239 
-1.491000 0.598219 
-1.490000 0.612152 
-1.489000 0.626037 
-1.488000 0.639874 
-1.487000 0.653664 
-1.486000 0.667404 
-1.485000 0.681095 
-1.484000 0.694736 
-1.483000 0.708327 
-1.482000 0.721867 
-1.481000 0.735355 
-1.480000 0.748792 
-1.479000 0.762176 
-1.478000 0.775508 
-1.477000 0.788787 
-1.476000 0.802012 
-1.475000 0.815182 
-1.474000 0.828299 
-1.473000 0.841360 
-1.472000 0.854366 
-1.471000 0.867316 
-1.470000 0.880210 
-1.469000 0.893047 
-1.468000 0.905827 
-1.467000 0.918550 
-1.466000 0.931215 
-1.465000 0.943821 
-1.464000 0.956370 
-1.463000 0.968859 
-1.462000 0.981288 
-1.461000 0.993658 
-1.460000 1.005968 
-1.459000 1.018217 
-1.458000 1.030406 
-1.457000 1.042533 
-1.456000 1.054599 
-1.455000 1.066603 
-1.454000 1.078545 
-1.453000 1.090424 
-1.452000 1.102241 
-1.451000 1.113994 
-1.450000 1.125684 
-1.449000 1.137311 
-1.448000 1.148873 
-1.447000 1.160371 
-1.446000 1.171804 
-1.445000 1.183172 
-1.444000 1.194476 
-1.443000 1.205713 
-1.442000 1.216885 
-1.441000 1.227991 
-1.440000 1.239031 
-1.439000 1.250005 
-1.438000 1.260911 
-1.437000 1.271751 
-1.436000 1.282523 
-1.435000 1.293228 
-1.434000 1.303865 
-1.433000 1.314434 
-1.432000 1.324935 
-1.431000 1.335367 
-1.430000 1.345731 
-1.429000 1.356026 
-1.428000 1.366253 
-1.427000 1.376410 
-1.426000 1.386497 
-1.425000 1.396515 
-1.424000 1.406463 
-1.423000 1.416342 
-1.422000 1.426150 
-1.421000 1.435888 
-1.420000 1.445555 
-1.419000 1.455152 
-1.418000 1.464677 
-1.417000 1.474132 
-1.416000 1.483516 
-1.415000 1.492828 
-1.414000 1.502070 
-1.413000 1.511239 
-1.412000 1.520337 
-1.411000 1.529363 
-1.410000 1.538317 
-1.409000 1.547199 
-1.408000 1.556008 
-1.407000 1.564746 
-1.406000 1.573411 
-1.405000 1.582003 
-1.404000 1.590523 
-1.403000 1.598970 
-1.402000 1.607344 
-1.401000 1.615645 
-1.400000 1.623873 
-1.399000 1.632028 
-1.398000 1.640109 
-1.397000 1.648117 
-1.396000 1.656052 
-1.395000 1.663914 
-1.394000 1.671701 
-1.393000 1.679416 
-1.392000 1.687056 
-1.391000 1.694623 
-1.390000 1.702116 
-1.389000 1.709535 
-1.388000 1.716880 
-1.387000 1.724151 
-1.386000 1.731348 
-1.385000 1.738471 
-1.384000 1.745520 
-1.383000 1.752494 
-1.382000 1.759395 
-1.381000 1.766221 
-1.380000 1.772973 
-1.379000 1.779651 
-1.378000 1.786254 
-1.377000 1.792783 
-1.376000 1.799237 
-1.375000 1.805618 
-1.374000 1.811923 
-1.373000 1.818155 
-1.372000 1.824312 
-1.371000 1.830394 
-1.370000 1.836402 
-1.369000 1.842336 
-1.368000 1.848195 
-1.367000 1.853980 
-1.366000 1.859690 
-1.365000 1.865326 
-1.364000 1.870887 
-1.363000 1.876374 
-1.362000 1.881786 
-1.361000 1.887125 
-1.360000 1.892388 
-1.359000 1.897578 
-1.358000 1.902693 
-1.357000 1.907734 
-1.356000 1.912700 
-1.355000 1.917593 
-1.354000 1.922411 
-1.353000 1.927155 
-1.352000 1.931824 
-1.351000 1.936420 
-1.350000 1.940942 
-1.349000 1.945389 
-1.348000 1.949763 
-1.347000 1.954062 
-1.346000 1.958288 
-1.345000 1.962440 
-1.344000 1.966518 
-1.343000 1.970522 
-1.342000 1.974452 
-1.341000 1.978309 
-1.340000 1.982093 
-1.339000 1.985802 
-1.338000 1.989439 
-1.337000 1.993002 
-1.336000 1.996491 
-1.335000 1.999908 
-1.334000 2.003251 
-1.333000 2.006521 
-1.332000 2.009717 
-1.331000 2.012841 
-1.330000 2.015892 
-1.329000 2.018870 
-1.328000 2.021775 
-1.327000 2.024608 
-1.326000 2.027368 
-1.325000 2.030055 
-1.324000 2.032670 
-1.323000 2.035212 
-1.322000 2.037683 
-1.321000 2.040081 
-1.320000 2.042406 
-1.319000 2.044660 
-1.318000 2.046842 
-1.317000 2.048952 
-1.316000 2.050990 
-1.315000 2.052957 
-1.314000 2.054851 
-1.313000 2.056675 
-1.312000 2.058427 
-1.311000 2.060107 
-1.310000 2.061717 
-1.309000 2.063255 
-1.308000 2.064723 
-1.307000 2.066119 
-1.306000 2.067445 
-1.305000 2.068699 
-1.304000 2.069884 
-1.303000 2.070998 
-1.302000 2.072041 
-1.301000 2.073014 
-1.300000 2.073917 
-1.299000 2.074750 
-1.298000 2.075513 
-1.297000 2.076206 
-1.296000 2.076829 
-1.295000 2.077383 
-1.294000 2.077867 
-1.293000 2.078282 
-1.292000 2.078628 
-1.291000 2.078904 
-1.290000 2.079111 
-1.289000 2.079250 
-1.288000 2.079319 
-1.287000 2.079320 
-1.286000 2.079252 
-1.285000 2.079116 
-1.284000 2.078912 
-1.283000 2.078639 
-1.282000 2.078298 
-1.281000 2.077890 
-1.280000 2.077413 
-1.279000 2.076869 
-1.278000 2.076257 
-1.277000 2.075577 
-1.276000 2.074831 
-1.275000 2.074017 
-1.274000 2.073136 
-1.273000 2.072188 
-1.272000 2.071173 
-1.271000 2.070091 
-1.270000 2.068943 
-1.269000 2.067729 
-1.268000 2.066448 
-1.267000 2.065101 
-1.266000 2.063688 
-1.265000 2.062209 
-1.264000 2.060664 
-1.263000 2.059054 
-1.262000 2.057378 
-1.261000 2.055637 
-1.260000 2.053831 
-1.259000 2.051959 
-1.258000 2.050023 
-1.257000 2.048021 
-1.256000 2.045955 
-1.255000 2.043825 
-1.254000 2.041630 
-1.253000 2.039370 
-1.252000 2.037047 
-1.251000 2.034660 
-1.250000 2.032208 
-1.249000 2.029693 
-1.248000 2.027115 
-1.247000 2.024473 
-1.246000 2.021768 
-1.245000 2.018999 
-1.244000 2.016168 
-1.243000 2.013274 
-1.242000 2.010317 
-1.241000 2.007297 
-1.240000 2.004215 
-1.239000 2.001071 
-1.238000 1.997865 
-1.237000 1.994597 
-1.236000 1.991266 
-1.235000 1.987875 
-1.234000 1.984421 
-1.233000 1.980906 
-1.232000 1.977330 
-1.231000 1.973693 
-1.230000 1.969995 
-1.229000 1.966236 
-1.228000 1.962417 
-1.227000 1.958536 
-1.226000 1.954596 
-1.225000 1.950595 
-1.224000 1.946535 
-1.223000 1.942414 
-1.222000 1.938234 
-1.221000 1.933994 
-1.220000 1.929694 
-1.219000 1.925335 
-1.218000 1.920918 
-1.217000 1.916441 
-1.216000 1.911905 
-1.215000 1.907311 
-1.214000 1.902658 
-1.213000 1.897946 
-1.212000 1.893177 
-1.211000 1.888349 
-1.210000 1.883464 
-1.209000 1.878520 
-1.208000 1.873519 
-1.207000 1.868461 
-1.206000 1.863346 
-1.205000 1.858173 
-1.204000 1.852943 
-1.203000 1.847656 
-1.202000 1.842313 
-1.201000 1.836914 
-1.200000 1.831457 
-1.199000 1.825945 
-1.198000 1.820377 
-1.197000 1.814753 
-1.196000 1.809073 
-1.195000 1.803338 
-1.194000 1.797547 
-1.193000 1.791701 
-1.192000 1.785800 
-1.191000 1.779844 
-1.190000 1.773833 
-1.189000 1.767768 
-1.188000 1.761648 
-1.187000 1.755474 
-1.186000 1.749246 
-1.185000 1.742964 
-1.184000 1.736629 
-1.183000 1.730239 
-1.182000 1.723797 
-1.181000 1.717301 
-1.180000 1.710752 
-1.179000 1.704150 
-1.178000 1.697495 
-1.177000 1.690788 
-1.176000 1.684028 
-1.175000 1.677216 
-1.174000 1.670352 
-1.173000 1.663436 
-1.172000 1.656468 
-1.171000 1.649448 
-1.170000 1.642378 
-1.169000 1.635255 
-1.168000 1.628082 
-1.167000 1.620858 
-1.166000 1.613583 
-1.165000 1.606258 
-1.164000 1.598882 
-1.163000 1.591456 
-1.162000 1.583980 
-1.161000 1.576455 
-1.160000 1.568879 
-1.159000 1.561254 
-1.158000 1.553580 
-1.157000 1.545856 
-1.156000 1.538083 
-1.155000 1.530262 
-1.154000 1.522392 
-1.153000 1.514473 
-1.152000 1.506507 
-1.151000 1.498492 
-1.150000 1.490429 
-1.149000 1.482318 
-1.148000 1.474160 
-1.147000 1.465955 
-1.146000 1.457702 
-1.145000 1.449402 
-1.144000 1.441056 
-1.143000 1.432663 
-1.142000 1.424223 
-1.141000 1.415737 
-1.140000 1.407205 
-1.139000 1.398627 
-1.138000 1.390003 
-1.137000 1.381334 
-1.136000 1.372619 
-1.135000 1.363859 
-1.134000 1.355054 
-1.133000 1.346205 
-1.132000 1.337310 
-1.131000 1.328372 
-1.130000 1.319389 
-1.129000 1.310362 
-1.128000 1.301291 
-1.127000 1.292177 
-1.126000 1.283019 
-1.125000 1.273818 
-1.124000 1.264574 
-1.123000 1.255287 
-1.122000 1.245957 
-1.121000 1.236585 
-1.120000 1.227170 
-1.119000 1.217714 
-1.118000 1.208215 
-1.117000 1.198675 
-1.116000 1.189094 
-1.115000 1.179471 
-1.114000 1.169807 
-1.113000 1.160102 
-1.112000 1.150357 
-1.111000 1.140571 
-1.110000 1.130744 
-1.109000 1.120878 
-1.108000 1.110972 
-1.107000 1.101026 
-1.106000 1.091041 
-1.105000 1.081017 
-1.104000 1.070953 
-1.103000 1.060851 
-1.102000 1.050710 
-1.101000 1.040531 
-1.100000 1.030314 
-1.099000 1.020059 
-1.098000 1.009766 
-1.097000 0.999435 
-1.096000 0.989067 
-1.095000 0.978663 
-1.094000 0.968221 
-1.093000 0.957743 
-1.092000 0.947228 
-1.091000 0.936677 
-1.090000 0.926090 
-1.089000 0.915468 
-1.088000 0.904809 
-1.087000 0.894116 
-1.086000 0.883388 
-1.085000 0.872624 
-1.084000 0.861826 
-1.083000 0.850994 
-1.082000 0.840128 
-1.081000 0.829228 
-1.080000 0.818294 
-1.079000 0.807326 
-1.078000 0.796326 
-1.077000 0.785292 
-1.076000 0.774226 
-1.075000 0.763128 
-1.074000 0.751997 
-1.073000 0.740834 
-1.072000 0.729639 
-1.071000 0.718413 
-1.070000 0.707156 
-1.069000 0.695867 
-1.068000 0.684548 
-1.067000 0.673199 
-1.066000 0.661819 
-1.065000 0.650409 
-1.064000 0.638969 
-1.063000 0.627500 
-1.062000 0.616002 
-1.061000 0.604474 
-1.060000 0.592918 
-1.059000 0.581334 
-1.058000 0.569721 
-1.057000 0.558081 
-1.056000 0.546412 
-1.055000 0.534717 
-1.054000 0.522994 
-1.053000 0.511244 
-1.052000 0.499468 
-1.051000 0.487665 
-1.050000 0.475837 
-1.049000 0.463982 
-1.048000 0.452103 
-1.047000 0.440198 
-1.046000 0.428268 
-1.045000 0.416313 
-1.044000 0.404334 
-1.043000 0.392331 
-1.042000 0.380304 
-1.041000 0.368254 
-1.040000 0.356180 
-1.039000 0.344083 
-1.038000 0.331964 
-1.037000 0.319823 
-1.036000 0.307659 
-1.035000 0.295474 
-1.034000 0.283267 
-1.033000 0.271039 
-1.032000 0.258790 
-1.031000 0.246521 
-1.030000 0.234231 
-1.029000 0.221922 
-1.028000 0.209593 
-1.027000 0.197244 
-1.026000 0.184877 
-1.025000 0.172490 
-1.024000 0.160086 
-1.023000 0.147663 
-1.022000 0.135223 
-1.021000 0.122765 
-1.020000 0.110291 
-1.019000 0.097799 
-1.018000 0.085291 
-1.017000 0.072767 
-1.016000 0.060227 
-1.015000 0.047672 
-1.014000 0.035101 
-1.013000 0.022516 
-1.012000 0.009916 
-1.011000 -0.002697 
-1.010000 -0.015325 
-1.009000 -0.027966 
-1.008000 -0.040620 
-1.007000 -0.053286 
-1.006000 -0.065965 
-1.005000 -0.078657 
-1.004000 -0.091359 
-1.003000 -0.104073 
-1.002000 -0.116798 
-1.001000 -0.129534 
-1.000000 -0.142279 
-0.999000 -0.155035 
-0.998000 -0.167800 
-0.997000 -0.180574 
-0.996000 -0.193357 
-0.995000 -0.206149 
-0.994000 -0.218948 
-0.993000 -0.231755 
-0.992000 -0.244569 
-0.991000 -0.257390 
-0.990000 -0.270218 
-0.989000 -0.283052 
-0.988000 -0.295891 
-0.987000 -0.308736 
-0.986000 -0.321585 
-0.985000 -0.334439 
-0.984000 -0.347298 
-0.983000 -0.360160 
-0.982000 -0.373025 
-0.981000 -0.385893 
-0.980000 -0.398764 
-0.979000 -0.411637 
-0.978000 -0.424512 
-0.977000 -0.437388 
-0.976000 -0.450265 
-0.975000 -0.463142 
-0.974000 -0.476019 
-0.973000 -0.488896 
-0.972000 -0.501772 
-0.971000 -0.514647 
-0.970000 -0.527521 
-0.969000 -0.540392 
-0.968000 -0.553261 
-0.967000 -0.566126 
-0.966000 -0.578989 
-0.965000 -0.591847 
-0.964000 -0.604702 
-0.963000 -0.617551 
-0.962000 -0.630396 
-0.961000 -0.643235 
-0.960000 -0.656067 
-0.959000 -0.668894 
-0.958000 -0.681713 
-0.957000 -0.694525 
-0.956000 -0.707329 
-0.955000 -0.720124 
-0.954000 -0.732911 
-0.953000 -0.745689 
-0.952000 -0.758457 
-0.951000 -0.771214 
-0.950000 -0.783961 
-0.949000 -0.796697 
-0.948000 -0.809421 
-0.947000 -0.822133 
-0.946000 -0.834832 
-0.945000 -0.847518 
-0.944000 -0.860191 
-0.943000 -0.872849 
-0.942000 -0.885493 
-0.941000 -0.898122 
-0.940000 -0.910735 
-0.939000 -0.923332 
-0.938000 -0.935913 
-0.937000 -0.948476 
-0.936000 -0.961022 
-0.935000 -0.973550 
-0.934000 -0.986059 
-0.933000 -0.998549 
-0.932000 -1.011020 
-0.931000 -1.023470 
-0.930000 -1.035900 
-0.929000 -1.048308 
-0.928000 -1.060695 
-0.927000 -1.073059 
-0.926000 -1.085401 
-0.925000 -1.097719 
-0.924000 -1.110013 
-0.923000 -1.122283 
-0.922000 -1.134528 
-0.921000 -1.146748 
-0.920000 -1.158941 
-0.919000 -1.171108 
-0.918000 -1.183248 
-0.917000 -1.195360 
-0.916000 -1.207444 
-0.915000 -1.219500 
-0.914000 -1.231526 
-0.913000 -1.243522 
-0.912000 -1.255487 
-0.911000 -1.267422 
-0.910000 -1.279325 
-0.909000 -1.291195 
-0.908000 -1.303033 
-0.907000 -1.314838 
-0.906000 -1.326609 
-0.905000 -1.338346 
-0.904000 -1.350047 
-0.903000 -1.361713 
-0.902000 -1.373343 
-0.901000 -1.384936 
-0.900000 -1.396492 
-0.899000 -1.408009 
-0.898000 -1.419489 
-0.897000 -1.430929 
-0.896000 -1.442329 
-0.895000 -1.453690 
-0.894000 -1.465009 
-0.893000 -1.476287 
-0.892000 -1.487523 
-0.891000 -1.498716 
-0.890000 -1.509866 
-0.889000 -1.520972 
-0.888000 -1.532034 
-0.887000 -1.543050 
-0.886000 -1.554021 
-0.885000 -1.564946 
-0.884000 -1.575823 
-0.883000 -1.586654 
-0.882000 -1.597436 
-0.881000 -1.608169 
-0.880000 -1.618853 
-0.879000 -1.629487 
-0.878000 -1.640070 
-0.877000 -1.650603 
-0.876000 -1.661083 
-0.875000 -1.671511 
-0.874000 -1.681886 
-0.873000 -1.692208 
-0.872000 -1.702475 
-0.871000 -1.712687 
-0.870000 -1.722844 
-0.869000 -1.732944 
-0.868000 -1.742988 
-0.867000 -1.752974 
-0.866000 -1.762902 
-0.865000 -1.772772 
-0.864000 -1.782582 
-0.863000 -1.792333 
-0.862000 -1.802023 
-0.861000 -1.811651 
-0.860000 -1.821218 
-0.859000 -1.830723 
-0.858000 -1.840164 
-0.857000 -1.849542 
-0.856000 -1.858855 
-0.855000 -1.868104 
-0.854000 -1.877287 
-0.853000 -1.886404 
-0.852000 -1.895454 
-0.851000 -1.904436 
-0.850000 -1.913351 
-0.849000 -1.922196 
-0.848000 -1.930973 
-0.847000 -1.939679 
-0.846000 -1.948315 
-0.845000 -1.956880 
-0.844000 -1.965373 
-0.843000 -1.973793 
-0.842000 -1.982140 
-0.841000 -1.990414 
-0.840000 -1.998613 
-0.839000 -2.006738 
-0.838000 -2.014786 
-0.837000 -2.022759 
-0.836000 -2.030655 
-0.835000 -2.038474 
-0.834000 -2.046214 
-0.833000 -2.053876 
-0.832000 -2.061458 
-0.831000 -2.068961 
-0.830000 -2.076384 
-0.829000 -2.083725 
-0.828000 -2.090984 
-0.827000 -2.098162 
-0.826000 -2.105256 
-0.825000 -2.112267 
-0.824000 -2.119194 
-0.823000 -2.126037 
-0.822000 -2.132794 
-0.821000 -2.139465 
-0.820000 -2.146050 
-0.819000 -2.152548 
-0.818000 -2.158959 
-0.817000 -2.165281 
-0.816000 -2.171514 
-0.815000 -2.177659 
-0.814000 -2.183713 
-0.813000 -2.189677 
-0.812000 -2.195550 
-0.811000 -2.201332 
-0.810000 -2.207021 
-0.809000 -2.212618 
-0.808000 -2.218121 
-0.807000 -2.223531 
-0.806000 -2.228847 
-0.805000 -2.234068 
-0.804000 -2.239193 
-0.803000 -2.244223 
-0.802000 -2.249156 
-0.801000 -2.253992 
-0.800000 -2.258731 
-0.799000 -2.263372 
-0.798000 -2.267915 
-0.797000 -2.272358 
-0.796000 -2.276702 
-0.795000 -2.280946 
-0.794000 -2.285090 
-0.793000 -2.289133 
-0.792000 -2.293074 
-0.791000 -2.296914 
-0.790000 -2.300651 
-0.789000 -2.304286 
-0.788000 -2.307817 
-0.787000 -2.311244 
-0.786000 -2.314568 
-0.785000 -2.317786 
-0.784000 -2.320900 
-0.783000 -2.323908 
-0.782000 -2.326811 
-0.781000 -2.329607 
-0.780000 -2.332296 
-0.779000 -2.334879 
-0.778000 -2.337354 
-0.777000 -2.339721 
-0.776000 -2.341979 
-0.775000 -2.344129 
-0.774000 -2.346170 
-0.773000 -2.348102 
-0.772000 -2.349924 
-0.771000 -2.351635 
-0.770000 -2.353237 
-0.769000 -2.354727 
-0.768000 -2.356106 
-0.767000 -2.357374 
-0.766000 -2.358531 
-0.765000 -2.359575 
-0.764000 -2.360506 
-0.763000 -2.361326 
-0.762000 -2.362032 
-0.761000 -2.362625 
-0.760000 -2.363104 
-0.759000 -2.363470 
-0.758000 -2.363722 
-0.757000 -2.363859 
-0.756000 -2.363882 
-0.755000 -2.363790 
-0.754000 -2.363584 
-0.753000 -2.363262 
-0.752000 -2.362825 
-0.751000 -2.362272 
-0.750000 -2.361604 
-0.749000 -2.360819 
-0.748000 -2.359919 
-0.747000 -2.358902 
-0.746000 -2.357769 
-0.745000 -2.356520 
-0.744000 -2.355154 
-0.743000 -2.353671 
-0.742000 -2.352071 
-0.741000 -2.350354 
-0.740000 -2.348520 
-0.739000 -2.346569 
-0.738000 -2.344500 
-0.737000 -2.342314 
-0.736000 -2.340011 
-0.735000 -2.337591 
-0.734000 -2.335052 
-0.733000 -2.332397 
-0.732000 -2.329624 
-0.731000 -2.326733 
-0.730000 -2.323725 
-0.729000 -2.320599 
-0.728000 -2.317356 
-0.727000 -2.313995 
-0.726000 -2.310517 
-0.725000 -2.306921 
-0.724000 -2.303208 
-0.723000 -2.299378 
-0.722000 -2.295430 
-0.721000 -2.291366 
-0.720000 -2.287184 
-0.719000 -2.282886 
-0.718000 -2.278470 
-0.717000 -2.273938 
-0.716000 -2.269290 
-0.715000 -2.264525 
-0.714000 -2.259644 
-0.713000 -2.254647 
-0.712000 -2.249534 
-0.711000 -2.244306 
-0.710000 -2.238962 
-0.709000 -2.233503 
-0.708000 -2.227929 
-0.707000 -2.222240 
-0.706000 -2.216436 
-0.705000 -2.210518 
-0.704000 -2.204486 
-0.703000 -2.198341 
-0.702000 -2.192082 
-0.701000 -2.185709 
-0.700000 -2.179224 
-0.699000 -2.172626 
-0.698000 -2.165916 
-0.697000 -2.159094 
-0.696000 -2.152161 
-0.695000 -2.145116 
-0.694000 -2.137961 
-0.693000 -2.130695 
-0.692000 -2.123319 
-0.691000 -2.115833 
-0.690000 -2.108238 
-0.689000 -2.100534 
-0.688000 -2.092722 
-0.687000 -2.084802 
-0.686000 -2.076774 
-0.685000 -2.068639 
-0.684000 -2.060397 
-0.683000 -2.052049 
-0.682000 -2.043596 
-0.681000 -2.035037 
-0.680000 -2.026374 
-0.679000 -2.017606 
-0.678000 -2.008735 
-0.677000 -1.999761 
-0.676000 -1.990684 
-0.675000 -1.981505 
-0.674000 -1.972224 
-0.673000 -1.962843 
-0.672000 -1.953361 
-0.671000 -1.943780 
-0.670000 -1.934099 
-0.669000 -1.924320 
-0.668000 -1.914443 
-0.667000 -1.904468 
-0.666000 -1.894397 
-0.665000 -1.884230 
-0.664000 -1.873967 
-0.663000 -1.863610 
-0.662000 -1.853159 
-0.661000 -1.842614 
-0.660000 -1.831976 
-0.659000 -1.821246 
-0.658000 -1.810425 
-0.657000 -1.799514 
-0.656000 -1.788512 
-0.655000 -1.777421 
-0.654000 -1.766242 
-0.653000 -1.754974 
-0.652000 -1.743620 
-0.651000 -1.732180 
-0.650000 -1.720653 
-0.649000 -1.709043 
-0.648000 -1.697348 
-0.647000 -1.685570 
-0.646000 -1.673709 
-0.645000 -1.661767 
-0.644000 -1.649743 
-0.643000 -1.637640 
-0.642000 -1.625458 
-0.641000 -1.613197 
-0.640000 -1.600858 
-0.639000 -1.588442 
-0.638000 -1.575951 
-0.637000 -1.563384 
-0.636000 -1.550743 
-0.635000 -1.538029 
-0.634000 -1.525242 
-0.633000 -1.512383 
-0.632000 -1.499453 
-0.631000 -1.486453 
-0.630000 -1.473384 
-0.629000 -1.460247 
-0.628000 -1.447042 
-0.627000 -1.433771 
-0.626000 -1.420434 
-0.625000 -1.407032 
-0.624000 -1.393567 
-0.623000 -1.380038 
-0.622000 -1.366448 
-0.621000 -1.352796 
-0.620000 -1.339084 
-0.619000 -1.325313 
-0.618000 -1.311483 
-0.617000 -1.297596 
-0.616000 -1.283652 
-0.615000 -1.269652 
-0.614000 -1.255598 
-0.613000 -1.241490 
-0.612000 -1.227329 
-0.611000 -1.213117 
-0.610000 -1.198853 
-0.609000 -1.184539 
-0.608000 -1.170176 
-0.607000 -1.155765 
-0.606000 -1.141307 
-0.605000 -1.126802 
-0.604000 -1.112253 
-0.603000 -1.097658 
-0.602000 -1.083021 
-0.601000 -1.068341 
-0.600000 -1.053619 
-0.599000 -1.038857 
-0.598000 -1.024055 
-0.597000 -1.009214 
-0.596000 -0.994336 
-0.595000 -0.979421 
-0.594000 -0.964471 
-0.593000 -0.949485 
-0.592000 -0.934466 
-0.591000 -0.919413 
-0.590000 -0.904329 
-0.589000 -0.889213 
-0.588000 -0.874068 
-0.587000 -0.858893 
-0.586000 -0.843691 
-0.585000 -0.828461 
-0.584000 -0.813204 
-0.583000 -0.797923 
-0.582000 -0.782617 
-0.581000 -0.767288 
-0.580000 -0.751936 
-0.579000 -0.736563 
-0.578000 -0.721169 
-0.577000 -0.705755 
-0.576000 -0.690323 
-0.575000 -0.674873 
-0.574000 -0.659406 
-0.573000 -0.643923 
-0.572000 -0.628425 
-0.571000 -0.612913 
-0.570000 -0.597388 
-0.569000 -0.581851 
-0.568000 -0.566303 
-0.567000 -0.550744 
-0.566000 -0.535176 
-0.565000 -0.519599 
-0.564000 -0.504015 
-0.563000 -0.488423 
-0.562000 -0.472826 
-0.561000 -0.457224 
-0.560000 -0.441618 
-0.559000 -0.426009 
-0.558000 -0.410398 
-0.557000 -0.394785 
-0.556000 -0.379172 
-0.555000 -0.363559 
-0.554000 -0.347948 
-0.553000 -0.332338 
-0.552000 -0.316732 
-0.551000 -0.301129 
-0.550000 -0.285531 
-0.549000 -0.269939 
-0.548000 -0.254353 
-0.547000 -0.238775 
-0.546000 -0.223204 
-0.545000 -0.207643 
-0.544000 -0.192091 
-0.543000 -0.176550 
-0.542000 -0.161020 
-0.541000 -0.145502 
-0.540000 -0.129998 
-0.539000 -0.114507 
-0.538000 -0.099031 
-0.537000 -0.083571 
-0.536000 -0.068127 
-0.535000 -0.052699 
-0.534000 -0.037290 
-0.533000 -0.021899 
-0.532000 -0.006528 
-0.531000 0.008823 
-0.530000 0.024154 
-0.529000 0.039462 
-0.528000 0.054749 
-0.527000 0.070012 
-0.526000 0.085251 
-0.525000 0.100465 
-0.524000 0.115655 
-0.523000 0.130818 
-0.522000 0.145954 
-0.521000 0.161063 
-0.520000 0.176143 
-0.519000 0.191195 
-0.518000 0.206217 
-0.517000 0.221208 
-0.516000 0.236169 
-0.515000 0.251098 
-0.514000 0.265994 
-0.513000 0.280858 
-0.512000 0.295688 
-0.511000 0.310483 
-0.510000 0.325244 
-0.509000 0.339969 
-0.508000 0.354657 
-0.507000 0.369309 
-0.506000 0.383923 
-0.505000 0.398499 
-0.504000 0.413036 
-0.503000 0.427533 
-0.502000 0.441991 
-0.501000 0.456408 
-0.500000 0.470784 
-0.499000 0.485118 
-0.498000 0.499410 
-0.497000 0.513659 
-0.496000 0.527864 
-0.495000 0.542026 
-0.494000 0.556142 
-0.493000 0.570214 
-0.492000 0.584239 
-0.491000 0.598219 
-0.490000 0.612152 
-0.489000 0.626037 
-0.488000 0.639874 
-0.487000 0.653664 
-0.486000 0.667404 
-0.485000 0.681095 
-0.484000 0.694736 
-0.483000 0.708327 
-0.482000 0.721867 
-0.481000 0.735355 
-0.480000 0.748792 
-0.479000 0.762176 
-0.478000 0.775508 
-0.477000 0.788787 
-0.476000 0.802012 
-0.475000 0.815182 
-0.474000 0.828299 
-0.473000 0.841360 
-0.472000 0.854366 
-0.471000 0.867316 
-0.470000 0.880210 
-0.469000 0.893047 
-0.468000 0.905827 
-0.467000 0.918550 
-0.466000 0.931215 
-0.465000 0.943821 
-0.464000 0.956370 
-0.463000 0.968859 
-0.462000 0.981288 
-0.461000 0.993658 
-0.460000 1.005968 
-0.459000 1.018217 
-0.458000 1.030406 
-0.457000 1.042533 
-0.456000 1.054599 
-0.455000 1.066603 
-0.454000 1.078545 
-0.453000 1.090424 
-0.452000 1.102241 
-0.451000 1.113994 
-0.450000 1.125684 
-0.449000 1.137311 
-0.448000 1.148873 
-0.447000 1.160371 
-0.446000 1.171804 
-0.445000 1.183172 
-0.444000 1.194476 
-0.443000 1.205713 
-0.442000 1.216885 
-0.441000 1.227991 
-0.440000 1.239031 
-0.439000 1.250005 
-0.438000 1.260911 
-0.437000 1.271751 
-0.436000 1.282523 
-0.435000 1.293228 
-0.434000 1.303865 
-0.433000 1.314434 
-0.432000 1.324935 
-0.431000 1.335367 
-0.430000 1.345731 
-0.429000 1.356026 
-0.428000 1.366253 
-0.427000 1.376410 
-0.426000 1.386497 
-0.425000 1.396515 
-0.424000 1.406463 
-0.423000 1.416342 
-0.422000 1.426150 
-0.421000 1.435888 
-0.420000 1.445555 
-0.419000 1.455152 
-0.418000 1.464677 
-0.417000 1.474132 
-0.416000 1.483516 
-0.415000 1.492828 
-0.414000 1.502070 
-0.413000 1.511239 
-0.412000 1.520337 
-0.411000 1.529363 
-0.410000 1.538317 
-0.409000 1.547199 
-0.408000 1.556008 
-0.407000 1.564746 
-0.406000 1.573411 
-0.405000 1.582003 
-0.404000 1.590523 
-0.403000 1.598970 
-0.402000 1.607344 
-0.401000 1.615645 
-0.400000 1.623873 
-0.399000 1.632028 
-0.398000 1.640109 
-0.397000 1.648117 
-0.396000 1.656052 
-0.395000 1.663914 
-0.394000 1.671701 
-0.393000 1.679416 
-0.392000 1.687056 
-0.391000 1.694623 
-0.390000 1.702116 
-0.389000 1.709535 
-0.388000 1.716880 
-0.387000 1.724151 
-0.386000 1.731348 
-0.385000 1.738471 
-0.384000 1.745520 
-0.383000 1.752494 
-0.382000 1.759395 
-0.381000 1.766221 
-0.380000 1.772973 
-0.379000 1.779651 
-0.378000 1.786254 
-0.377000 1.792783 
-0.376000 1.799237 
-0.375000 1.805618 
-0.374000 1.811923 
-0.373000 1.818155 
-0.372000 1.824312 
-0.371000 1.830394 
-0.370000 1.836402 
-0.369000 1.842336 
-0.368000 1.848195 
-0.367000 1.853980 
-0.366000 1.859690 
-0.365000 1.865326 
-0.364000 1.870887 
-0.363000 1.876374 
-0.362000 1.881786 
-0.361000 1.887125 
-0.360000 1.892388 
-0.359000 1.897578 
-0.358000 1.902693 
-0.357000 1.907734 
-0.356000 1.912700 
-0.355000 1.917593 
-0.354000 1.922411 
-0.353000 1.927155 
-0.352000 1.931824 
-0.351000 1.936420 
-0.350000 1.940942 
-0.349000 1.945389 
-0.348000 1.949763 
-0.347000 1.954062 
-0.346000 1.958288 
-0.345000 1.962440 
-0.344000 1.966518 
-0.343000 1.970522 
-0.342000 1.974452 
-0.341000 1.978309 
-0.340000 1.982093 
-0.339000 1.985802 
-0.338000 1.989439 
-0.337000 1.993002 
-0.336000 1.996491 
-0.335000 1.999908 
-0.334000 2.003251 
-0.333000 2.006521 
-0.332000 2.009717 
-0.331000 2.012841 
-0.330000 2.015892 
-0.329000 2.018870 
-0.328000 2.021775 
-0.327000 2.024608 
-0.326000 2.027368 
-0.325000 2.030055 
-0.324000 2.032670 
-0.323000 2.035212 
-0.322000 2.037683 
-0.321000 2.040081 
-0.320000 2.042406 
-0.319000 2.044660 
-0.318000 2.046842 
-0.317000 2.048952 
-0.316000 2.050990 
-0.315000 2.052957 
-0.314000 2.054851 
-0.313000 2.056675 
-0.312000 2.058427 
-0.311000 2.060107 
-0.310000 2.061717 
-0.309000 2.063255 
-0.308000 2.064723 
-0.307000 2.066119 
-0.306000 2.067445 
-0.305000 2.068699 
-0.304000 2.069884 
-0.303000 2.070998 
-0.302000 2.072041 
-0.301000 2.073014 
-0.300000 2.073917 
-0.299000 2.074750 
-0.298000 2.075513 
-0.297000 2.076206 
-0.296000 2.076829 
-0.295000 2.077383 
-0.294000 2.077867 
-0.293000 2.078282 
-0.292000 2.078628 
-0.291000 2.078904 
-0.290000 2.079111 
-0.289000 2.079250 
-0.288000 2.079319 
-0.287000 2.079320 
-0.286000 2.079252 
-0.285000 2.079116 
-0.284000 2.078912 
-0.283000 2.078639 
-0.282000 2.078298 
-0.281000 2.077890 
-0.280000 2.077413 
-0.279000 2.076869 
-0.278000 2.076257 
-0.277000 2.075577 
-0.276000 2.074831 
-0.275000 2.074017 
-0.274000 2.073136 
-0.273000 2.072188 
-0.272000 2.071173 
-0.271000 2.070091 
-0.270000 2.068943 
-0.269000 2.067729 
-0.268000 2.066448 
-0.267000 2.065101 
-0.266000 2.063688 
-0.265000 2.062209 
-0.264000 2.060664 
-0.263000 2.059054 
-0.262000 2.057378 
-0.261000 2.055637 
-0.260000 2.053831 
-0.259000 2.051959 
-0.258000 2.050023 
-0.257000 2.048021 
-0.256000 2.045955 
-0.255000 2.043825 
-0.254000 2.041630 
-0.253000 2.039370 
-0.252000 2.037047 
-0.251000 2.034660 
-0.250000 2.032208 
-0.249000 2.029693 
-0.248000 2.027115 
-0.247000 2.024473 
-0.246000 2.021768 
-0.245000 2.018999 
-0.244000 2.016168 
-0.243000 2.013274 
-0.242000 2.010317 
-0.241000 2.007297 
-0.240000 2.004215 
-0.239000 2.001071 
-0.238000 1.997865 
-0.237000 1.994597 
-0.236000 1.991266 
-0.235000 1.987875 
-0.234000 1.984421 
-0.233000 1.980906 
-0.232000 1.977330 
-0.231000 1.973693 
-0.230000 1.969995 
-0.229000 1.966236 
-0.228000 1.962417 
-0.227000 1.958536 
-0.226000 1.954596 
-0.225000 1.950595 
-0.224000 1.946535 
-0.223000 1.942414 
-0.222000 1.938234 
-0.221000 1.933994 
-0.220000 1.929694 
-0.219000 1.925335 
-0.218000 1.920918 
-0.217000 1.916441 
-0.216000 1.911905 
-0.215000 1.907311 
-0.214000 1.902658 
-0.213000 1.897946 
-0.212000 1.893177 
-0.211000 1.888349 
-0.210000 1.883464 
-0.209000 1.878520 
-0.208000 1.873519 
-0.207000 1.868461 
-0.206000 1.863346 
-0.205000 1.858173 
-0.204000 1.852943 
-0.203000 1.847656 
-0.202000 1.842313 
-0.201000 1.836914 
-0.200000 1.831457 
-0.199000 1.825945 
-0.198000 1.820377 
-0.197000 1.814753 
-0.196000 1.809073 
-0.195000 1.803338 
-0.194000 1.797547 
-0.193000 1.791701 
-0.192000 1.785800 
-0.191000 1.779844 
-0.190000 1.773833 
-0.189000 1.767768 
-0.188000 1.761648 
-0.187000 1.755474 
-0.186000 1.749246 
-0.185000 1.742964 
-0.184000 1.736629 
-0.183000 1.730239 
-0.182000 1.723797 
-0.181000 1.717301 
-0.180000 1.710752 
-0.179000 1.704150 
-0.178000 1.697495 
-0.177000 1.690788 
-0.176000 1.684028 
-0.175000 1.677216 
-0.174000 1.670352 
-0.173000 1.663436 
-0.172000 1.656468 
-0.171000 1.649448 
-0.170000 1.642378 
-0.169000 1.635255 
-0.168000 1.628082 
-0.167000 1.620858 
-0.166000 1.613583 
-0.165000 1.606258 
-0.164000 1.598882 
-0.163000 1.591456 
-0.162000 1.583980 
-0.161000 1.576455 
-0.160000 1.568879 
-0.159000 1.561254 
-0.158000 1.553580 
-0.157000 1.545856 
-0.156000 1.538083 
-0.155000 1.530262 
-0.154000 1.522392 
-0.153000 1.514473 
-0.152000 1.506507 
-0.151000 1.498492 
-0.150000 1.490429 
-0.149000 1.482318 
-0.148000 1.474160 
-0.147000 1.465955 
-0.146000 1.457702 
-0.145000 1.449402 
-0.144000 1.441056 
-0.143000 1.432663 
-0.142000 1.424223 
-0.141000 1.415737 
-0.140000 1.407205 
-0.139000 1.398627 
-0.138000 1.390003 
-0.137000 1.381334 
-0.136000 1.372619 
-0.135000 1.363859 
-0.134000 1.355054 
-0.133000 1.346205 
-0.132000 1.337310 
-0.131000 1.328372 
-0.130000 1.319389 
-0.129000 1.310362 
-0.128000 1.301291 
-0.127000 1.292177 
-0.126000 1.283019 
-0.125000 1.273818 
-0.124000 1.264574 
-0.123000 1.255287 
-0.122000 1.245957 
-0.121000 1.236585 
-0.120000 1.227170 
-0.119000 1.217714 
-0.118000 1.208215 
-0.117000 1.198675 
-0.116000 1.189094 
-0.115000 1.179471 
-0.114000 1.169807 
-0.113000 1.160102 
-0.112000 1.150357 
-0.111000 1.140571 
-0.110000 1.130744 
-0.109000 1.120878 
-0.108000 1.110972 
-0.107000 1.101026 
-0.106000 1.091041 
-0.105000 1.081017 
-0.104000 1.070953 
-0.103000 1.060851 
-0.102000 1.050710 
-0.101000 1.040531 
-0.100000 1.030314 
-0.099000 1.020059 
-0.098000 1.009766 
-0.097000 0.999435 
-0.096000 0.989067 
-0.095000 0.978663 
-0.094000 0.968221 
-0.093000 0.957743 
-0.092000 0.947228 
-0.091000 0.936677 
-0.090000 0.926090 
-0.089000 0.915468 
-0.088000 0.904809 
-0.087000 0.894116 
-0.086000 0.883388 
-0.085000 0.872624 
-0.084000 0.861826 
-0.083000 0.850994 
-0.082000 0.840128 
-0.081000 0.829228 
-0.080000 0.818294 
-0.079000 0.807326 
-0.078000 0.796326 
-0.077000 0.785292 
-0.076000 0.774226 
-0.075000 0.763128 
-0.074000 0.751997 
-0.073000 0.740834 
-0.072000 0.729639 
-0.071000 0.718413 
-0.070000 0.707156 
-0.069000 0.695867 
-0.068000 0.684548 
-0.067000 0.673199 
-0.066000 0.661819 
-0.065000 0.650409 
-0.064000 0.638969 
-0.063000 0.627500 
-0.062000 0.616002 
-0.061000 0.604474 
-0.060000 0.592918 
-0.059000 0.581334 
-0.058000 0.569721 
-0.057000 0.558081 
-0.056000 0.546412 
-0.055000 0.534717 
-0.054000 0.522994 
-0.053000 0.511244 
-0.052000 0.499468 
-0.051000 0.487665 
-0.050000 0.475837 
-0.049000 0.463982 
-0.048000 0.452103 
-0.047000 0.440198 
-0.046000 0.428268 
-0.045000 0.416313 
-0.044000 0.404334 
-0.043000 0.392331 
-0.042000 0.380304 
-0.041000 0.368254 
-0.040000 0.356180 
-0.039000 0.344083 
-0.038000 0.331964 
-0.037000 0.319823 
-0.036000 0.307659 
-0.035000 0.295474 
-0.034000 0.283267 
-0.033000 0.271039 
-0.032000 0.258790 
-0.031000 0.246521 
-0.030000 0.234231 
-0.029000 0.221922 
-0.028000 0.209593 
-0.027000 0.197244 
-0.026000 0.184877 
-0.025000 0.172490 
-0.024000 0.160086 
-0.023000 0.147663 
-0.022000 0.135223 
-0.021000 0.122765 
-0.020000 0.110291 
-0.019000 0.097799 
-0.018000 0.085291 
-0.017000 0.072767 
-0.016000 0.060227 
-0.015000 0.047672 
-0.014000 0.035101 
-0.013000 0.022516 
-0.012000 0.009916 
-0.011000 -0.002697 
-0.010000 -0.015325 
-0.009000 -0.027966 
-0.008000 -0.040620 
-0.007000 -0.053286 
-0.006000 -0.065965 
-0.005000 -0.078657 
-0.004000 -0.091359 
-0.003000 -0.104073 
-0.002000 -0.116798 
-0.001000 -0.129534 
-0.000000 -0.142279 
0.001000 -0.155035 
0.002000 -0.167800 
0.003000 -0.180574 
0.004000 -0.193357 
0.005000 -0.206149 
0.006000 -0.218948 
0.007000 -0.231755 
0.008000 -0.244569 
0.009000 -0.257390 
0.010000 -0.270218 
0.011000 -0.283052 
0.012000 -0.295891 
0.013000 -0.308736 
0.014000 -0.321585 
0.015000 -0.334439 
0.016000 -0.347298 
0.017000 -0.360160 
0.018000 -0.373025 
0.019000 -0.385893 
0.020000 -0.398764 
0.021000 -0.411637 
0.022000 -0.424512 
0.023000 -0.437388 
0.024000 -0.450265 
0.025000 -0.463142 
0.026000 -0.476019 
0.027000 -0.488896 
0.028000 -0.501772 
0.029000 -0.514647 
0.030000 -0.527521 
0.031000 -0.540392 
0.032000 -0.553261 
0.033000 -0.566126 
0.034000 -0.578989 
0.035000 -0.591847 
0.036000 -0.604702 
0.037000 -0.617551 
0.038000 -0.630396 
0.039000 -0.643235 
0.040000 -0.656067 
0.041000 -0.668894 
0.042000 -0.681713 
0.043000 -0.694525 
0.044000 -0.707329 
0.045000 -0.720124 
0.046000 -0.732911 
0.047000 -0.745689 
0.048000 -0.758457 
0.049000 -0.771214 
0.050000 -0.783961 
0.051000 -0.796697 
0.052000 -0.809421 
0.053000 -0.822133 
0.054000 -0.834832 
0.055000 -0.847518 
0.056000 -0.860191 
0.057000 -0.872849 
0.058000 -0.885493 
0.059000 -0.898122 
0.060000 -0.910735 
0.061000 -0.923332 
0.062000 -0.935913 
0.063000 -0.948476 
0.064000 -0.961022 
0.065000 -0.973550 
0.066000 -0.986059 
0.067000 -0.998549 
0.068000 -1.011020 
0.069000 -1.023470 
0.070000 -1.035900 
0.071000 -1.048308 
0.072000 -1.060695 
0.073000 -1.073059 
0.074000 -1.085401 
0.075000 -1.097719 
0.076000 -1.110013 
0.077000 -1.122283 
0.078000 -1.134528 
0.079000 -1.146748 
0.080000 -1.158941 
0.081000 -1.171108 
0.082000 -1.183248 
0.083000 -1.195360 
0.084000 -1.207444 
0.085000 -1.219500 
0.086000 -1.231526 
0.087000 -1.243522 
0.088000 -1.255487 
0.089000 -1.267422 
0.090000 -1.279325 
0.091000 -1.291195 
0.092000 -1.303033 
0.093000 -1.314838 
0.094000 -1.326609 
0.095000 -1.338346 
0.096000 -1.350047 
0.097000 -1.361713 
0.098000 -1.373343 
0.099000 -1.384936 
0.100000 -1.396492 
0.101000 -1.408009 
0.102000 -1.419489 
0.103000 -1.430929 
0.104000 -1.442329 
0.105000 -1.453690 
0.106000 -1.465009 
0.107000 -1.476287 
0.108000 -1.487523 
0.109000 -1.498716 
0.110000 -1.509866 
0.111000 -1.520972 
0.112000 -1.532034 
0.113000 -1.543050 
0.114000 -1.554021 
0.115000 -1.564946 
0.116000 -1.575823 
0.117000 -1.586654 
0.118000 -1.597436 
0.119000 -1.608169 
0.120000 -1.618853 
0.121000 -1.629487 
0.122000 -1.640070 
0.123000 -1.650603 
0.124000 -1.661083 
0.125000 -1.671511 
0.126000 -1.681886 
0.127000 -1.692208 
0.128000 -1.702475 
0.129000 -1.712687 
0.130000 -1.722844 
0.131000 -1.732944 
0.132000 -1.742988 
0.133000 -1.752974 
0.134000 -1.762902 
0.135000 -1.772772 
0.136000 -1.782582 
0.137000 -1.792333 
0.138000 -1.802023 
0.139000 -1.811651 
0.140000 -1.821218 
0.141000 -1.830723 
0.142000 -1.840164 
0.143000 -1.849542 
0.144000 -1.858855 
0.145000 -1.868104 
0.146000 -1.877287 
0.147000 -1.886404 
0.148000 -1.895454 
0.149000 -1.904436 
0.150000 -1.913351 
0.151000 -1.922196 
0.152000 -1.930973 
0.153000 -1.939679 
0.154000 -1.948315 
0.155000 -1.956880 
0.156000 -1.965373 
0.157000 -1.973793 
0.158000 -1.982140 
0.159000 -1.990414 
0.160000 -1.998613 
0.161000 -2.006738 
0.162000 -2.014786 
0.163000 -2.022759 
0.164000 -2.030655 
0.165000 -2.038474 
0.166000 -2.046214 
0.167000 -2.053876 
0.168000 -2.061458 
0.169000 -2.068961 
0.170000 -2.076384 
0.171000 -2.083725 
0.172000 -2.090984 
0.173000 -2.098162 
0.174000 -2.105256 
0.175000 -2.112267 
0.176000 -2.119194 
0.177000 -2.126037 
0.178000 -2.132794 
0.179000 -2.139465 
0.180000 -2.146050 
0.181000 -2.152548 
0.182000 -2.158959 
0.183000 -2.165281 
0.184000 -2.171514 
0.185000 -2.177659 
0.186000 -2.183713 
0.187000 -2.189677 
0.188000 -2.195550 
0.189000 -2.201332 
0.190000 -2.207021 
0.191000 -2.212618 
0.192000 -2.218121 
0.193000 -2.223531 
0.194000 -2.228847 
0.195000 -2.234068 
0.196000 -2.239193 
0.197000 -2.244223 
0.198000 -2.249156 
0.199000 -2.253992 
0.200000 -2.258731 
0.201000 -2.263372 
0.202000 -2.267915 
0.203000 -2.272358 
0.204000 -2.276702 
0.205000 -2.280946 
0.206000 -2.285090 
0.207000 -2.289133 
0.208000 -2.293074 
0.209000 -2.296914 
0.210000 -2.300651 
0.211000 -2.304286 
0.212000 -2.307817 
0.213000 -2.311244 
0.214000 -2.314568 
0.215000 -2.317786 
0.216000 -2.320900 
0.217000 -2.323908 
0.218000 -2.326811 
0.219000 -2.329607 
0.220000 -2.332296 
0.221000 -2.334879 
0.222000 -2.337354 
0.223000 -2.339721 
0.224000 -2.341979 
0.225000 -2.344129 
0.226000 -2.346170 
0.227000 -2.348102 
0.228000 -2.349924 
0.229000 -2.351635 
0.230000 -2.353237 
0.231000 -2.354727 
0.232000 -2.356106 
0.233000 -2.357374 
0.234000 -2.358531 
0.235000 -2.359575 
0.236000 -2.360506 
0.237000 -2.361326 
0.238000 -2.362032 
0.239000 -2.362625 
0.240000 -2.363104 
0.241000 -2.363470 
0.242000 -2.363722 
0.243000 -2.363859 
0.244000 -2.363882 
0.245000 -2.363790 
0.246000 -2.363584 
0.247000 -2.363262 
0.248000 -2.362825 
0.249000 -2.362272 
0.250000 -2.361604 
0.251000 -2.360819 
0.252000 -2.359919 
0.253000 -2.358902 
0.254000 -2.357769 
0.255000 -2.356520 
0.256000 -2.355154 
0.257000 -2.353671 
0.258000 -2.352071 
0.259000 -2.350354 
0.260000 -2.348520 
0.261000 -2.346569 
0.262000 -2.344500 
0.263000 -2.342314 
0.264000 -2.340011 
0.265000 -2.337591 
0.266000 -2.335052 
0.267000 -2.332397 
0.268000 -2.329624 
0.269000 -2.326733 
0.270000 -2.323725 
0.271000 -2.320599 
0.272000 -2.317356 
0.273000 -2.313995 
0.274000 -2.310517 
0.275000 -2.306921 
0.276000 -2.303208 
0.277000 -2.299378 
0.278000 -2.295430 
0.279000 -2.291366 
0.280000 -2.287184 
0.281000 -2.282886 
0.282000 -2.278470 
0.283000 -2.273938 
0.284000 -2.269290 
0.285000 -2.264525 
0.286000 -2.259644 
0.287000 -2.254647 
0.288000 -2.249534 
0.289000 -2.244306 
0.290000 -2.238962 
0.291000 -2.233503 
0.292000 -2.227929 
0.293000 -2.222240 
0.294000 -2.216436 
0.295000 -2.210518 
0.296000 -2.204486 
0.297000 -2.198341 
0.298000 -2.192082 
0.299000 -2.185709 
0.300000 -2.179224 
0.301000 -2.172626 
0.302000 -2.165916 
0.303000 -2.159094 
0.304000 -2.152161 
0.305000 -2.145116 
0.306000 -2.137961 
0.307000 -2.130695 
0.308000 -2.123319 
0.309000 -2.115833 
0.310000 -2.108238 
0.311000 -2.100534 
0.312000 -2.092722 
0.313000 -2.084802 
0.314000 -2.076774 
0.315000 -2.068639 
0.316000 -2.060397 
0.317000 -2.052049 
0.318000 -2.043596 
0.319000 -2.035037 
0.320000 -2.026374 
0.321000 -2.017606 
0.322000 -2.008735 
0.323000 -1.999761 
0.324000 -1.990684 
0.325000 -1.981505 
0.326000 -1.972224 
0.327000 -1.962843 
0.328000 -1.953361 
0.329000 -1.943780 
0.330000 -1.934099 
0.331000 -1.924320 
0.332000 -1.914443 
0.333000 -1.904468 
0.334000 -1.894397 
0.335000 -1.884230 
0.336000 -1.873967 
0.337000 -1.863610 
0.338000 -1.853159 
0.339000 -1.842614 
0.340000 -1.831976 
0.341000 -1.821246 
0.342000 -1.810425 
0.343000 -1.799514 
0.344000 -1.788512 
0.345000 -1.777421 
0.346000 -1.766242 
0.347000 -1.754974 
0.348000 -1.743620 
0.349000 -1.732180 
0.350000 -1.720653 
0.351000 -1.709043 
0.352000 -1.697348 
0.353000 -1.685570 
0.354000 -1.673709 
0.355000 -1.661767 
0.356000 -1.649743 
0.357000 -1.637640 
0.358000 -1.625458 
0.359000 -1.613197 
0.360000 -1.600858 
0.361000 -1.588442 
0.362000 -1.575951 
0.363000 -1.563384 
0.364000 -1.550743 
0.365000 -1.538029 
0.366000 -1.525242 
0.367000 -1.512383 
0.368000 -1.499453 
0.369000 -1.486453 
0.370000 -1.473384 
0.371000 -1.460247 
0.372000 -1.447042 
0.373000 -1.433771 
0.374000 -1.420434 
0.375000 -1.407032 
0.376000 -1.393567 
0.377000 -1.380038 
0.378000 -1.366448 
0.379000 -1.352796 
0.380000 -1.339084 
0.381000 -1.325313 
0.382000 -1.311483 
0.383000 -1.297596 
0.384000 -1.283652 
0.385000 -1.269652 
0.386000 -1.255598 
0.387000 -1.241490 
0.388000 -1.227329 
0.389000 -1.213117 
0.390000 -1.198853 
0.391000 -1.184539 
0.392000 -1.170176 
0.393000 -1.155765 
0.394000 -1.141307 
0.395000 -1.126802 
0.396000 -1.112253 
0.397000 -1.097658 
0.398000 -1.083021 
0.399000 -1.068341 
0.400000 -1.053619 
0.401000 -1.038857 
0.402000 -1.024055 
0.403000 -1.009214 
0.404000 -0.994336 
0.405000 -0.979421 
0.406000 -0.964471 
0.407000 -0.949485 
0.408000 -0.934466 
0.409000 -0.919413 
0.410000 -0.904329 
0.411000 -0.889213 
0.412000 -0.874068 
0.413000 -0.858893 
0.414000 -0.843691 
0.415000 -0.828461 
0.416000 -0.813204 
0.417000 -0.797923 
0.418000 -0.782617 
0.419000 -0.767288 
0.420000 -0.751936 
0.421000 -0.736563 
0.422000 -0.721169 
0.423000 -0.705755 
0.424000 -0.690323 
0.425000 -0.674873 
0.426000 -0.659406 
0.427000 -0.643923 
0.428000 -0.628425 
0.429000 -0.612913 
0.430000 -0.597388 
0.431000 -0.581851 
0.432000 -0.566303 
0.433000 -0.550744 
0.434000 -0.535176 
0.435000 -0.519599 
0.436000 -0.504015 
0.437000 -0.488423 
0.438000 -0.472826 
0.439000 -0.457224 
0.440000 -0.441618 
0.441000 -0.426009 
0.442000 -0.410398 
0.443000 -0.394785 
0.444000 -0.379172 
0.445000 -0.363559 
0.446000 -0.347948 
0.447000 -0.332338 
0.448000 -0.316732 
0.449000 -0.301129 
0.450000 -0.285531 
0.451000 -0.269939 
0.452000 -0.254353 
0.453000 -0.238775 
0.454000 -0.223204 
0.455000 -0.207643 
0.456000 -0.192091 
0.457000 -0.176550 
0.458000 -0.161020 
0.459000 -0.145502 
0.460000 -0.129998 
0.461000 -0.114507 
0.462000 -0.099031 
0.463000 -0.083571 
0.464000 -0.068127 
0.465000 -0.052699 
0.466000 -0.037290 
0.467000 -0.021899 
0.468000 -0.006528 
0.469000 0.008823 
0.470000 0.024154 
0.471000 0.039462 
0.472000 0.054749 
0.473000 0.070012 
0.474000 0.085251 
0.475000 0.100465 
0.476000 0.115655 
0.477000 0.130818 
0.478000 0.145954 
0.479000 0.161063 
0.480000 0.176143 
0.481000 0.191195 
0.482000 0.206217 
0.483000 0.221208 
0.484000 0.236169 
0.485000 0.251098 
0.486000 0.265994 
0.487000 0.280858 
0.488000 0.295688 
0.489000 0.310483 
0.490000 0.325244 
0.491000 0.339969 
0.492000 0.354657 
0.493000 0.369309 
0.494000 0.383923 
0.495000 0.398499 
0.496000 0.413036 
0.497000 0.427533 
0.498000 0.441991 
0.499000 0.456408 
0.500000 0.470784 
0.501000 0.485118 
0.502000 0.499410 
0.503000 0.513659 
0.504000 0.527864 
0.505000 0.542026 
0.506000 0.556142 
0.507000 0.570214 
0.508000 0.584239 
0.509000 0.598219 
0.510000 0.612152 
0.511000 0.626037 
0.512000 0.639874 
0.513000 0.653664 
0.514000 0.667404 
0.515000 0.681095 
0.516000 0.694736 
0.517000 0.708327 
0.518000 0.721867 
0.519000 0.735355 
0.520000 0.748792 
0.521000 0.762176 
0.522000 0.775508 
0.523000 0.788787 
0.524000 0.802012 
0.525000 0.815182 
0.526000 0.828299 
0.527000 0.841360 
0.528000 0.854366 
0.529000 0.867316 
0.530000 0.880210 
0.531000 0.893047 
0.532000 0.905827 
0.533000 0.918550 
0.534000 0.931215 
0.535000 0.943821 
0.536000 0.956370 
0.537000 0.968859 
0.538000 0.981288 
0.539000 0.993658 
0.540000 1.005968 
0.541000 1.018217 
0.542000 1.030406 
0.543000 1.042533 
0.544000 1.054599 
0.545000 1.066603 
0.546000 1.078545 
0.547000 1.090424 
0.548000 1.102241 
0.549000 1.113994 
0.550000 1.125684 
0.551000 1.137311 
0.552000 1.148873 
0.553000 1.160371 
0.554000 1.171804 
0.555000 1.183172 
0.556000 1.194476 
0.557000 1.205713 
0.558000 1.216885 
0.559000 1.227991 
0.560000 1.239031 
0.561000 1.250005 
0.562000 1.260911 
0.563000 1.271751 
0.564000 1.282523 
0.565000 1.293228 
0.566000 1.303865 
0.567000 1.314434 
0.568000 1.324935 
0.569000 1.335367 
0.570000 1.345731 
0.571000 1.356026 
0.572000 1.366253 
0.573000 1.376410 
0.574000 1.386497 
0.575000 1.396515 
0.576000 1.406463 
0.577000 1.416342 
0.578000 1.426150 
0.579000 1.435888 
0.580000 1.445555 
0.581000 1.455152 
0.582000 1.464677 
0.583000 1.474132 
0.584000 1.483516 
0.585000 1.492828 
0.586000 1.502070 
0.587000 1.511239 
0.588000 1.520337 
0.589000 1.529363 
0.590000 1.538317 
0.591000 1.547199 
0.592000 1.556008 
0.593000 1.564746 
0.594000 1.573411 
0.595000 1.582003 
0.596000 1.590523 
0.597000 1.598970 
0.598000 1.607344 
0.599000 1.615645 
0.600000 1.623873 
0.601000 1.632028 
0.602000 1.640109 
0.603000 1.648117 
0.604000 1.656052 
0.605000 1.663914 
0.606000 1.671701 
0.607000 1.679416 
0.608000 1.687056 
0.609000 1.694623 
0.610000 1.702116 
0.611000 1.709535 
0.612000 1.716880 
0.613000 1.724151 
0.614000 1.731348 
0.615000 1.738471 
0.616000 1.745520 
0.617000 1.752494 
0.618000 1.759395 
0.619000 1.766221 
0.620000 1.772973 
0.621000 1.779651 
0.622000 1.786254 
0.623000 1.792783 
0.624000 1.799237 
0.625000 1.805618 
0.626000 1.811923 
0.627000 1.818155 
0.628000 1.824312 
0.629000 1.830394 
0.630000 1.836402 
0.631000 1.842336 
0.632000 1.848195 
0.633000 1.853980 
0.634000 1.859690 
0.635000 1.865326 
0.636000 1.870887 
0.637000 1.876374 
0.638000 1.881786 
0.639000 1.887125 
0.640000 1.892388 
0.641000 1.897578 
0.642000 1.902693 
0.643000 1.907734 
0.644000 1.912700 
0.645000 1.917593 
0.646000 1.922411 
0.647000 1.927155 
0.648000 1.931824 
0.649000 1.936420 
0.650000 1.940942 
0.651000 1.945389 
0.652000 1.949763 
0.653000 1.954062 
0.654000 1.958288 
0.655000 1.962440 
0.656000 1.966518 
0.657000 1.970522 
0.658000 1.974452 
0.659000 1.978309 
0.660000 1.982093 
0.661000 1.985802 
0.662000 1.989439 
0.663000 1.993002 
0.664000 1.996491 
0.665000 1.999908 
0.666000 2.003251 
0.667000 2.006521 
0.668000 2.009717 
0.669000 2.012841 
0.670000 2.015892 
0.671000 2.018870 
0.672000 2.021775 
0.673000 2.024608 
0.674000 2.027368 
0.675000 2.030055 
0.676000 2.032670 
0.677000 2.035212 
0.678000 2.037683 
0.679000 2.040081 
0.680000 2.042406 
0.681000 2.044660 
0.682000 2.046842 
0.683000 2.048952 
0.684000 2.050990 
0.685000 2.052957 
0.686000 2.054851 
0.687000 2.056675 
0.688000 2.058427 
0.689000 2.060107 
0.690000 2.061717 
0.691000 2.063255 
0.692000 2.064723 
0.693000 2.066119 
0.694000 2.067445 
0.695000 2.068699 
0.696000 2.069884 
0.697000 2.070998 
0.698000 2.072041 
0.699000 2.073014 
0.700000 2.073917 
0.701000 2.074750 
0.702000 2.075513 
0.703000 2.076206 
0.704000 2.076829 
0.705000 2.077383 
0.706000 2.077867 
0.707000 2.078282 
0.708000 2.078628 
0.709000 2.078904 
0.710000 2.079111 
0.711000 2.079250 
0.712000 2.079319 
0.713000 2.079320 
0.714000 2.079252 
0.715000 2.079116 
0.716000 2.078912 
0.717000 2.078639 
0.718000 2.078298 
0.719000 2.077890 
0.720000 2.077413 
0.721000 2.076869 
0.722000 2.076257 
0.723000 2.075577 
0.724000 2.074831 
0.725000 2.074017 
0.726000 2.073136 
0.727000 2.072188 
0.728000 2.071173 
0.729000 2.070091 
0.730000 2.068943 
0.731000 2.067729 
0.732000 2.066448 
0.733000 2.065101 
0.734000 2.063688 
0.735000 2.062209 
0.736000 2.060664 
0.737000 2.059054 
0.738000 2.057378 
0.739000 2.055637 
0.740000 2.053831 
0.741000 2.051959 
0.742000 2.050023 
0.743000 2.048021 
0.744000 2.045955 
0.745000 2.043825 
0.746000 2.041630 
0.747000 2.039370 
0.748000 2.037047 
0.749000 2.034660 
0.750000 2.032208 
0.751000 2.029693 
0.752000 2.027115 
0.753000 2.024473 
0.754000 2.021768 
0.755000 2.018999 
0.756000 2.016168 
0.757000 2.013274 
0.758000 2.010317 
0.759000 2.007297 
0.760000 2.004215 
0.761000 2.001071 
0.762000 1.997865 
0.763000 1.994597 
0.764000 1.991266 
0.765000 1.987875 
0.766000 1.984421 
0.767000 1.980906 
0.768000 1.977330 
0.769000 1.973693 
0.770000 1.969995 
0.771000 1.966236 
0.772000 1.962417 
0.773000 1.958536 
0.774000 1.954596 
0.775000 1.950595 
0.776000 1.946535 
0.777000 1.942414 
0.778000 1.938234 
0.779000 1.933994 
0.780000 1.929694 
0.781000 1.925335 
0.782000 1.920918 
0.783000 1.916441 
0.784000 1.911905 
0.785000 1.907311 
0.786000 1.902658 
0.787000 1.897946 
0.788000 1.893177 
0.789000 1.888349 
0.790000 1.883464 
0.791000 1.878520 
0.792000 1.873519 
0.793000 1.868461 
0.794000 1.863346 
0.795000 1.858173 
0.796000 1.852943 
0.797000 1.847656 
0.798000 1.842313 
0.799000 1.836914 
0.800000 1.831457 
0.801000 1.825945 
0.802000 1.820377 
0.803000 1.814753 
0.804000 1.809073 
0.805000 1.803338 
0.806000 1.797547 
0.807000 1.791701 
0.808000 1.785800 
0.809000 1.779844 
0.810000 1.773833 
0.811000 1.767768 
0.812000 1.761648 
0.813000 1.755474 
0.814000 1.749246 
0.815000 1.742964 
0.816000 1.736629 
0.817000 1.730239 
0.818000 1.723797 
0.819000 1.717301 
0.820000 1.710752 
0.821000 1.704150 
0.822000 1.697495 
0.823000 1.690788 
0.824000 1.684028 
0.825000 1.677216 
0.826000 1.670352 
0.827000 1.663436 
0.828000 1.656468 
0.829000 1.649448 
0.830000 1.642378 
0.831000 1.635255 
0.832000 1.628082 
0.833000 1.620858 
0.834000 1.613583 
0.835000 1.606258 
0.836000 1.598882 
0.837000 1.591456 
0.838000 1.583980 
0.839000 1.576455 
0.840000 1.568879 
0.841000 1.561254 
0.842000 1.553580 
0.843000 1.545856 
0.844000 1.538083 
0.845000 1.530262 
0.846000 1.522392 
0.847000 1.514473 
0.848000 1.506507 
0.849000 1.498492 
0.850000 1.490429 
0.851000 1.482318 
0.852000 1.474160 
0.853000 1.465955 
0.854000 1.457702 
0.855000 1.449402 
0.856000 1.441056 
0.857000 1.432663 
0.858000 1.424223 
0.859000 1.415737 
0.860000 1.407205 
0.861000 1.398627 
0.862000 1.390003 
0.863000 1.381334 
0.864000 1.372619 
0.865000 1.363859 
0.866000 1.355054 
0.867000 1.346205 
0.868000 1.337310 
0.869000 1.328372 
0.870000 1.319389 
0.871000 1.310362 
0.872000 1.301291 
0.873000 1.292177 
0.874000 1.283019 
0.875000 1.273818 
0.876000 1.264574 
0.877000 1.255287 
0.878000 1.245957 
0.879000 1.236585 
0.880000 1.227170 
0.881000 1.217714 
0.882000 1.208215 
0.883000 1.198675 
0.884000 1.189094 
0.885000 1.179471 
0.886000 1.169807 
0.887000 1.160102 
0.888000 1.150357 
0.889000 1.140571 
0.890000 1.130744 
0.891000 1.120878 
0.892000 1.110972 
0.893000 1.101026 
0.894000 1.091041 
0.895000 1.081017 
0.896000 1.070953 
0.897000 1.060851 
0.898000 1.050710 
0.899000 1.040531 
0.900000 1.030314 
0.901000 1.020059 
0.902000 1.009766 
0.903000 0.999435 
0.904000 0.989067 
0.905000 0.978663 
0.906000 0.968221 
0.907000 0.957743 
0.908000 0.947228 
0.909000 0.936677 
0.910000 0.926090 
0.911000 0.915468 
0.912000 0.904809 
0.913000 0.894116 
0.914000 0.883388 
0.915000 0.872624 
0.916000 0.861826 
0.917000 0.850994 
0.918000 0.840128 
0.919000 0.829228 
0.920000 0.818294 
0.921000 0.807326 
0.922000 0.796326 
0.923000 0.785292 
0.924000 0.774226 
0.925000 0.763128 
0.926000 0.751997 
0.927000 0.740834 
0.928000 0.729639 
0.929000 0.718413 
0.930000 0.707156 
0.931000 0.695867 
0.932000 0.684548 
0.933000 0.673199 
0.934000 0.661819 
0.935000 0.650409 
0.936000 0.638969 
0.937000 0.627500 
0.938000 0.616002 
0.939000 0.604474 
0.940000 0.592918 
0.941000 0.581334 
0.942000 0.569721 
0.943000 0.558081 
0.944000 0.546412 
0.945000 0.534717 
0.946000 0.522994 
0.947000 0.511244 
0.948000 0.499468 
0.949000 0.487665 
0.950000 0.475837 
0.951000 0.463982 
0.952000 0.452103 
0.953000 0.440198 
0.954000 0.428268 
0.955000 0.416313 
0.956000 0.404334 
0.957000 0.392331 
0.958000 0.380304 
0.959000 0.368254 
0.960000 0.356180 
0.961000 0.344083 
0.962000 0.331964 
0.963000 0.319823 
0.964000 0.307659 
0.965000 0.295474 
0.966000 0.283267 
0.967000 0.271039 
0.968000 0.258790 
0.969000 0.246521 
0.970000 0.234231 
0.971000 0.221922 
0.972000 0.209593 
0.973000 0.197244 
0.974000 0.184877 
0.975000 0.172490 
0.976000 0.160086 
0.977000 0.147663 
0.978000 0.135223 
0.979000 0.122765 
0.980000 0.110291 
0.981000 0.097799 
0.982000 0.085291 
0.983000 0.072767 
0.984000 0.060227 
0.985000 0.047672 
0.986000 0.035101 
0.987000 0.022516 
0.988000 0.009916 
0.989000 -0.002697 
0.990000 -0.015325 
0.991000 -0.027966 
0.992000 -0.040620 
0.993000 -0.053286 
0.994000 -0.065965 
0.995000 -0.078657 
0.996000 -0.091359 
0.997000 -0.104073 
0.998000 -0.116798 
0.999000 -0.129534 
1.000000 -0.142279 
1.001000 -0.155035 
1.002000 -0.167800 
1.003000 -0.180574 
1.004000 -0.193357 
1.005000 -0.206149 
1.006000 -0.218948 
1.007000 -0.231755 
1.008000 -0.244569 
1.009000 -0.257390 
1.010000 -0.270218 
1.011000 -0.283052 
1.012000 -0.295891 
1.013000 -0.308736 
1.014000 -0.321585 
1.015000 -0.334439 
1.016000 -0.347298 
1.017000 -0.360160 
1.018000 -0.373025 
1.019000 -0.385893 
1.020000 -0.398764 
1.021000 -0.411637 
1.022000 -0.424512 
1.023000 -0.437388 
1.024000 -0.450265 
1.025000 -0.463142 
1.026000 -0.476019 
1.027000 -0.488896 
1.028000 -0.501772 
1.029000 -0.514647 
1.030000 -0.527521 
1.031000 -0.540392 
1.032000 -0.553261 
1.033000 -0.566126 
1.034000 -0.578989 
1.035000 -0.591847 
1.036000 -0.604702 
1.037000 -0.617551 
1.038000 -0.630396 
1.039000 -0.643235 
1.040000 -0.656067 
1.041000 -0.668894 
1.042000 -0.681713 
1.043000 -0.694525 
1.044000 -0.707329 
1.045000 -0.720124 
1.046000 -0.732911 
1.047000 -0.745689 
1.048000 -0.758457 
1.049000 -0.771214 
1.050000 -0.783961 
1.051000 -0.796697 
1.052000 -0.809421 
1.053000 -0.822133 
1.054000 -0.834832 
1.055000 -0.847518 
1.056000 -0.860191 
1.057000 -0.872849 
1.058000 -0.885493 
1.059000 -0.898122 
1.060000 -0.910735 
1.061000 -0.923332 
1.062000 -0.935913 
1.063000 -0.948476 
1.064000 -0.961022 
1.065000 -0.973550 
1.066000 -0.986059 
1.067000 -0.998549 
1.068000 -1.011020 
1.069000 -1.023470 
1.070000 -1.035900 
1.071000 -1.048308 
1.072000 -1.060695 
1.073000 -1.073059 
1.074000 -1.085401 
1.075000 -1.097719 
1.076000 -1.110013 
1.077000 -1.122283 
1.078000 -1.134528 
1.079000 -1.146748 
1.080000 -1.158941 
1.081000 -1.171108 
1.082000 -1.183248 
1.083000 -1.195360 
1.084000 -1.207444 
1.085000 -1.219500 
1.086000 -1.231526 
1.087000 -1.243522 
1.088000 -1.255487 
1.089000 -1.267422 
1.090000 -1.279325 
1.091000 -1.291195 
1.092000 -1.303033 
1.093000 -1.314838 
1.094000 -1.326609 
1.095000 -1.338346 
1.096000 -1.350047 
1.097000 -1.361713 
1.098000 -1.373343 
1.099000 -1.384936 
1.100000 -1.396492 
1.101000 -1.408009 
1.102000 -1.419489 
1.103000 -1.430929 
1.104000 -1.442329 
1.105000 -1.453690 
1.106000 -1.465009 
1.107000 -1.476287 
1.108000 -1.487523 
1.109000 -1.498716 
1.110000 -1.509866 
1.111000 -1.520972 
1.112000 -1.532034 
1.113000 -1.543050 
1.114000 -1.554021 
1.115000 -1.564946 
1.116000 -1.575823 
1.117000 -1.586654 
1.118000 -1.597436 
1.119000 -1.608169 
1.120000 -1.618853 
1.121000 -1.629487 
1.122000 -1.640070 
1.123000 -1.650603 
1.124000 -1.661083 
1.125000 -1.671511 
1.126000 -1.681886 
1.127000 -1.692208 
1.128000 -1.702475 
1.129000 -1.712687 
1.130000 -1.722844 
1.131000 -1.732944 
1.132000 -1.742988 
1.133000 -1.752974 
1.134000 -1.762902 
1.135000 -1.772772 
1.136000 -1.782582 
1.137000 -1.792333 
1.138000 -1.802023 
1.139000 -1.811651 
1.140000 -1.821218 
1.141000 -1.830723 
1.142000 -1.840164 
1.143000 -1.849542 
1.144000 -1.858855 
1.145000 -1.868104 
1.146000 -1.877287 
1.147000 -1.886404 
1.148000 -1.895454 
1.149000 -1.904436 
1.150000 -1.913351 
1.151000 -1.922196 
1.152000 -1.930973 
1.153000 -1.939679 
1.154000 -1.948315 
1.155000 -1.956880 
1.156000 -1.965373 
1.157000 -1.973793 
1.158000 -1.982140 
1.159000 -1.990414 
1.160000 -1.998613 
1.161000 -2.006738 
1.162000 -2.014786 
1.163000 -2.022759 
1.164000 -2.030655 
1.165000 -2.038474 
1.166000 -2.046214 
1.167000 -2.053876 
1.168000 -2.061458 
1.169000 -2.068961 
1.170000 -2.076384 
1.171000 -2.083725 
1.172000 -2.090984 
1.173000 -2.098162 
1.174000 -2.105256 
1.175000 -2.112267 
1.176000 -2.119194 
1.177000 -2.126037 
1.178000 -2.132794 
1.179000 -2.139465 
1.180000 -2.146050 
1.181000 -2.152548 
1.182000 -2.158959 
1.183000 -2.165281 
1.184000 -2.171514 
1.185000 -2.177659 
1.186000 -2.183713 
1.187000 -2.189677 
1.188000 -2.195550 
1.189000 -2.201332 
1.190000 -2.207021 
1.191000 -2.212618 
1.192000 -2.218121 
1.193000 -2.223531 
1.194000 -2.228847 
1.195000 -2.234068 
1.196000 -2.239193 
1.197000 -2.244223 
1.198000 -2.249156 
1.199000 -2.253992 
1.200000 -2.258731 
1.201000 -2.263372 
1.202000 -2.267915 
1.203000 -2.272358 
1.204000 -2.276702 
1.205000 -2.280946 
1.206000 -2.285090 
1.207000 -2.289133 
1.208000 -2.293074 
1.209000 -2.296914 
1.210000 -2.300651 
1.211000 -2.304286 
1.212000 -2.307817 
1.213000 -2.311244 
1.214000 -2.314568 
1.215000 -2.317786 
1.216000 -2.320900 
1.217000 -2.323908 
1.218000 -2.326811 
1.219000 -2.329607 
1.220000 -2.332296 
1.221000 -2.334879 
1.222000 -2.337354 
1.223000 -2.339721 
1.224000 -2.341979 
1.225000 -2.344129 
1.226000 -2.346170 
1.227000 -2.348102 
1.228000 -2.349924 
1.229000 -2.351635 
1.230000 -2.353237 
1.231000 -2.354727 
1.232000 -2.356106 
1.233000 -2.357374 
1.234000 -2.358531 
1.235000 -2.359575 
1.236000 -2.360506 
1.237000 -2.361326 
1.238000 -2.362032 
1.239000 -2.362625 
1.240000 -2.363104 
1.241000 -2.363470 
1.242000 -2.363722 
1.243000 -2.363859 
1.244000 -2.363882 
1.245000 -2.363790 
1.246000 -2.363584 
1.247000 -2.363262 
1.248000 -2.362825 
1.249000 -2.362272 
1.250000 -2.361604 
1.251000 -2.360819 
1.252000 -2.359919 
1.253000 -2.358902 
1.254000 -2.357769 
1.255000 -2.356520 
1.256000 -2.355154 
1.257000 -2.353671 
1.258000 -2.352071 
1.259000 -2.350354 
1.260000 -2.348520 
1.261000 -2.346569 
1.262000 -2.344500 
1.263000 -2.342314 
1.264000 -2.340011 
1.265000 -2.337591 
1.266000 -2.335052 
1.267000 -2.332397 
1.268000 -2.329624 
1.269000 -2.326733 
1.270000 -2.323725 
1.271000 -2.320599 
1.272000 -2.317356 
1.273000 -2.313995 
1.274000 -2.310517 
1.275000 -2.306921 
1.276000 -2.303208 
1.277000 -2.299378 
1.278000 -2.295430 
1.279000 -2.291366 
1.280000 -2.287184 
1.281000 -2.282886 
1.282000 -2.278470 
1.283000 -2.273938 
1.284000 -2.269290 
1.285000 -2.264525 
1.286000 -2.259644 
1.287000 -2.254647 
1.288000 -2.249534 
1.289000 -2.244306 
1.290000 -2.238962 
1.291000 -2.233503 
1.292000 -2.227929 
1.293000 -2.222240 
1.294000 -2.216436 
1.295000 -2.210518 
1.296000 -2.204486 
1.297000 -2.198341 
1.298000 -2.192082 
1.299000 -2.185709 
1.300000 -2.179224 
1.301000 -2.172626 
1.302000 -2.165916 
1.303000 -2.159094 
1.304000 -2.152161 
1.305000 -2.145116 
1.306000 -2.137961 
1.307000 -2.130695 
1.308000 -2.123319 
1.309000 -2.115833 
1.310000 -2.108238 
1.311000 -2.100534 
1.312000 -2.092722 
1.313000 -2.084802 
1.314000 -2.076774 
1.315000 -2.068639 
1.316000 -2.060397 
1.317000 -2.052049 
1.318000 -2.043596 
1.319000 -2.035037 
1.320000 -2.026374 
1.321000 -2.017606 
1.322000 -2.008735 
1.323000 -1.999761 
1.324000 -1.990684 
1.325000 -1.981505 
1.326000 -1.972224 
1.327000 -1.962843 
1.328000 -1.953361 
1.329000 -1.943780 
1.330000 -1.934099 
1.331000 -1.924320 
1.332000 -1.914443 
1.333000 -1.904468 
1.334000 -1.894397 
1.335000 -1.884230 
1.336000 -1.873967 
1.337000 -1.863610 
1.338000 -1.853159 
1.339000 -1.842614 
1.340000 -1.831976 
1.341000 -1.821246 
1.342000 -1.810425 
1.343000 -1.799514 
1.344000 -1.788512 
1.345000 -1.777421 
1.346000 -1.766242 
1.347000 -1.754974 
1.348000 -1.743620 
1.349000 -1.732180 
1.350000 -1.720653 
1.351000 -1.709043 
1.352000 -1.697348 
1.353000 -1.685570 
1.354000 -1.673709 
1.355000 -1.661767 
1.356000 -1.649743 
1.357000 -1.637640 
1.358000 -1.625458 
1.359000 -1.613197 
1.360000 -1.600858 
1.361000 -1.588442 
1.362000 -1.575951 
1.363000 -1.563384 
1.364000 -1.550743 
1.365000 -1.538029 
1.366000 -1.525242 
1.367000 -1.512383 
1.368000 -1.499453 
1.369000 -1.486453 
1.370000 -1.473384 
1.371000 -1.460247 
1.372000 -1.447042 
1.373000 -1.433771 
1.374000 -1.420434 
1.375000 -1.407032 
1.376000 -1.393567 
1.377000 -1.380038 
1.378000 -1.366448 
1.379000 -1.352796 
1.380000 -1.339084 
1.381000 -1.325313 
1.382000 -1.311483 
1.383000 -1.297596 
1.384000 -1.283652 
1.385000 -1.269652 
1.386000 -1.255598 
1.387000 -1.241490 
1.388000 -1.227329 
1.389000 -1.213117 
1.390000 -1.198853 
1.391000 -1.184539 
1.392000 -1.170176 
1.393000 -1.155765 
1.394000 -1.141307 
1.395000 -1.126802 
1.396000 -1.112253 
1.397000 -1.097658 
1.398000 -1.083021 
1.399000 -1.068341 
1.400000 -1.053619 
1.401000 -1.038857 
1.402000 -1.024055 
1.403000 -1.009214 
1.404000 -0.994336 
1.405000 -0.979421 
1.406000 -0.964471 
1.407000 -0.949485 
1.408000 -0.934466 
1.409000 -0.919413 
1.410000 -0.904329 
1.411000 -0.889213 
1.412000 -0.874068 
1.413000 -0.858893 
1.414000 -0.843691 
1.415000 -0.828461 
1.416000 -0.813204 
1.417000 -0.797923 
1.418000 -0.782617 
1.419000 -0.767288 
1.420000 -0.751936 
1.421000 -0.736563 
1.422000 -0.721169 
1.423000 -0.705755 
1.424000 -0.690323 
1.425000 -0.674873 
1.426000 -0.659406 
1.427000 -0.643923 
1.428000 -0.628425 
1.429000 -0.612913 
1.430000 -0.597388 
1.431000 -0.581851 
1.432000 -0.566303 
1.433000 -0.550744 
1.434000 -0.535176 
1.435000 -0.519599 
1.436000 -0.504015 
1.437000 -0.488423 
1.438000 -0.472826 
1.439000 -0.457224 
1.440000 -0.441618 
1.441000 -0.426009 
1.442000 -0.410398 
1.443000 -0.394785 
1.444000 -0.379172 
1.445000 -0.363559 
1.446000 -0.347948 
1.447000 -0.332338 
1.448000 -0.316732 
1.449000 -0.301129 
1.450000 -0.285531 
1.451000 -0.269939 
1.452000 -0.254353 
1.453000 -0.238775 
1.454000 -0.223204 
1.455000 -0.207643 
1.456000 -0.192091 
1.457000 -0.176550 
1.458000 -0.161020 
1.459000 -0.145502 
1.460000 -0.129998 
1.461000 -0.114507 
1.462000 -0.099031 
1.463000 -0.083571 
1.464000 -0.068127 
1.465000 -0.052699 
1.466000 -0.037290 
1.467000 -0.021899 
1.468000 -0.006528 
1.469000 0.008823 
1.470000 0.024154 
1.471000 0.039462 
1.472000 0.054749 
1.473000 0.070012 
1.474000 0.085251 
1.475000 0.100465 
1.476000 0.115655 
1.477000 0.130818 
1.478000 0.145954 
1.479000 0.161063 
1.480000 0.176143 
1.481000 0.191195 
1.482000 0.206217 
1.483000 0.221208 
1.484000 0.236169 
1.485000 0.251098 
1.486000 0.265994 
1.487000 0.280858 
1.488000 0.295688 
1.489000 0.310483 
1.490000 0.325244 
1.491000 0.339969 
1.492000 0.354657 
1.493000 0.369309 
1.494000 0.383923 
1.495000 0.398499 
1.496000 0.413036 
1.497000 0.427533 
1.498000 0.441991 
1.499000 0.456408 
