# time Tc_folded Tref_folded value value_err offset model full_model val_compare val_compare_err residuals residuals_err jitter jitter_flag offset_flag subset_flag 
2452937.547371 2.998646 1.000000 -2.900000 0.600000 0.756910 -2.159456 -2.975792 -2.083664 0.600000 0.075792 0.600000 2.406878  -1   0  -1 
2453149.838415 1.025550 0.861869 -2.100000 0.600000 0.756910 -1.001248 -2.628552 -0.472696 0.600000 0.528552 0.600000 2.406878  -1   0  -1 
2453149.916798 1.103933 0.867357 -0.000000 0.600000 0.756910 -1.070625 -2.681121 1.610496 0.600000 2.681121 0.600000 2.406878  -1   0  -1 
2453150.817130 2.004265 0.930386 0.100000 0.800000 0.756910 -1.748759 -3.161750 1.512990 0.800000 3.261750 0.800000 2.406878  -1   0  -1 
2453157.855306 -5.241835 0.423108 4.500000 0.700000 0.756910 1.606467 1.855526 4.250941 0.700000 2.644474 0.700000 2.406878  -1   0  -1 
2453288.510985 -3.144640 0.569927 4.900000 1.000000 0.756910 2.155183 1.373334 5.681848 1.000000 3.526666 1.000000 2.406878  -1   0  -1 
2453288.512073 -3.143552 0.570003 3.600000 1.000000 0.756910 2.155013 1.373425 4.381588 1.000000 2.226575 1.000000 2.406878  -1   0  -1 
2453288.513115 -3.142510 0.570076 3.700000 1.000000 0.756910 2.154850 1.373511 4.481339 1.000000 2.326489 1.000000 2.406878  -1   0  -1 
2453288.514168 -3.141457 0.570149 3.600000 1.000000 0.756910 2.154684 1.373598 4.381087 1.000000 2.226402 1.000000 2.406878  -1   0  -1 
2453288.515209 -3.140416 0.570222 4.600000 1.200000 0.756910 2.154521 1.373683 5.380837 1.200000 3.226317 1.200000 2.406878  -1   0  -1 
2453288.516274 -3.139351 0.570297 3.500000 1.100000 0.756910 2.154352 1.373770 4.280583 1.100000 2.126230 1.100000 2.406878  -1   0  -1 
2453288.517350 -3.138275 0.570372 3.000000 1.000000 0.756910 2.154182 1.373857 3.780325 1.000000 1.626143 1.000000 2.406878  -1   0  -1 
2453288.518392 -3.137233 0.570445 3.500000 1.000000 0.756910 2.154017 1.373941 4.280076 1.000000 2.126059 1.000000 2.406878  -1   0  -1 
2453288.519457 -3.136168 0.570520 6.300000 1.000000 0.756910 2.153847 1.374026 7.079821 1.000000 4.925974 1.000000 2.406878  -1   0  -1 
2453288.520522 -3.135103 0.570594 2.000000 1.000000 0.756910 2.153677 1.374111 2.779566 1.000000 0.625889 1.000000 2.406878  -1   0  -1 
2453289.509851 -2.145774 0.639854 -0.200000 1.000000 0.756910 1.796213 1.254176 0.342037 1.000000 -1.454176 1.000000 2.406878  -1   0  -1 
2453289.510916 -2.144709 0.639929 1.000000 1.000000 0.756910 1.795623 1.253842 1.541781 1.000000 -0.253842 1.000000 2.406878  -1   0  -1 
2453289.511969 -2.143656 0.640003 2.400000 0.900000 0.756910 1.795039 1.253511 2.941527 0.900000 1.146489 0.900000 2.406878  -1   0  -1 
2453289.515151 -2.140474 0.640225 -0.600000 1.000000 0.756910 1.793271 1.252509 -0.059238 1.000000 -1.852509 1.000000 2.406878  -1   0  -1 
2453289.516193 -2.139432 0.640298 0.200000 0.900000 0.756910 1.792691 1.252180 0.740511 0.900000 -1.052180 0.900000 2.406878  -1   0  -1 
2453289.517235 -2.138390 0.640371 4.100000 0.900000 0.756910 1.792111 1.251851 4.640260 0.900000 2.848149 0.900000 2.406878  -1   0  -1 
2453289.518276 -2.137349 0.640444 -0.100000 1.000000 0.756910 1.791531 1.251521 0.440010 1.000000 -1.351521 1.000000 2.406878  -1   0  -1 
2453289.519364 -2.136261 0.640520 2.300000 0.900000 0.756910 1.790924 1.251176 2.839748 0.900000 1.048824 0.900000 2.406878  -1   0  -1 
2453289.520383 -2.135242 0.640592 1.300000 0.900000 0.756910 1.790356 1.250853 1.839503 0.900000 0.049147 0.900000 2.406878  -1   0  -1 
2453289.521459 -2.134166 0.640667 2.600000 0.900000 0.756910 1.789755 1.250511 3.139244 0.900000 1.349489 0.900000 2.406878  -1   0  -1 
2453289.535926 -2.119699 0.641680 -1.600000 1.100000 0.756910 1.781636 1.245874 -1.064238 1.100000 -2.845874 1.100000 2.406878  -1   0  -1 
2453289.536990 -2.118635 0.641754 -0.300000 1.000000 0.756910 1.781036 1.245530 0.235506 1.000000 -1.545530 1.000000 2.406878  -1   0  -1 
2453289.538078 -2.117547 0.641830 3.100000 1.000000 0.756910 1.780422 1.245178 3.635244 1.000000 1.854822 1.000000 2.406878  -1   0  -1 
2453289.539120 -2.116505 0.641903 0.600000 1.000000 0.756910 1.779834 1.244840 1.134993 1.000000 -0.644840 1.000000 2.406878  -1   0  -1 
2453289.540138 -2.115487 0.641975 -1.600000 0.900000 0.756910 1.779259 1.244510 -1.065252 0.900000 -2.844510 0.900000 2.406878  -1   0  -1 
2453289.541238 -2.114387 0.642052 0.800000 1.100000 0.756910 1.778636 1.244153 1.334484 1.100000 -0.444153 1.100000 2.406878  -1   0  -1 
2453289.542256 -2.113369 0.642123 0.800000 1.000000 0.756910 1.778060 1.243822 1.334239 1.000000 -0.443822 1.000000 2.406878  -1   0  -1 
2453289.543321 -2.112304 0.642197 0.600000 1.000000 0.756910 1.777457 1.243475 1.133982 1.000000 -0.643475 1.000000 2.406878  -1   0  -1 
2453289.544351 -2.111274 0.642270 -0.800000 1.000000 0.756910 1.776874 1.243139 -0.266265 1.000000 -2.043139 1.000000 2.406878  -1   0  -1 
2453289.545404 -2.110221 0.642343 0.000000 1.000000 0.756910 1.776277 1.242795 0.533481 1.000000 -1.242795 1.000000 2.406878  -1   0  -1 
2453289.550820 -2.104805 0.642722 0.900000 1.000000 0.756910 1.773199 1.241021 1.432178 1.000000 -0.341021 1.000000 2.406878  -1   0  -1 
2453289.551862 -2.103763 0.642795 -0.000000 0.900000 0.756910 1.772606 1.240679 0.531927 0.900000 -1.240679 0.900000 2.406878  -1   0  -1 
2453289.552915 -2.102710 0.642869 0.800000 0.900000 0.756910 1.772006 1.240332 1.331674 0.900000 -0.440332 0.900000 2.406878  -1   0  -1 
2453290.516529 -1.139096 0.710329 2.000000 1.300000 0.756910 1.072391 0.772710 2.299680 1.300000 1.227290 1.300000 2.406878  -1   0  -1 
2453290.517582 -1.138043 0.710403 -0.000000 1.300000 0.756910 1.071484 0.772057 0.299427 1.300000 -0.772057 1.300000 2.406878  -1   0  -1 
2453290.518612 -1.137013 0.710475 2.400000 1.300000 0.756910 1.070597 0.771418 2.699179 1.300000 1.628582 1.300000 2.406878  -1   0  -1 
2453290.519665 -1.135960 0.710548 -3.000000 1.300000 0.756910 1.069689 0.770764 -2.701074 1.300000 -3.770764 1.300000 2.406878  -1   0  -1 
2453290.520730 -1.134895 0.710623 3.100000 1.500000 0.756910 1.068772 0.770102 3.398669 1.500000 2.329898 1.500000 2.406878  -1   0  -1 
2453290.521737 -1.133888 0.710693 0.700000 1.500000 0.756910 1.067904 0.769476 0.998427 1.500000 -0.069476 1.500000 2.406878  -1   0  -1 
2453290.522824 -1.132801 0.710770 -1.700000 1.700000 0.756910 1.066966 0.768801 -1.401834 1.700000 -2.468801 1.700000 2.406878  -1   0  -1 
2453290.523878 -1.131747 0.710843 1.700000 1.700000 0.756910 1.066057 0.768145 1.997912 1.700000 0.931855 1.700000 2.406878  -1   0  -1 
2453290.524942 -1.130683 0.710918 0.300000 1.500000 0.756910 1.065139 0.767483 0.597656 1.500000 -0.467483 1.500000 2.406878  -1   0  -1 
2453290.525972 -1.129653 0.710990 -3.000000 1.600000 0.756910 1.064250 0.766842 -2.702592 1.600000 -3.766842 1.600000 2.406878  -1   0  -1 
2453293.491230 1.835605 0.918579 0.300000 1.400000 0.756910 -1.641023 -1.236110 -0.104913 1.400000 1.536110 1.400000 2.406878  -1   0  -1 
2453293.492283 1.836658 0.918653 1.500000 1.400000 0.756910 -1.641727 -1.236571 1.094845 1.400000 2.736571 1.400000 2.406878  -1   0  -1 
2453293.493371 1.837746 0.918729 0.800000 1.200000 0.756910 -1.642453 -1.237048 0.394595 1.200000 2.037048 1.200000 2.406878  -1   0  -1 
2453293.494459 1.838834 0.918805 -3.100000 1.200000 0.756910 -1.643179 -1.237524 -3.505655 1.200000 -1.862476 1.200000 2.406878  -1   0  -1 
2453293.495489 1.839864 0.918877 0.900000 1.400000 0.756910 -1.643866 -1.237974 0.494108 1.400000 2.137974 1.400000 2.406878  -1   0  -1 
2453293.496507 1.840882 0.918948 -0.800000 1.200000 0.756910 -1.644544 -1.238418 -1.206126 1.200000 0.438418 1.200000 2.406878  -1   0  -1 
2453293.497630 1.842005 0.919027 -2.900000 1.200000 0.756910 -1.645292 -1.238908 -3.306384 1.200000 -1.661092 1.200000 2.406878  -1   0  -1 
2453293.498671 1.843046 0.919100 -0.400000 1.200000 0.756910 -1.645985 -1.239362 -0.806623 1.200000 0.839362 1.200000 2.406878  -1   0  -1 
2453294.486901 2.831276 0.988283 -0.900000 0.900000 0.756910 -2.119036 -1.489628 -1.529408 0.900000 0.589628 0.900000 2.406878  -1   0  -1 
2453294.488846 2.833221 0.988419 -3.600000 0.800000 0.756910 -2.119575 -1.489739 -4.229837 0.800000 -2.110261 0.800000 2.406878  -1   0  -1 
2453294.490721 2.835096 0.988550 0.100000 0.800000 0.756910 -2.120093 -1.489843 -0.530250 0.800000 1.589843 0.800000 2.406878  -1   0  -1 
2453294.492758 2.837133 0.988693 -2.600000 0.800000 0.756910 -2.120654 -1.489955 -3.230699 0.800000 -1.110045 0.800000 2.406878  -1   0  -1 
2453294.494702 2.839077 0.988829 -1.800000 0.800000 0.756910 -2.121188 -1.490061 -2.431127 0.800000 -0.309939 0.800000 2.406878  -1   0  -1 
2453295.508972 3.853347 0.059835 -1.000000 0.800000 0.756910 -2.176161 -1.328464 -1.847697 0.800000 0.328464 0.800000 2.406878  -1   0  -1 
2453295.510014 3.854389 0.059908 -4.300000 0.800000 0.756910 -2.175989 -1.328078 -5.147911 0.800000 -2.971922 0.800000 2.406878  -1   0  -1 
2453295.511090 3.855465 0.059983 -6.900000 0.900000 0.756910 -2.175812 -1.327680 -7.748132 0.900000 -5.572320 0.900000 2.406878  -1   0  -1 
2453295.512132 3.856507 0.060056 -1.300000 0.800000 0.756910 -2.175639 -1.327293 -2.148346 0.800000 0.027293 0.800000 2.406878  -1   0  -1 
2453295.513196 3.857571 0.060131 -2.900000 0.900000 0.756910 -2.175463 -1.326897 -3.748565 0.900000 -1.573103 0.900000 2.406878  -1   0  -1 
2453295.514250 3.858625 0.060205 -4.400000 0.900000 0.756910 -2.175287 -1.326505 -5.248782 0.900000 -3.073495 0.900000 2.406878  -1   0  -1 
2453295.515291 3.859666 0.060277 -5.500000 0.900000 0.756910 -2.175114 -1.326118 -6.348996 0.900000 -4.173882 0.900000 2.406878  -1   0  -1 
2453295.516344 3.860719 0.060351 -4.600000 0.900000 0.756910 -2.174938 -1.325725 -5.449212 0.900000 -3.274275 0.900000 2.406878  -1   0  -1 
2453295.517409 3.861784 0.060426 -0.300000 0.900000 0.756910 -2.174759 -1.325328 -1.149431 0.900000 1.025328 0.900000 2.406878  -1   0  -1 
2453295.518439 3.862814 0.060498 -3.300000 0.900000 0.756910 -2.174586 -1.324943 -4.149643 0.900000 -1.975057 0.900000 2.406878  -1   0  -1 
2453297.507029 5.851404 0.199713 0.200000 1.100000 0.756910 -1.122716 0.089703 -1.012419 1.100000 0.110297 1.100000 2.406878  -1   0  -1 
2453297.508082 5.852457 0.199787 3.300000 1.100000 0.756910 -1.121859 0.090721 2.087420 1.100000 3.209279 1.100000 2.406878  -1   0  -1 
2453297.509135 5.853510 0.199861 1.500000 1.000000 0.756910 -1.121002 0.091739 0.287259 1.000000 1.408261 1.000000 2.406878  -1   0  -1 
2453297.510212 5.854587 0.199936 0.500000 1.000000 0.756910 -1.120125 0.092781 -0.712906 1.000000 0.407219 1.000000 2.406878  -1   0  -1 
2453297.511253 5.855628 0.200009 0.500000 1.000000 0.756910 -1.119277 0.093787 -0.713064 1.000000 0.406213 1.000000 2.406878  -1   0  -1 
2453297.512330 5.856705 0.200084 1.400000 1.000000 0.756910 -1.118400 0.094829 0.186771 1.000000 1.305171 1.000000 2.406878  -1   0  -1 
2453297.513371 5.857746 0.200157 0.300000 0.900000 0.756910 -1.117551 0.095836 -0.913388 0.900000 0.204164 0.900000 2.406878  -1   0  -1 
2453297.514413 5.858788 0.200230 0.900000 0.900000 0.756910 -1.116702 0.096845 -0.313547 0.900000 0.803155 0.900000 2.406878  -1   0  -1 
2453297.515478 5.859853 0.200305 2.700000 1.000000 0.756910 -1.115833 0.097876 1.486291 1.000000 2.602124 1.000000 2.406878  -1   0  -1 
2453297.516554 5.860929 0.200380 -0.200000 1.000000 0.756910 -1.114956 0.098917 -1.413873 1.000000 -0.298917 1.000000 2.406878  -1   0  -1 
2453297.634786 5.979161 0.208657 0.600000 1.500000 0.756910 -1.017201 0.214426 -0.631627 1.500000 0.385574 1.500000 2.406878  -1   0  -1 
2453297.635828 5.980203 0.208730 -1.600000 1.300000 0.756910 -1.016328 0.215453 -2.831781 1.300000 -1.815453 1.300000 2.406878  -1   0  -1 
2453297.636893 5.981268 0.208805 0.300000 1.400000 0.756910 -1.015436 0.216503 -0.931938 1.400000 0.083497 1.400000 2.406878  -1   0  -1 
2453297.637946 5.982321 0.208878 3.100000 1.500000 0.756910 -1.014553 0.217541 1.867906 1.500000 2.882459 1.500000 2.406878  -1   0  -1 
2453297.639011 5.983386 0.208953 3.300000 1.300000 0.756910 -1.013660 0.218591 2.067749 1.300000 3.081409 1.300000 2.406878  -1   0  -1 
2453297.640075 5.984450 0.209027 -0.300000 1.400000 0.756910 -1.012768 0.219640 -1.532408 1.400000 -0.519640 1.400000 2.406878  -1   0  -1 
2453297.641106 5.985481 0.209099 0.300000 1.600000 0.756910 -1.011904 0.220657 -0.932561 1.600000 0.079343 1.600000 2.406878  -1   0  -1 
2453297.642228 5.986603 0.209178 0.700000 1.400000 0.756910 -1.010963 0.221764 -0.532726 1.400000 0.478236 1.400000 2.406878  -1   0  -1 
2453297.643304 5.987679 0.209253 2.800000 1.400000 0.756910 -1.010060 0.222825 1.567115 1.400000 2.577175 1.400000 2.406878  -1   0  -1 
2453297.644346 5.988721 0.209326 3.800000 1.600000 0.756910 -1.009186 0.223853 2.566961 1.600000 3.576147 1.600000 2.406878  -1   0  -1 
2453298.514691 6.859066 0.270257 3.300000 1.100000 0.756910 -0.230224 1.114560 1.955216 1.100000 2.185440 1.100000 2.406878  -1   0  -1 
2453298.515803 6.860178 0.270334 9.000000 1.300000 0.756910 -0.229190 1.115714 7.655096 1.300000 7.884286 1.300000 2.406878  -1   0  -1 
2453298.516821 6.861196 0.270406 0.700000 1.000000 0.756910 -0.228243 1.116770 -0.645013 1.000000 -0.416770 1.000000 2.406878  -1   0  -1 
2453298.517863 6.862238 0.270479 0.700000 1.100000 0.756910 -0.227273 1.117851 -0.645124 1.100000 -0.417851 1.100000 2.406878  -1   0  -1 
2453298.518939 6.863314 0.270554 -0.700000 1.000000 0.756910 -0.226272 1.118968 -2.045239 1.000000 -1.818968 1.000000 2.406878  -1   0  -1 
2453298.520004 6.864379 0.270629 -1.000000 0.900000 0.756910 -0.225281 1.120072 -2.345353 0.900000 -2.120072 0.900000 2.406878  -1   0  -1 
2453298.521045 6.865420 0.270701 0.900000 0.900000 0.756910 -0.224312 1.121152 -0.445465 0.900000 -0.221152 0.900000 2.406878  -1   0  -1 
2453298.522122 6.866497 0.270777 0.100000 1.000000 0.756910 -0.223310 1.122270 -1.245580 1.000000 -1.022270 1.000000 2.406878  -1   0  -1 
2453298.523186 6.867561 0.270851 0.900000 0.900000 0.756910 -0.222320 1.123374 -0.445693 0.900000 -0.223374 0.900000 2.406878  -1   0  -1 
2453298.524239 6.868614 0.270925 -0.300000 0.900000 0.756910 -0.221340 1.124466 -1.645806 0.900000 -1.424466 0.900000 2.406878  -1   0  -1 
2453298.614916 6.959291 0.277273 2.400000 1.000000 0.756910 -0.136837 1.218423 1.044740 1.000000 1.181577 1.000000 2.406878  -1   0  -1 
2453298.615946 6.960321 0.277345 -4.300000 1.100000 0.756910 -0.135876 1.219489 -5.655365 1.100000 -5.519489 1.100000 2.406878  -1   0  -1 
2453298.617046 6.961421 0.277422 -0.800000 1.100000 0.756910 -0.134850 1.220627 -2.155477 1.100000 -2.020627 1.100000 2.406878  -1   0  -1 
2453298.618099 6.962474 0.277496 1.700000 1.200000 0.756910 -0.133867 1.221717 0.344416 1.200000 0.478283 1.200000 2.406878  -1   0  -1 
2453298.619152 6.963527 0.277570 2.500000 1.200000 0.756910 -0.132885 1.222806 1.144309 1.200000 1.277194 1.200000 2.406878  -1   0  -1 
2453298.620217 6.964592 0.277644 -1.000000 1.600000 0.756910 -0.131891 1.223908 -2.355799 1.600000 -2.223908 1.600000 2.406878  -1   0  -1 
2453298.621328 6.965703 0.277722 1.400000 1.400000 0.756910 -0.130855 1.225057 0.044088 1.400000 0.174943 1.400000 2.406878  -1   0  -1 
2453298.622300 6.966675 0.277790 2.900000 1.400000 0.756910 -0.129948 1.226063 1.543990 1.400000 1.673937 1.400000 2.406878  -1   0  -1 
2453298.623411 6.967786 0.277868 -0.200000 1.500000 0.756910 -0.128911 1.227212 -1.556123 1.500000 -1.427212 1.500000 2.406878  -1   0  -1 
2453298.624441 6.968816 0.277940 -3.000000 1.500000 0.756910 -0.127950 1.228277 -4.356227 1.500000 -4.228277 1.500000 2.406878  -1   0  -1 
2453308.509601 2.569700 0.969971 -5.500000 0.600000 0.756910 -2.031935 -4.040963 -3.490972 0.600000 -1.459037 0.600000 2.406878  -1   0  -1 
2453308.511684 2.571783 0.970117 -5.700000 0.600000 0.756910 -2.032742 -4.042593 -3.690149 0.600000 -1.657407 0.600000 2.406878  -1   0  -1 
2453308.513744 2.573843 0.970261 -5.700000 0.700000 0.756910 -2.033538 -4.044202 -3.689336 0.700000 -1.655798 0.700000 2.406878  -1   0  -1 
2453308.515908 2.576007 0.970412 -7.900000 0.700000 0.756910 -2.034373 -4.045890 -5.888482 0.700000 -3.854110 0.700000 2.406878  -1   0  -1 
2453308.517922 2.578021 0.970553 -4.200000 0.700000 0.756910 -2.035148 -4.047459 -2.187689 0.700000 -0.152541 0.700000 2.406878  -1   0  -1 
2453309.515681 3.575780 0.040403 -7.100000 0.500000 0.756910 -2.205418 -4.541934 -4.763484 0.500000 -2.558066 0.500000 2.406878  -1   0  -1 
2453309.518111 3.578210 0.040574 -7.800000 0.500000 0.756910 -2.205305 -4.542444 -5.462861 0.500000 -3.257556 0.500000 2.406878  -1   0  -1 
2453309.520530 3.580629 0.040743 -9.700000 0.600000 0.756910 -2.205190 -4.542950 -7.362241 0.600000 -5.157050 0.600000 2.406878  -1   0  -1 
2453309.522995 3.583094 0.040915 -8.600000 0.500000 0.756910 -2.205071 -4.543461 -6.261610 0.500000 -4.056539 0.500000 2.406878  -1   0  -1 
2453311.532241 5.592340 0.181577 -9.500000 0.400000 0.756910 -1.326544 -3.937330 -6.889215 0.400000 -5.562670 0.400000 2.406878  -1   0  -1 
2453311.534857 5.594956 0.181760 -6.400000 0.400000 0.756910 -1.324561 -3.935426 -3.789134 0.400000 -2.464574 0.400000 2.406878  -1   0  -1 
2453311.537553 5.597652 0.181949 -7.100000 0.400000 0.756910 -1.322514 -3.933462 -4.489052 0.400000 -3.166538 0.400000 2.406878  -1   0  -1 
2453311.540238 5.600337 0.182137 -8.300000 0.400000 0.756910 -1.320475 -3.931503 -5.688971 0.400000 -4.368497 0.400000 2.406878  -1   0  -1 
2453311.542865 5.602964 0.182321 -6.200000 0.400000 0.756910 -1.318478 -3.929585 -3.588893 0.400000 -2.270415 0.400000 2.406878  -1   0  -1 
2453312.560845 6.620944 0.253586 -3.100000 0.600000 0.756910 -0.450432 -3.050349 -0.500083 0.600000 -0.049651 0.600000 2.406878  -1   0  -1 
2453312.564282 6.624381 0.253827 -5.500000 0.500000 0.756910 -0.447278 -3.047030 -2.900248 0.500000 -2.452970 0.500000 2.406878  -1   0  -1 
2453312.567684 6.627783 0.254065 -4.800000 0.500000 0.756910 -0.444154 -3.043742 -2.200413 0.500000 -1.756258 0.500000 2.406878  -1   0  -1 
2453314.539667 -5.684510 0.392118 -0.700000 0.600000 0.756910 1.299549 -1.099632 1.699181 0.600000 0.399632 0.600000 2.406878  -1   0  -1 
2453314.541889 -5.682288 0.392273 2.000000 0.600000 0.756910 1.301213 -1.097646 4.398859 0.600000 3.097646 0.600000 2.406878  -1   0  -1 
2453314.544088 -5.680089 0.392427 -2.400000 0.600000 0.756910 1.302859 -1.095681 -0.001459 0.600000 -1.304319 0.600000 2.406878  -1   0  -1 
2453314.546310 -5.677867 0.392583 -0.400000 0.700000 0.756910 1.304521 -1.093697 1.998219 0.700000 0.693697 0.700000 2.406878  -1   0  -1 
2453314.548463 -5.675714 0.392734 -2.000000 0.700000 0.756910 1.306131 -1.091776 0.397906 0.700000 -0.908224 0.700000 2.406878  -1   0  -1 
2453321.600305 1.376128 0.886412 -4.000000 0.500000 0.756910 -1.300369 -2.225171 -3.075198 0.500000 -1.774829 0.500000 2.406878  -1   0  -1 
2453321.602944 1.378767 0.886597 -3.800000 0.500000 0.756910 -1.302504 -2.226677 -2.875827 0.500000 -1.573323 0.500000 2.406878  -1   0  -1 
2453321.605583 1.381406 0.886782 -5.400000 0.500000 0.756910 -1.304637 -2.228181 -4.476456 0.500000 -3.171819 0.500000 2.406878  -1   0  -1 
2453321.608326 1.384149 0.886974 -3.700000 0.600000 0.756910 -1.306852 -2.229743 -2.777109 0.600000 -1.470257 0.600000 2.406878  -1   0  -1 
2453340.510028 6.001575 0.210226 -5.000000 0.400000 0.756910 -0.998384 -2.225120 -3.773264 0.400000 -2.774880 0.400000 2.406878  -1   0  -1 
2453340.513489 6.005036 0.210468 -4.800000 0.400000 0.756910 -0.995470 -2.224225 -3.571245 0.400000 -2.575775 0.400000 2.406878  -1   0  -1 
2453340.517007 6.008554 0.210715 -5.000000 0.400000 0.756910 -0.992507 -2.223312 -3.769195 0.400000 -2.776688 0.400000 2.406878  -1   0  -1 
2453342.505663 -6.287066 0.349935 -4.200000 0.400000 0.756910 0.810756 -1.357471 -2.031773 0.400000 -2.842529 0.400000 2.406878  -1   0  -1 
2453342.509170 -6.283559 0.350180 -2.300000 0.500000 0.756910 0.813786 -1.355636 -0.130578 0.500000 -0.944364 0.500000 2.406878  -1   0  -1 
2453342.512758 -6.279971 0.350431 -1.500000 0.500000 0.756910 0.816885 -1.353758 0.670643 0.500000 -0.146242 0.500000 2.406878  -1   0  -1 
2453484.884129 -6.751360 0.317431 -2.400000 0.400000 0.756910 0.396075 -1.625869 -0.378056 0.400000 -0.774131 0.400000 2.406878  -1   0  -1 
2453484.887683 -6.747806 0.317680 -2.700000 0.400000 0.756910 0.399331 -1.621897 -0.678772 0.400000 -1.078103 0.400000 2.406878  -1   0  -1 
2453484.891132 -6.744357 0.317921 -1.300000 0.400000 0.756910 0.402490 -1.618043 0.720533 0.400000 0.318043 0.400000 2.406878  -1   0  -1 
2453491.890208 0.254719 0.807906 -3.400000 0.400000 0.756910 -0.266000 -0.674693 -2.991306 0.400000 -2.725307 0.400000 2.406878  -1   0  -1 
2453491.893668 0.258179 0.808148 -3.300000 0.400000 0.756910 -0.269438 -0.677296 -2.892142 0.400000 -2.622704 0.400000 2.406878  -1   0  -1 
2453491.897210 0.261721 0.808396 -3.000000 0.500000 0.756910 -0.272957 -0.679960 -2.592998 0.500000 -2.320040 0.500000 2.406878  -1   0  -1 
2453511.905148 5.985383 0.209093 -2.300000 0.500000 0.756910 -1.011986 -3.530287 0.218301 0.500000 1.230287 0.500000 2.406878  -1   0  -1 
2453511.907717 5.987952 0.209272 -4.500000 0.500000 0.756910 -1.009831 -3.528548 -1.981283 0.500000 -0.971452 0.500000 2.406878  -1   0  -1 
2453511.910403 5.990638 0.209461 -5.000000 0.600000 0.756910 -1.007576 -3.526727 -2.480850 0.600000 -1.473273 0.600000 2.406878  -1   0  -1 
2453511.913042 5.993277 0.209645 -3.300000 0.500000 0.756910 -1.005360 -3.524936 -0.780424 0.500000 0.224936 0.500000 2.406878  -1   0  -1 
2453512.835981 6.916216 0.274257 -3.900000 0.700000 0.756910 -0.177005 -2.797731 -1.279274 0.700000 -1.102269 0.700000 2.406878  -1   0  -1 
2453512.839488 6.919723 0.274503 -2.900000 0.600000 0.756910 -0.173736 -2.794677 -0.279058 0.600000 -0.105323 0.600000 2.406878  -1   0  -1 
2453512.843007 6.923242 0.274749 -4.100000 0.600000 0.756910 -0.170456 -2.791612 -1.478843 0.600000 -1.308388 0.600000 2.406878  -1   0  -1 
2453515.858256 -4.345785 0.485838 -1.000000 0.600000 0.756910 2.044622 -0.423394 1.468015 0.600000 -0.576606 0.600000 2.406878  -1   0  -1 
2453515.863580 -4.340461 0.486211 -1.500000 0.500000 0.756910 2.046382 -0.420922 0.967304 0.500000 -1.079078 0.500000 2.406878  -1   0  -1 
2453520.869093 0.665052 0.836632 -3.700000 0.300000 0.756910 -0.667182 -2.166292 -2.200890 0.300000 -1.533708 0.300000 2.406878  -1   0  -1 
2453542.739620 -6.032973 0.367723 1.900000 0.700000 0.756910 1.025248 -0.526636 3.451884 0.700000 2.426636 0.700000 2.406878  -1   0  -1 
2453542.742850 -6.029743 0.367949 3.800000 1.500000 0.756910 1.027903 -0.525678 5.353581 1.500000 4.325678 1.500000 2.406878  -1   0  -1 
2453543.789930 -4.982663 0.441252 2.000000 0.400000 0.756910 1.760523 -0.274860 4.035384 0.400000 2.274860 0.400000 2.406878  -1   0  -1 
2453543.794953 -4.977640 0.441604 2.700000 0.400000 0.756910 1.763304 -0.274040 4.737344 0.400000 2.974040 0.400000 2.406878  -1   0  -1 
2453544.816592 -3.956001 0.513126 4.500000 0.400000 0.756910 2.144583 -0.218866 6.863449 0.400000 4.718866 0.400000 2.406878  -1   0  -1 
2453544.822032 -3.950561 0.513507 3.600000 0.400000 0.756910 2.145555 -0.219250 5.964805 0.400000 3.819250 0.400000 2.406878  -1   0  -1 
2453545.842524 -2.930069 0.584948 11.600000 3.700000 0.756910 2.112149 -0.440982 14.153131 3.700000 12.040982 3.700000 2.406878  -1   0  -1 
2453546.861360 -1.911233 0.656274 6.600000 0.400000 0.756910 1.656361 -0.969584 9.225946 0.400000 7.569584 0.400000 2.406878  -1   0  -1 
2453546.866534 -1.906059 0.656636 7.100000 0.400000 0.756910 1.653059 -0.973006 9.726065 0.400000 8.073006 0.400000 2.406878  -1   0  -1 
2453547.771038 -1.001555 0.719958 2.400000 0.400000 0.756910 0.951869 -1.662311 5.014180 0.400000 4.062311 0.400000 2.406878  -1   0  -1 
2453547.776200 -0.996393 0.720319 2.400000 0.400000 0.756910 0.947266 -1.666675 5.013941 0.400000 4.066675 0.400000 2.406878  -1   0  -1 
2453549.847373 1.074780 0.865316 2.100000 2.900000 0.756910 -1.044977 -3.446541 4.501565 2.900000 5.546541 2.900000 2.406878  -1   0  -1 
2453550.760428 1.987835 0.929236 0.500000 0.300000 0.756910 -1.738707 -3.992609 2.753902 0.300000 4.492609 0.300000 2.406878  -1   0  -1 
2453550.765520 1.992927 0.929593 0.400000 0.300000 0.756910 -1.741833 -3.994846 2.653013 0.300000 4.394846 0.300000 2.406878  -1   0  -1 
2453551.768482 2.995889 0.999807 -0.900000 0.500000 0.756910 -2.158888 -4.225359 1.166471 0.500000 3.325359 0.500000 2.406878  -1   0  -1 
2453551.773563 3.000970 0.000163 0.700000 0.600000 0.756910 -2.159932 -4.225406 2.765474 0.600000 4.925406 0.600000 2.406878  -1   0  -1 
2453573.752332 -3.588813 0.538831 -0.900000 0.200000 0.756910 2.183164 2.205210 -0.922047 0.200000 -3.105210 0.200000 2.406878  -1   0  -1 
2453671.583392 -5.747685 0.387695 4.600000 0.400000 0.756910 1.251753 2.585056 3.266697 0.400000 2.014944 0.400000 2.406878  -1   0  -1 
2453671.586875 -5.744202 0.387939 4.200000 0.500000 0.756910 1.254412 2.587003 2.867409 0.500000 1.612997 0.500000 2.406878  -1   0  -1 
2453671.590324 -5.740753 0.388180 4.100000 0.500000 0.756910 1.257042 2.588927 2.768115 0.500000 1.511073 0.500000 2.406878  -1   0  -1 
2453810.907634 5.018073 0.141374 -6.200000 0.400000 0.756910 -1.718697 -2.563074 -5.355623 0.400000 -3.636926 0.400000 2.406878  -1   0  -1 
2453810.911488 5.021927 0.141644 -6.000000 0.300000 0.756910 -1.716382 -2.563029 -5.153353 0.300000 -3.436971 0.300000 2.406878  -1   0  -1 
2453810.915331 5.025770 0.141913 -4.600000 0.300000 0.756910 -1.714069 -2.562979 -3.751090 0.300000 -2.037021 0.300000 2.406878  -1   0  -1 
2453815.909918 -4.263919 0.491569 -3.300000 0.300000 0.756910 2.070502 -0.231017 -0.998480 0.300000 -3.068983 0.300000 2.406878  -1   0  -1 
2453815.914965 -4.258872 0.491923 -4.400000 0.300000 0.756910 2.072014 -0.229533 -2.098453 0.300000 -4.170467 0.300000 2.406878  -1   0  -1 
2453816.914372 -3.259465 0.561888 -2.500000 0.300000 0.756910 2.170321 -0.099255 -0.230425 0.300000 -2.400745 0.300000 2.406878  -1   0  -1 
2453816.919638 -3.254199 0.562257 -3.400000 0.400000 0.756910 2.169747 -0.099481 -1.130772 0.400000 -3.300519 0.400000 2.406878  -1   0  -1 
2453862.858999 -0.167666 0.778336 -2.600000 0.500000 0.756910 0.155548 0.517839 -2.962292 0.500000 -3.117839 0.500000 2.406878  -1   0  -1 
2453862.862564 -0.164101 0.778585 -3.100000 0.400000 0.756910 0.151997 0.515153 -3.463156 0.400000 -3.615153 0.400000 2.406878  -1   0  -1 
2453862.866256 -0.160409 0.778844 -2.200000 0.400000 0.756910 0.148320 0.512371 -2.564051 0.400000 -2.712371 0.400000 2.406878  -1   0  -1 
2453870.847549 -6.463392 0.337591 -0.700000 0.400000 0.756910 0.656178 2.525039 -2.568861 0.400000 -3.225039 0.400000 2.406878  -1   0  -1 
2453870.853070 -6.457871 0.337977 -0.500000 0.400000 0.756910 0.661080 2.530199 -2.369119 0.400000 -3.030199 0.400000 2.406878  -1   0  -1 
2453882.860433 5.549492 0.178577 -3.600000 0.400000 0.756910 -1.358809 -3.480309 -1.478499 0.400000 -0.119691 0.400000 2.406878  -1   0  -1 
2453882.863003 5.552062 0.178757 -3.800000 0.400000 0.756910 -1.356886 -3.478457 -1.678429 0.400000 -0.321543 0.400000 2.406878  -1   0  -1 
2453882.865792 5.554851 0.178952 -3.300000 0.400000 0.756910 -1.354797 -3.476444 -1.178353 0.400000 0.176444 0.400000 2.406878  -1   0  -1 
2453882.868420 5.557479 0.179136 -2.400000 0.500000 0.756910 -1.352828 -3.474545 -0.278282 0.500000 1.074545 0.500000 2.406878  -1   0  -1 
2453883.847121 6.536180 0.247652 -2.200000 0.400000 0.756910 -0.527936 -2.637276 -0.090660 0.400000 0.437276 0.400000 2.406878  -1   0  -1 
2453883.851033 6.540092 0.247926 -2.000000 0.400000 0.756910 -0.524372 -2.633521 0.109149 0.400000 0.633521 0.400000 2.406878  -1   0  -1 
2453883.854887 6.543946 0.248196 -1.900000 0.400000 0.756910 -0.520860 -2.629820 0.208960 0.400000 0.729820 0.400000 2.406878  -1   0  -1 
2453886.875724 -4.719493 0.459676 -0.900000 0.400000 0.756910 1.895050 0.160574 0.834477 0.400000 -1.060574 0.400000 2.406878  -1   0  -1 
2453886.879069 -4.716148 0.459910 -2.100000 0.500000 0.756910 1.896610 0.162729 -0.366119 0.500000 -2.262729 0.500000 2.406878  -1   0  -1 
2453886.882321 -4.712896 0.460138 -0.000000 0.400000 0.756910 1.898123 0.164821 1.733301 0.400000 -0.164821 0.400000 2.406878  -1   0  -1 
2453917.821767 -2.342002 0.626117 -1.500000 1.100000 0.756910 1.897821 -0.078257 0.476078 1.100000 -1.421743 1.100000 2.406878  -1   0  -1 
2453917.822831 -2.340938 0.626191 2.100000 1.200000 0.756910 1.897309 -0.078692 4.076001 1.200000 2.178692 1.200000 2.406878  -1   0  -1 
2453917.824000 -2.339769 0.626273 -0.200000 1.200000 0.756910 1.896746 -0.079170 1.775916 1.200000 -0.120830 1.200000 2.406878  -1   0  -1 
2453917.825100 -2.338669 0.626350 -2.400000 1.300000 0.756910 1.896216 -0.079620 -0.424164 1.300000 -2.320380 1.300000 2.406878  -1   0  -1 
2453917.826165 -2.337604 0.626425 -1.600000 1.300000 0.756910 1.895702 -0.080057 0.375759 1.300000 -1.519943 1.300000 2.406878  -1   0  -1 
2453917.827253 -2.336516 0.626501 2.600000 1.300000 0.756910 1.895177 -0.080503 4.575680 1.300000 2.680503 1.300000 2.406878  -1   0  -1 
2453917.828341 -2.335428 0.626577 1.100000 1.200000 0.756910 1.894652 -0.080950 3.075601 1.200000 1.180950 1.200000 2.406878  -1   0  -1 
2453917.829452 -2.334317 0.626655 -0.500000 1.300000 0.756910 1.894115 -0.081406 1.475521 1.300000 -0.418594 1.300000 2.406878  -1   0  -1 
2453917.830517 -2.333252 0.626730 1.300000 1.400000 0.756910 1.893599 -0.081844 3.275443 1.400000 1.381844 1.400000 2.406878  -1   0  -1 
2453917.831663 -2.332106 0.626810 1.900000 1.400000 0.756910 1.893044 -0.082316 3.875360 1.400000 1.982316 1.400000 2.406878  -1   0  -1 
2453919.820486 -0.343283 0.766041 -4.100000 1.200000 0.756910 0.329610 -1.404879 -2.365511 1.200000 -2.695121 1.200000 2.406878  -1   0  -1 
2453919.821562 -0.342207 0.766117 -4.800000 1.200000 0.756910 0.328550 -1.405767 -3.065683 1.200000 -3.394233 1.200000 2.406878  -1   0  -1 
2453919.822662 -0.341107 0.766194 -0.100000 1.500000 0.756910 0.327466 -1.406675 1.634141 1.500000 1.306675 1.500000 2.406878  -1   0  -1 
2453919.823761 -0.340008 0.766271 -5.200000 1.500000 0.756910 0.326382 -1.407582 -3.466035 1.500000 -3.792418 1.500000 2.406878  -1   0  -1 
2453919.824884 -0.338885 0.766349 -5.600000 1.500000 0.756910 0.325275 -1.408509 -3.866215 1.500000 -4.191491 1.500000 2.406878  -1   0  -1 
2453919.825949 -0.337820 0.766424 -0.700000 1.300000 0.756910 0.324225 -1.409389 1.033614 1.300000 0.709389 1.300000 2.406878  -1   0  -1 
2453919.827060 -0.336709 0.766502 -1.200000 1.400000 0.756910 0.323130 -1.410306 0.533436 1.400000 0.210306 1.400000 2.406878  -1   0  -1 
2453919.828171 -0.335598 0.766579 -6.300000 1.400000 0.756910 0.322035 -1.411223 -4.566742 1.400000 -4.888777 1.400000 2.406878  -1   0  -1 
2453919.829259 -0.334510 0.766656 -2.900000 1.200000 0.756910 0.320962 -1.412122 -1.166917 1.200000 -1.487878 1.200000 2.406878  -1   0  -1 
2453919.830335 -0.333434 0.766731 -1.700000 1.200000 0.756910 0.319901 -1.413010 0.032911 1.200000 -0.286990 1.200000 2.406878  -1   0  -1 
2453921.830717 1.666948 0.906772 -3.100000 1.600000 0.756910 -1.523601 -2.885340 -1.738261 1.600000 -0.214660 1.600000 2.406878  -1   0  -1 
2453921.831828 1.668059 0.906850 -3.700000 1.600000 0.756910 -1.524404 -2.885915 -2.338489 1.600000 -0.814085 1.600000 2.406878  -1   0  -1 
2453921.832892 1.669123 0.906924 -1.900000 1.500000 0.756910 -1.525174 -2.886466 -0.538708 1.500000 0.986466 1.500000 2.406878  -1   0  -1 
2453921.833992 1.670223 0.907001 -2.500000 1.600000 0.756910 -1.525969 -2.887034 -1.138935 1.600000 0.387034 1.600000 2.406878  -1   0  -1 
2453921.835126 1.671357 0.907080 -5.000000 1.300000 0.756910 -1.526788 -2.887620 -3.639168 1.300000 -2.112380 1.300000 2.406878  -1   0  -1 
2453921.836214 1.672445 0.907157 -3.600000 1.100000 0.756910 -1.527574 -2.888182 -2.239392 1.100000 -0.711818 1.100000 2.406878  -1   0  -1 
2453921.837291 1.673522 0.907232 -3.200000 1.000000 0.756910 -1.528351 -2.888738 -1.839613 1.000000 -0.311262 1.000000 2.406878  -1   0  -1 
2453921.838413 1.674644 0.907310 -2.200000 1.000000 0.756910 -1.529160 -2.889316 -0.839844 1.000000 0.689316 1.000000 2.406878  -1   0  -1 
2453921.839467 1.675698 0.907384 -1.600000 1.000000 0.756910 -1.529920 -2.889859 -0.240061 1.000000 1.289859 1.000000 2.406878  -1   0  -1 
2453921.840566 1.676797 0.907461 -2.400000 1.000000 0.756910 -1.530712 -2.890425 -1.040287 1.000000 0.490425 1.000000 2.406878  -1   0  -1 
2453950.742238 2.009917 0.930782 -5.500000 0.400000 0.756910 -1.752194 -3.633067 -3.619128 0.400000 -1.866933 0.400000 2.406878  -1   0  -1 
2453974.597984 -2.702889 0.600852 8.600000 1.100000 0.756910 2.045849 4.003385 6.642464 1.100000 4.596615 1.100000 2.406878  -1   0  -1 
2453974.600009 -2.700864 0.600994 9.400000 0.900000 0.756910 2.045163 4.002140 7.443023 0.900000 5.397860 0.900000 2.406878  -1   0  -1 
2453974.601954 -2.698919 0.601130 11.400000 0.900000 0.756910 2.044503 4.000942 9.443560 0.900000 7.399058 0.900000 2.406878  -1   0  -1 
2453974.603956 -2.696917 0.601270 11.600000 0.900000 0.756910 2.043822 3.999707 9.644114 0.900000 7.600293 0.900000 2.406878  -1   0  -1 
2453976.591620 -0.709253 0.740421 5.100000 0.600000 0.756910 0.683379 1.810796 3.972583 0.600000 3.289204 0.600000 2.406878  -1   0  -1 
2453976.594050 -0.706823 0.740591 3.300000 0.600000 0.756910 0.681086 1.807180 2.173906 0.600000 1.492820 0.600000 2.406878  -1   0  -1 
2453976.596469 -0.704404 0.740760 4.200000 0.600000 0.756910 0.678803 1.803579 3.075224 0.600000 2.396421 0.600000 2.406878  -1   0  -1 
2453976.598980 -0.701893 0.740936 3.300000 0.600000 0.756910 0.676432 1.799839 2.176593 0.600000 1.500161 0.600000 2.406878  -1   0  -1 
2453980.640151 3.339278 0.023847 -3.300000 0.600000 0.756910 -2.204142 -3.338815 -2.165326 0.600000 0.038815 0.600000 2.406878  -1   0  -1 
2453980.643079 3.342206 0.024052 -2.900000 0.600000 0.756910 -2.204306 -3.340130 -1.764176 0.600000 0.440130 0.600000 2.406878  -1   0  -1 
2453980.645938 3.345065 0.024252 -2.300000 0.600000 0.756910 -2.204463 -3.341410 -1.163053 0.600000 1.041410 0.600000 2.406878  -1   0  -1 
2453980.648924 3.348051 0.024461 -3.600000 0.600000 0.756910 -2.204624 -3.342741 -2.461882 0.600000 -0.257259 0.600000 2.406878  -1   0  -1 
2453981.703761 4.402888 0.098307 -5.800000 0.400000 0.756910 -2.024036 -3.498609 -4.325428 0.400000 -2.301391 0.400000 2.406878  -1   0  -1 
2453981.706284 4.405411 0.098483 -7.100000 0.400000 0.756910 -2.023062 -3.498257 -5.624805 0.400000 -3.601743 0.400000 2.406878  -1   0  -1 
2453981.708796 4.407923 0.098659 -7.600000 0.400000 0.756910 -2.022090 -3.497904 -6.124186 0.400000 -4.102096 0.400000 2.406878  -1   0  -1 
2453981.711342 4.410469 0.098838 -5.800000 0.400000 0.756910 -2.021102 -3.497543 -4.323559 0.400000 -2.302457 0.400000 2.406878  -1   0  -1 
2453982.690997 5.390124 0.167420 -2.900000 0.700000 0.756910 -1.474839 -3.131503 -1.243336 0.700000 0.231503 0.700000 2.406878  -1   0  -1 
2453982.693555 5.392682 0.167599 -2.500000 0.700000 0.756910 -1.473028 -3.130012 -0.843016 0.700000 0.630012 0.700000 2.406878  -1   0  -1 
2453982.695997 5.395124 0.167770 -2.100000 0.700000 0.756910 -1.471298 -3.128587 -0.442711 0.700000 1.028587 0.700000 2.406878  -1   0  -1 
2453982.698647 5.397774 0.167956 -3.700000 0.700000 0.756910 -1.469418 -3.127037 -2.042381 0.700000 -0.572963 0.700000 2.406878  -1   0  -1 
2454292.812219 1.257274 0.878092 -0.700000 0.300000 0.756910 -1.202314 1.914271 -3.816584 0.300000 -2.614271 0.300000 2.406878  -1   0  -1 
2454292.817485 1.262540 0.878460 -0.300000 0.300000 0.756910 -1.206735 1.911119 -3.417854 0.300000 -2.211119 0.300000 2.406878  -1   0  -1 
2454315.727933 -4.395564 0.482353 0.400000 0.800000 0.756910 2.027647 5.799183 -3.371536 0.800000 -5.399183 0.800000 2.406878  -1   0  -1 
2454315.732909 -4.390588 0.482702 -1.800000 0.800000 0.756910 2.029386 5.798410 -5.569024 0.800000 -7.598410 0.800000 2.406878  -1   0  -1 
2454953.915075 5.283434 0.159951 -4.800000 0.400000 0.756910 -1.548810 -2.475440 -3.873371 0.400000 -2.324560 0.400000 2.406878  -1   0  -1 
2454953.918663 5.287022 0.160202 -2.900000 0.400000 0.756910 -1.546373 -2.475029 -1.971345 0.400000 -0.424971 0.400000 2.406878  -1   0  -1 
2454953.922240 5.290599 0.160453 -3.700000 0.400000 0.756910 -1.543940 -2.474614 -2.769326 0.400000 -1.225386 0.400000 2.406878  -1   0  -1 
2454954.854520 6.222879 0.225719 -3.300000 0.300000 0.756910 -0.808227 -2.217048 -1.891178 0.300000 -1.082952 0.300000 2.406878  -1   0  -1 
2454954.858270 6.226629 0.225982 -3.500000 0.300000 0.756910 -0.804942 -2.215472 -2.089469 0.300000 -1.284528 0.300000 2.406878  -1   0  -1 
2454954.861812 6.230171 0.226229 -3.200000 0.300000 0.756910 -0.801837 -2.213980 -1.787857 0.300000 -0.986020 0.300000 2.406878  -1   0  -1 
2454955.841317 -7.074600 0.294802 -3.100000 0.400000 0.756910 0.096876 -1.695496 -1.307627 0.400000 -1.404504 0.400000 2.406878  -1   0  -1 
2454955.845010 -7.070907 0.295060 -2.300000 0.400000 0.756910 0.100319 -1.693236 -0.506445 0.400000 -0.606764 0.400000 2.406878  -1   0  -1 
2454955.848783 -7.067134 0.295324 -1.400000 0.700000 0.756910 0.103835 -1.690926 0.394761 0.700000 0.290926 0.700000 2.406878  -1   0  -1 
2454956.895780 -6.020137 0.368622 -2.300000 0.500000 0.756910 1.035787 -1.019853 -0.244360 0.500000 -1.280147 0.500000 2.406878  -1   0  -1 
2454956.899345 -6.016572 0.368871 -0.900000 0.400000 0.756910 1.038708 -1.017579 1.156287 0.400000 0.117579 0.400000 2.406878  -1   0  -1 
2454956.902968 -6.012949 0.369125 -1.700000 0.400000 0.756910 1.041675 -1.015269 0.356944 0.400000 -0.684731 0.400000 2.406878  -1   0  -1 
2454988.882690 -2.601779 0.607931 0.000000 0.400000 0.756910 2.009587 0.346235 1.663351 0.400000 -0.346235 0.400000 2.406878  -1   0  -1 
2454988.888119 -2.596350 0.608311 0.100000 0.400000 0.756910 2.007523 0.342009 1.765514 0.400000 -0.242009 0.400000 2.406878  -1   0  -1 
2454989.877517 -1.606952 0.677576 -0.100000 0.300000 0.756910 1.447192 -0.544327 1.891518 0.300000 0.444327 0.300000 2.406878  -1   0  -1 
2454989.883200 -1.601269 0.677973 -0.200000 0.300000 0.756910 1.443007 -0.549997 1.793004 0.300000 0.349997 0.300000 2.406878  -1   0  -1 
2454991.889668 0.405199 0.818440 -0.800000 0.400000 0.756910 -0.414873 -2.689529 1.474656 0.400000 1.889529 0.400000 2.406878  -1   0  -1 
2454991.895131 0.410662 0.818823 -1.900000 0.400000 0.756910 -0.420247 -2.695094 0.374846 0.400000 0.795094 0.400000 2.406878  -1   0  -1 
2454993.901526 2.417057 0.959285 -5.800000 0.200000 0.756910 -1.967943 -4.162940 -3.605003 0.200000 -1.637060 0.200000 2.406878  -1   0  -1 
2455021.881363 1.828342 0.918070 -1.400000 0.500000 0.756910 -1.636161 -3.097404 0.061243 0.500000 1.697404 0.500000 2.406878  -1   0  -1 
2455021.884638 1.831617 0.918300 -1.500000 0.500000 0.756910 -1.638356 -3.101169 -0.037186 0.500000 1.601169 0.500000 2.406878  -1   0  -1 
2455021.887879 1.834858 0.918527 0.300000 0.500000 0.756910 -1.640524 -3.104890 1.764367 0.500000 3.404890 0.500000 2.406878  -1   0  -1 
2455023.870780 3.817759 0.057344 -1.300000 0.700000 0.756910 -2.181744 -4.329766 0.848022 0.700000 3.029766 0.700000 2.406878  -1   0  -1 
2455023.874484 3.821463 0.057603 -2.100000 0.800000 0.756910 -2.181188 -4.329991 0.048803 0.800000 2.229991 0.800000 2.406878  -1   0  -1 
2455023.878292 3.825271 0.057870 -0.900000 0.700000 0.756910 -2.180610 -4.330215 1.249605 0.700000 3.430215 0.700000 2.406878  -1   0  -1 
2455023.893431 3.840410 0.058929 -2.900000 0.600000 0.756910 -2.178252 -4.331026 -0.747226 0.600000 1.431026 0.600000 2.406878  -1   0  -1 
2455023.897135 3.844114 0.059189 -2.300000 0.600000 0.756910 -2.177661 -4.331206 -0.146455 0.600000 2.031206 0.600000 2.406878  -1   0  -1 
2455023.901151 3.848130 0.059470 -2.000000 0.600000 0.756910 -2.177013 -4.331392 0.154379 0.600000 2.331392 0.600000 2.406878  -1   0  -1 
2455025.707370 5.654349 0.185918 -3.600000 0.600000 0.756910 -1.279093 -3.624078 -1.255015 0.600000 0.024078 0.600000 2.406878  -1   0  -1 
2455025.710657 5.657636 0.186148 -2.300000 0.600000 0.756910 -1.276553 -3.621592 0.045039 0.600000 1.321592 0.600000 2.406878  -1   0  -1 
2455025.713979 5.660958 0.186381 -3.800000 0.600000 0.756910 -1.273984 -3.619076 -1.454908 0.600000 -0.180924 0.600000 2.406878  -1   0  -1 
2455036.781145 2.443848 0.961160 -0.700000 0.800000 0.756910 -1.979862 -2.364790 -0.315072 0.800000 1.664790 0.800000 2.406878  -1   0  -1 
2455036.782916 2.445619 0.961284 1.300000 0.800000 0.756910 -1.980639 -2.365144 1.684504 0.800000 3.665144 0.800000 2.406878  -1   0  -1 
2455036.784721 2.447424 0.961411 -0.000000 0.700000 0.756910 -1.981431 -2.365503 0.384073 0.700000 2.365503 0.700000 2.406878  -1   0  -1 
2455036.786434 2.449137 0.961530 0.300000 0.700000 0.756910 -1.982180 -2.365843 0.683663 0.700000 2.665843 0.700000 2.406878  -1   0  -1 
2455036.788217 2.450920 0.961655 1.200000 0.700000 0.756910 -1.982960 -2.366196 1.583236 0.700000 3.566196 0.700000 2.406878  -1   0  -1 
2455036.789988 2.452691 0.961779 0.300000 0.700000 0.756910 -1.983732 -2.366544 0.682812 0.700000 2.666544 0.700000 2.406878  -1   0  -1 
2455037.797226 3.459929 0.032293 -1.500000 0.700000 0.756910 -2.207830 -2.349320 -1.358511 0.700000 0.849320 0.700000 2.406878  -1   0  -1 
2455037.799009 3.461712 0.032418 3.000000 0.700000 0.756910 -2.207837 -2.348899 3.141062 0.700000 5.348899 0.700000 2.406878  -1   0  -1 
2455037.800733 3.463436 0.032539 1.300000 0.700000 0.756910 -2.207843 -2.348492 1.440649 0.700000 3.648492 0.700000 2.406878  -1   0  -1 
2455037.802539 3.465242 0.032665 0.200000 0.700000 0.756910 -2.207847 -2.348063 0.340216 0.700000 2.548063 0.700000 2.406878  -1   0  -1 
2455037.804321 3.467024 0.032790 2.000000 0.700000 0.756910 -2.207850 -2.347639 2.139789 0.700000 4.347639 0.700000 2.406878  -1   0  -1 
2455037.806057 3.468760 0.032911 0.000000 0.700000 0.756910 -2.207851 -2.347224 0.139373 0.700000 2.347224 0.700000 2.406878  -1   0  -1 
2455039.786805 5.449508 0.171578 2.700000 0.800000 0.756910 -1.432356 -1.099540 2.367184 0.800000 3.799540 0.800000 2.406878  -1   0  -1 
2455039.788332 5.451035 0.171684 3.100000 0.900000 0.756910 -1.431252 -1.098075 2.766824 0.900000 4.198075 0.900000 2.406878  -1   0  -1 
2455039.789964 5.452667 0.171799 3.200000 0.800000 0.756910 -1.430071 -1.096509 2.866439 0.800000 4.296509 0.800000 2.406878  -1   0  -1 
2455039.791550 5.454253 0.171910 1.100000 0.800000 0.756910 -1.428922 -1.094987 0.766064 0.800000 2.194987 0.800000 2.406878  -1   0  -1 
2455039.793147 5.455850 0.172022 2.400000 0.800000 0.756910 -1.427765 -1.093453 2.065688 0.800000 3.493453 0.800000 2.406878  -1   0  -1 
2455039.794710 5.457413 0.172131 3.300000 0.900000 0.756910 -1.426632 -1.091951 2.965319 0.900000 4.391951 0.900000 2.406878  -1   0  -1 
2455039.796330 5.459033 0.172244 3.700000 0.800000 0.756910 -1.425457 -1.090394 3.364937 0.800000 4.790394 0.800000 2.406878  -1   0  -1 
2455041.699644 -6.921929 0.305490 3.000000 0.400000 0.756910 0.238829 1.012914 2.225914 0.400000 1.987086 0.400000 2.406878  -1   0  -1 
2455041.704829 -6.916744 0.305853 2.700000 0.400000 0.756910 0.243633 1.018878 1.924755 0.400000 1.681122 0.400000 2.406878  -1   0  -1 
2455045.801844 -2.819729 0.592673 1.300000 0.400000 0.756910 2.082590 3.618108 -0.235518 0.400000 -2.318108 0.400000 2.406878  -1   0  -1 
2455046.832613 -1.788960 0.664834 -0.800000 0.400000 0.756910 1.575917 3.208615 -2.432698 0.400000 -4.008615 0.400000 2.406878  -1   0  -1 
2455047.816890 -0.804683 0.733740 -0.900000 0.500000 0.756910 0.772690 2.430671 -2.557982 0.500000 -3.330671 0.500000 2.406878  -1   0  -1 
2455047.821971 -0.799602 0.734096 -1.800000 0.500000 0.756910 0.767972 2.425874 -3.457902 0.500000 -4.225874 0.500000 2.406878  -1   0  -1 
2455066.705240 3.799391 0.056058 -3.800000 0.300000 0.756910 -2.184417 -3.486486 -2.497931 0.300000 -0.313514 0.300000 2.406878  -1   0  -1 
2455067.723686 4.817837 0.127356 -2.600000 0.300000 0.756910 -1.832423 -2.901793 -1.530631 0.300000 0.301793 0.300000 2.406878  -1   0  -1 
2455068.708996 5.803147 0.196335 -4.000000 0.300000 0.756910 -1.161759 -2.000846 -3.160913 0.300000 -1.999154 0.300000 2.406878  -1   0  -1 
2455069.712847 6.806998 0.266611 -0.800000 0.200000 0.756910 -0.278617 -0.879627 -0.198990 0.200000 0.079627 0.200000 2.406878  -1   0  -1 
2455072.655300 -4.534825 0.472604 4.100000 0.700000 0.756910 1.975278 2.078760 3.996518 0.700000 2.021240 0.700000 2.406878  -1   0  -1 
2455072.657788 -4.532337 0.472778 4.000000 0.600000 0.756910 1.976276 2.080351 3.895925 0.600000 1.919649 0.600000 2.406878  -1   0  -1 
2455072.660218 -4.529907 0.472948 3.900000 0.600000 0.756910 1.977248 2.081902 3.795346 0.600000 1.818098 0.600000 2.406878  -1   0  -1 
2455072.662649 -4.527476 0.473118 4.900000 0.600000 0.756910 1.978219 2.083453 4.794766 0.600000 2.816547 0.600000 2.406878  -1   0  -1 
2455075.660497 -1.529628 0.682989 4.300000 0.700000 0.756910 1.389419 2.188410 3.501009 0.700000 2.111590 0.700000 2.406878  -1   0  -1 
2455075.662928 -1.527197 0.683159 3.800000 0.600000 0.756910 1.387574 2.187100 3.000475 0.600000 1.612900 0.600000 2.406878  -1   0  -1 
2455075.665358 -1.524767 0.683329 4.700000 0.600000 0.756910 1.385728 2.185788 3.899940 0.600000 2.514212 0.600000 2.406878  -1   0  -1 
2455078.680711 1.490586 0.894425 -1.100000 1.000000 0.756910 -1.391184 -0.009244 -2.481940 1.000000 -1.090756 1.000000 2.406878  -1   0  -1 
2455078.683604 1.493479 0.894628 -1.100000 1.100000 0.756910 -1.393431 -0.011048 -2.482384 1.100000 -1.088952 1.100000 2.406878  -1   0  -1 
2455078.686092 1.495967 0.894802 1.300000 1.200000 0.756910 -1.395362 -0.012597 -0.082765 1.200000 1.312597 1.200000 2.406878  -1   0  -1 
2455078.689171 1.499046 0.895017 1.200000 1.400000 0.756910 -1.397749 -0.014513 -0.183236 1.400000 1.214513 1.400000 2.406878  -1   0  -1 
2455109.549819 3.791142 0.055480 -2.200000 0.600000 0.756910 -2.185570 -1.371593 -3.013977 0.600000 -0.828407 0.600000 2.406878  -1   0  -1 
2455109.555767 3.797090 0.055897 -2.400000 0.800000 0.756910 -2.184741 -1.369475 -3.215267 0.800000 -1.030525 0.800000 2.406878  -1   0  -1 
2455110.576472 4.817795 0.127353 -1.900000 0.400000 0.756910 -1.832446 -0.803727 -2.928719 0.400000 -1.096273 0.400000 2.406878  -1   0  -1 
2455110.581946 4.823269 0.127736 -3.000000 0.400000 0.756910 -1.829512 -0.799697 -4.029816 0.400000 -2.200303 0.400000 2.406878  -1   0  -1 
2455112.566577 6.807900 0.266675 0.000000 0.500000 0.756910 -0.277779 1.099416 -1.377195 0.500000 -1.099416 0.500000 2.406878  -1   0  -1 
2455112.571947 6.813270 0.267051 0.700000 0.400000 0.756910 -0.272793 1.105167 -0.677960 0.400000 -0.405167 0.400000 2.406878  -1   0  -1 
2455116.586194 -3.456759 0.548076 0.900000 0.200000 0.756910 2.183451 3.593386 -0.509935 0.200000 -2.693386 0.200000 2.406878  -1   0  -1 
2455121.587607 1.544654 0.898210 -8.100000 0.700000 0.756910 -1.432778 -2.441059 -7.091718 0.700000 -5.658941 0.700000 2.406878  -1   0  -1 
2455121.590037 1.547084 0.898380 -6.900000 0.700000 0.756910 -1.434627 -2.444353 -5.890274 0.700000 -4.455647 0.700000 2.406878  -1   0  -1 
2455121.592479 1.549526 0.898551 -9.400000 0.700000 0.756910 -1.436483 -2.447660 -8.388823 0.700000 -6.952340 0.700000 2.406878  -1   0  -1 
2455121.594956 1.552003 0.898725 -7.500000 0.800000 0.756910 -1.438364 -2.451012 -6.487352 0.800000 -5.048988 0.800000 2.406878  -1   0  -1 
2455121.597456 1.554503 0.898900 -8.700000 0.800000 0.756910 -1.440261 -2.454393 -7.685868 0.800000 -6.245607 0.800000 2.406878  -1   0  -1 
2455122.525933 2.482980 0.963900 -6.400000 0.800000 0.756910 -1.996748 -3.522715 -4.874033 0.800000 -2.877285 0.800000 2.406878  -1   0  -1 
2455122.528352 2.485399 0.964069 -7.000000 0.800000 0.756910 -1.997771 -3.524951 -5.472821 0.800000 -3.475049 0.800000 2.406878  -1   0  -1 
2455122.530794 2.487841 0.964240 -7.600000 0.700000 0.756910 -1.998802 -3.527205 -6.071597 0.700000 -4.072795 0.700000 2.406878  -1   0  -1 
2455122.533248 2.490295 0.964412 -5.800000 0.700000 0.756910 -1.999835 -3.529466 -4.270369 0.700000 -2.270534 0.700000 2.406878  -1   0  -1 
2455122.535701 2.492748 0.964584 -6.300000 0.700000 0.756910 -2.000866 -3.531724 -4.769141 0.700000 -2.768276 0.700000 2.406878  -1   0  -1 
2455124.520796 4.477843 0.103554 -7.500000 0.300000 0.756910 -1.994071 -4.254804 -5.239267 0.300000 -3.245196 0.300000 2.406878  -1   0  -1 
2455124.526421 4.483468 0.103948 -7.500000 0.300000 0.756910 -1.991737 -4.253778 -5.237959 0.300000 -3.246222 0.300000 2.406878  -1   0  -1 
2455127.527559 -6.799670 0.314049 -2.300000 0.300000 0.756910 0.351726 -2.121130 0.172856 0.300000 -0.178870 0.300000 2.406878  -1   0  -1 
2455127.531367 -6.795862 0.314315 -2.500000 0.300000 0.756910 0.355228 -2.117412 -0.027361 0.300000 -0.382588 0.300000 2.406878  -1   0  -1 
2455127.535232 -6.791997 0.314586 -3.800000 0.300000 0.756910 0.358781 -2.113637 -1.327582 0.300000 -1.686363 0.300000 2.406878  -1   0  -1 
2455129.550559 -4.776670 0.455673 -2.600000 0.300000 0.756910 1.867795 -0.385060 -0.347145 0.300000 -2.214940 0.300000 2.406878  -1   0  -1 
2455129.556068 -4.771161 0.456059 -2.600000 0.300000 0.756910 1.870470 -0.381555 -0.347975 0.300000 -2.218445 0.300000 2.406878  -1   0  -1 
2455132.521473 -1.805756 0.663658 -1.900000 0.300000 0.756910 1.587261 -0.111915 -0.200824 0.300000 -1.788085 0.300000 2.406878  -1   0  -1 
2455134.512800 0.185571 0.803065 -3.100000 0.400000 0.756910 -0.197168 -1.454721 -1.842446 0.400000 -1.645279 0.400000 2.406878  -1   0  -1 
2455134.518436 0.191207 0.803459 -3.700000 0.400000 0.756910 -0.202785 -1.459045 -2.443740 0.400000 -2.240955 0.400000 2.406878  -1   0  -1 
2455135.502747 1.175518 0.872368 -4.500000 0.200000 0.756910 -1.132793 -2.160558 -3.472236 0.200000 -2.339442 0.200000 2.406878  -1   0  -1 
2455135.508279 1.181050 0.872755 -4.200000 0.200000 0.756910 -1.137548 -2.164015 -3.173533 0.200000 -2.035985 0.200000 2.406878  -1   0  -1 
2455136.521235 2.194006 0.943669 -3.400000 0.400000 0.756910 -1.857629 -2.644735 -2.612894 0.400000 -0.755265 0.400000 2.406878  -1   0  -1 
2455139.491913 5.164684 0.151638 -2.200000 0.600000 0.756910 -1.627409 -1.702490 -2.124919 0.600000 -0.497510 0.600000 2.406878  -1   0  -1 
2455139.497642 5.170413 0.152039 -3.600000 0.500000 0.756910 -1.623710 -1.697419 -3.526291 0.500000 -1.902581 0.500000 2.406878  -1   0  -1 
2455142.501946 -6.109559 0.362361 0.300000 0.600000 0.756910 0.961744 1.590714 -0.328970 0.600000 -1.290714 0.600000 2.406878  -1   0  -1 
2455142.508519 -6.102986 0.362822 2.000000 0.900000 0.756910 0.967235 1.597679 1.369556 0.900000 0.402321 0.900000 2.406878  -1   0  -1 
2455143.500033 -5.111472 0.432235 3.500000 0.500000 0.756910 1.686514 2.533767 2.652746 0.500000 0.966233 0.500000 2.406878  -1   0  -1 
2455143.505160 -5.106345 0.432593 1.900000 0.500000 0.756910 1.689558 2.537899 1.051658 0.500000 -0.637899 0.500000 2.406878  -1   0  -1 
2455370.737660 -6.422261 0.340470 1.200000 1.900000 0.756910 0.692601 -0.483121 2.375722 1.900000 1.683121 1.900000 2.406878  -1   0  -1 
2455370.742139 -6.417782 0.340784 -4.800000 3.200000 0.756910 0.696555 -0.478113 -3.625333 3.200000 -4.321887 3.200000 2.406878  -1   0  -1 
2455372.810565 -4.349356 0.485588 0.700000 0.600000 0.756910 2.043435 1.362370 1.381065 0.600000 -0.662370 0.600000 2.406878  -1   0  -1 
2455372.812926 -4.346995 0.485753 2.600000 0.700000 0.756910 2.044220 1.363723 3.280497 0.700000 1.236277 0.700000 2.406878  -1   0  -1 
2455372.815461 -4.344460 0.485931 -0.200000 0.700000 0.756910 2.045061 1.365174 0.479886 0.700000 -1.565174 0.700000 2.406878  -1   0  -1 
2455372.817961 -4.341960 0.486106 0.000000 0.700000 0.756910 2.045887 1.366603 0.679284 0.700000 -1.366603 0.700000 2.406878  -1   0  -1 
2455372.820334 -4.339587 0.486272 -0.700000 0.700000 0.756910 2.046670 1.367957 -0.021287 0.700000 -2.067957 0.700000 2.406878  -1   0  -1 
2455372.822846 -4.337075 0.486448 -2.000000 0.700000 0.756910 2.047496 1.369388 -1.321892 0.700000 -3.369388 0.700000 2.406878  -1   0  -1 
2455373.787027 -3.372894 0.553947 2.500000 0.700000 0.756910 2.179858 1.734299 2.945559 0.700000 0.765701 0.700000 2.406878  -1   0  -1 
2455373.789654 -3.370267 0.554131 3.200000 0.600000 0.756910 2.179698 1.734773 3.644925 0.600000 1.465227 0.600000 2.406878  -1   0  -1 
2455373.792363 -3.367558 0.554321 5.400000 0.700000 0.756910 2.179530 1.735259 5.844271 0.700000 3.664741 0.700000 2.406878  -1   0  -1 
2455373.795117 -3.364804 0.554514 0.700000 0.700000 0.756910 2.179356 1.735750 1.143606 0.700000 -1.035750 0.700000 2.406878  -1   0  -1 
2455374.782319 -2.377602 0.623625 4.100000 0.800000 0.756910 1.914693 1.709021 4.305672 0.800000 2.390979 0.800000 2.406878  -1   0  -1 
2455374.784842 -2.375079 0.623801 5.300000 0.800000 0.756910 1.913513 1.708448 5.505065 0.800000 3.591552 0.800000 2.406878  -1   0  -1 
2455374.787307 -2.372614 0.623974 2.500000 0.700000 0.756910 1.912358 1.707886 2.704472 0.700000 0.792114 0.700000 2.406878  -1   0  -1 
2455374.789738 -2.370183 0.624144 2.600000 0.800000 0.756910 1.911217 1.707329 2.803888 0.800000 0.892671 0.800000 2.406878  -1   0  -1 
2455375.694460 -1.465461 0.687481 1.100000 0.700000 0.756910 1.340148 1.352885 1.087263 0.700000 -0.252885 0.700000 2.406878  -1   0  -1 
2455375.696914 -1.463007 0.687653 -0.500000 0.700000 0.756910 1.338240 1.351562 -0.513321 0.700000 -1.851562 0.700000 2.406878  -1   0  -1 
2455375.699333 -1.460588 0.687822 1.000000 0.700000 0.756910 1.336358 1.350256 0.986103 0.700000 -0.350256 0.700000 2.406878  -1   0  -1 
2455375.701775 -1.458146 0.687993 0.900000 0.700000 0.756910 1.334457 1.348935 0.885521 0.700000 -0.448935 0.700000 2.406878  -1   0  -1 
2455376.666000 -0.493921 0.755496 2.300000 0.500000 0.756910 0.477055 0.719215 2.057840 0.500000 1.580785 0.500000 2.406878  -1   0  -1 
2455376.671521 -0.488400 0.755882 1.300000 0.500000 0.756910 0.471690 0.715141 1.056549 0.500000 0.584859 0.500000 2.406878  -1   0  -1 
2455396.818485 5.374288 0.166312 -3.000000 0.400000 0.756910 -1.486013 -4.082742 -0.403271 0.400000 1.082742 0.400000 2.406878  -1   0  -1 
2455399.794059 -5.934414 0.374623 -1.600000 0.300000 0.756910 1.105367 -1.062858 0.568225 0.300000 -0.537142 0.300000 2.406878  -1   0  -1 
2455401.724236 -4.004237 0.509749 3.200000 0.500000 0.756910 2.135450 0.361205 4.974245 0.500000 2.838795 0.500000 2.406878  -1   0  -1 
2455403.744580 -1.983893 0.651187 0.800000 0.400000 0.756910 1.701761 0.383809 2.117952 0.400000 0.416191 0.400000 2.406878  -1   0  -1 
2455407.739517 2.011044 0.930861 0.300000 0.400000 0.756910 -1.752878 -2.116307 0.663429 0.400000 2.416307 0.400000 2.406878  -1   0  -1 
2455407.744366 2.015893 0.931200 -0.200000 0.600000 0.756910 -1.755814 -2.118073 0.162259 0.600000 1.918073 0.600000 2.406878  -1   0  -1 
2455409.759906 4.031433 0.072302 -0.900000 0.400000 0.756910 -2.140268 -2.019687 -1.020581 0.400000 1.119687 0.400000 2.406878  -1   0  -1 
2455409.765438 4.036965 0.072690 -1.500000 0.400000 0.756910 -2.138943 -2.017053 -1.621890 0.400000 0.517053 0.400000 2.406878  -1   0  -1 
2455411.702076 5.973603 0.208268 1.000000 0.400000 0.756910 -1.021854 -0.453960 0.432107 0.400000 1.453960 0.400000 2.406878  -1   0  -1 
2455411.707608 5.979135 0.208655 1.100000 0.400000 0.756910 -1.017223 -0.448102 0.530879 0.400000 1.548102 0.400000 2.406878  -1   0  -1 
2455413.741738 -6.271011 0.351059 2.500000 0.500000 0.756910 0.824615 1.813689 1.510926 0.500000 0.686311 0.500000 2.406878  -1   0  -1 
2455413.747363 -6.265386 0.351452 3.900000 0.500000 0.756910 0.829462 1.819583 2.909878 0.500000 2.080417 0.500000 2.406878  -1   0  -1 
2455423.671167 3.658418 0.046189 -3.900000 0.600000 0.756910 -2.200152 -3.134782 -2.965370 0.600000 -0.765218 0.600000 2.406878  -1   0  -1 
2455423.675010 3.662261 0.046458 -4.000000 0.600000 0.756910 -2.199836 -3.136831 -3.063005 0.600000 -0.863169 0.600000 2.406878  -1   0  -1 
2455423.678921 3.666172 0.046731 -4.400000 0.600000 0.756910 -2.199508 -3.138908 -3.460599 0.600000 -1.261092 0.600000 2.406878  -1   0  -1 
2455424.623362 4.610613 0.112849 -4.200000 0.800000 0.756910 -1.935866 -3.426406 -2.709460 0.800000 -0.773594 0.800000 2.406878  -1   0  -1 
2455424.627274 4.614525 0.113123 -5.000000 0.700000 0.756910 -1.934053 -3.426715 -3.507339 0.700000 -1.573285 0.700000 2.406878  -1   0  -1 
2455424.631012 4.618263 0.113385 -4.600000 0.700000 0.756910 -1.932316 -3.427003 -3.105314 0.700000 -1.172997 0.700000 2.406878  -1   0  -1 
2455425.571355 5.558606 0.179215 -3.600000 0.500000 0.756910 -1.351983 -3.303590 -1.648393 0.500000 -0.296410 0.500000 2.406878  -1   0  -1 
2455425.575244 5.562495 0.179487 -2.900000 0.600000 0.756910 -1.349064 -3.302325 -0.946739 0.600000 0.402325 0.600000 2.406878  -1   0  -1 
2455425.579121 5.566372 0.179759 -3.100000 0.600000 0.756910 -1.346151 -3.301059 -1.145092 0.600000 0.201059 0.600000 2.406878  -1   0  -1 
2455427.718138 -6.578887 0.329505 -2.000000 0.500000 0.756910 0.552849 -1.999385 0.552234 0.500000 -0.000615 0.500000 2.406878  -1   0  -1 
2455427.721911 -6.575114 0.329769 -2.400000 0.500000 0.756910 0.556247 -1.996522 0.152769 0.500000 -0.403478 0.500000 2.406878  -1   0  -1 
2455427.725707 -6.571318 0.330035 -0.700000 0.500000 0.756910 0.559665 -1.993642 1.853307 0.500000 1.293642 0.500000 2.406878  -1   0  -1 
2455428.726322 -5.570703 0.400085 -1.000000 0.500000 0.756910 1.383276 -1.258010 1.641286 0.500000 0.258010 0.500000 2.406878  -1   0  -1 
2455428.730153 -5.566872 0.400353 -0.400000 0.400000 0.756910 1.386040 -1.255394 2.241433 0.400000 0.855394 0.400000 2.406878  -1   0  -1 
2455428.733937 -5.563088 0.400618 0.100000 0.500000 0.756910 1.388766 -1.252812 2.741577 0.500000 1.352812 0.500000 2.406878  -1   0  -1 
2455435.654960 1.357935 0.885139 -3.400000 0.600000 0.756910 -1.285600 -2.986350 -1.699250 0.600000 -0.413650 0.600000 2.406878  -1   0  -1 
2455436.663126 2.366101 0.955717 -5.600000 0.300000 0.756910 -1.944475 -3.418497 -4.125978 0.300000 -2.181503 0.300000 2.406878  -1   0  -1 
2455436.668404 2.371379 0.956087 -5.900000 0.300000 0.756910 -1.946954 -3.419769 -4.427185 0.300000 -2.480231 0.300000 2.406878  -1   0  -1 
2455437.672380 3.375355 0.026372 -6.300000 0.300000 0.756910 -2.205909 -3.446011 -5.059899 0.300000 -2.853989 0.300000 2.406878  -1   0  -1 
2455437.677657 3.380632 0.026742 -6.400000 0.300000 0.756910 -2.206120 -3.444984 -5.161136 0.300000 -2.955016 0.300000 2.406878  -1   0  -1 
2455438.708355 4.411330 0.098898 -3.600000 0.300000 0.756910 -2.020768 -3.015795 -2.604972 0.300000 -0.584205 0.300000 2.406878  -1   0  -1 
2455438.713494 4.416469 0.099258 -3.700000 0.300000 0.756910 -2.018765 -3.012567 -2.706197 0.300000 -0.687433 0.300000 2.406878  -1   0  -1 
2455439.730928 5.433903 0.170485 -3.000000 0.300000 0.756910 -1.443608 -2.193570 -2.250038 0.300000 -0.806430 0.300000 2.406878  -1   0  -1 
2455443.710245 -4.871056 0.449065 5.700000 0.400000 0.756910 1.820381 2.025661 5.494719 0.400000 3.674339 0.400000 2.406878  -1   0  -1 
2455444.726089 -3.855212 0.520182 3.700000 0.300000 0.756910 2.160649 2.601313 3.259335 0.300000 1.098687 0.300000 2.406878  -1   0  -1 
2455445.637866 -2.943435 0.584012 6.200000 0.200000 0.756910 2.115389 2.759683 5.555706 0.200000 3.440317 0.200000 2.406878  -1   0  -1 
2455446.658848 -1.922453 0.655488 7.400000 0.500000 0.756910 1.663491 2.522735 6.540756 0.500000 4.877265 0.500000 2.406878  -1   0  -1 
2455446.663928 -1.917373 0.655844 6.100000 0.500000 0.756910 1.660268 2.520537 5.239731 0.500000 3.579463 0.500000 2.406878  -1   0  -1 
2455453.602871 5.021570 0.141619 0.600000 0.400000 0.756910 -1.716597 -0.704728 -0.411869 0.400000 1.304728 0.400000 2.406878  -1   0  -1 
2455453.606447 5.025146 0.141869 0.800000 0.400000 0.756910 -1.714445 -0.703715 -0.210730 0.400000 1.503715 0.400000 2.406878  -1   0  -1 
2455453.610092 5.028791 0.142124 -0.500000 0.400000 0.756910 -1.712247 -0.702680 -1.509567 0.400000 0.202680 0.400000 2.406878  -1   0  -1 
2455456.539745 -6.325832 0.347221 1.100000 0.500000 0.756910 0.777134 0.309689 1.567445 0.500000 0.790311 0.500000 2.406878  -1   0  -1 
2455456.543147 -6.322430 0.347459 2.400000 0.500000 0.756910 0.780093 0.310520 2.869573 0.500000 2.089480 0.500000 2.406878  -1   0  -1 
2455456.546504 -6.319073 0.347694 3.000000 0.600000 0.756910 0.783012 0.311339 3.471673 0.600000 2.688661 0.600000 2.406878  -1   0  -1 
2455458.640176 -4.225401 0.494266 1.600000 0.400000 0.756910 2.081794 0.384805 3.296989 0.400000 1.215195 0.400000 2.406878  -1   0  -1 
2455458.645361 -4.220216 0.494629 1.800000 0.400000 0.756910 2.083270 0.383714 3.499556 0.400000 1.416286 0.400000 2.406878  -1   0  -1 
2455459.533232 -3.332345 0.556786 4.500000 0.300000 0.756910 2.177067 0.089538 6.587528 0.300000 4.410462 0.300000 2.406878  -1   0  -1 
2455459.538208 -3.327369 0.557134 1.800000 0.300000 0.756910 2.176677 0.087276 3.889401 0.300000 1.712724 0.300000 2.406878  -1   0  -1 
2455480.529186 3.379333 0.026651 -4.700000 0.500000 0.756910 -2.206070 -1.285292 -5.620777 0.500000 -3.414708 0.500000 2.406878  -1   0  -1 
2455480.532970 3.383117 0.026916 -3.500000 0.400000 0.756910 -2.206215 -1.284694 -4.421521 0.400000 -2.215306 0.400000 2.406878  -1   0  -1 
2455480.536778 3.386925 0.027182 -1.800000 0.500000 0.756910 -2.206356 -1.284087 -2.722269 0.500000 -0.515913 0.500000 2.406878  -1   0  -1 
2455482.554786 5.404933 0.168457 1.700000 0.400000 0.756910 -1.464331 -0.203383 0.439052 0.400000 1.903383 0.400000 2.406878  -1   0  -1 
2455484.542056 -6.892073 0.307580 2.300000 0.500000 0.756910 0.266476 1.673838 0.892638 0.500000 0.626162 0.500000 2.406878  -1   0  -1 
2455484.545828 -6.888301 0.307844 4.700000 0.500000 0.756910 0.269966 1.677336 3.292630 0.500000 3.022664 0.500000 2.406878  -1   0  -1 
2455484.549671 -6.884458 0.308113 3.800000 0.500000 0.756910 0.273520 1.680897 2.392623 0.500000 2.119103 0.500000 2.406878  -1   0  -1 
2455485.527184 -5.906945 0.376546 4.400000 0.400000 0.756910 1.127358 2.490564 3.036794 0.400000 1.909436 0.400000 2.406878  -1   0  -1 
2455485.532971 -5.901158 0.376951 6.100000 0.400000 0.756910 1.131972 2.494619 4.737353 0.400000 3.605381 0.400000 2.406878  -1   0  -1 
2455487.543214 -3.890915 0.517682 4.100000 0.400000 0.756910 2.155427 3.063676 3.191751 0.400000 1.036324 0.400000 2.406878  -1   0  -1 
2455487.548897 -3.885232 0.518080 4.100000 0.400000 0.756910 2.156292 3.062457 3.193836 0.400000 1.037543 0.400000 2.406878  -1   0  -1 
2455493.544252 2.110123 0.937797 -2.300000 0.400000 0.756910 -1.811156 -4.028155 -0.083000 0.400000 1.728155 0.400000 2.406878  -1   0  -1 
2455493.550478 2.116349 0.938233 -3.100000 0.400000 0.756910 -1.814696 -4.033689 -0.881007 0.400000 0.933689 0.400000 2.406878  -1   0  -1 
2455495.535877 4.101748 0.077225 -3.000000 0.400000 0.756910 -2.122495 -4.722390 -0.400105 0.400000 1.722390 0.400000 2.406878  -1   0  -1 
2455495.541664 4.107535 0.077630 -3.000000 0.400000 0.756910 -2.120942 -4.721282 -0.399661 0.400000 1.721282 0.400000 2.406878  -1   0  -1 
2455498.517820 7.083691 0.285982 -1.400000 0.700000 0.756910 -0.020698 -2.504174 1.083476 0.700000 1.104174 0.700000 2.406878  -1   0  -1 
2455498.523445 7.089316 0.286376 -0.800000 0.600000 0.756910 -0.015445 -2.498213 1.682768 0.600000 1.698213 0.600000 2.406878  -1   0  -1 
2455500.544007 -5.174398 0.427829 -1.600000 0.300000 0.756910 1.648506 -0.511481 0.559987 0.300000 -1.088519 0.300000 2.406878  -1   0  -1 
2455500.549389 -5.169016 0.428206 -1.600000 0.400000 0.756910 1.651803 -0.507178 0.558981 0.400000 -1.092822 0.400000 2.406878  -1   0  -1 
2455501.547102 -4.171303 0.498053 -1.800000 0.300000 0.756910 2.096686 0.133633 0.163053 0.300000 -1.933633 0.300000 2.406878  -1   0  -1 
2455501.552738 -4.165667 0.498448 -2.600000 0.300000 0.756910 2.098173 0.136274 -0.638101 0.300000 -2.736274 0.300000 2.406878  -1   0  -1 
2455505.514789 -0.203616 0.775819 -1.300000 0.300000 0.756910 0.191319 -0.880031 -0.228650 0.300000 -0.419969 0.300000 2.406878  -1   0  -1 
2455505.520425 -0.197980 0.776214 -1.000000 0.300000 0.756910 0.185715 -0.884297 0.070012 0.300000 -0.115703 0.300000 2.406878  -1   0  -1 
2455507.517142 1.798737 0.915998 -4.500000 0.300000 0.756910 -1.616160 -2.207021 -3.909139 0.300000 -2.292979 0.300000 2.406878  -1   0  -1 
2455507.522824 1.804419 0.916396 -6.000000 0.300000 0.756910 -1.620022 -2.209510 -5.410512 0.300000 -3.790490 0.300000 2.406878  -1   0  -1 
2455509.518050 3.799645 0.056076 -3.700000 0.400000 0.756910 -2.184381 -2.291912 -3.592469 0.400000 -1.408088 0.400000 2.406878  -1   0  -1 
2455509.523524 3.805119 0.056459 -3.500000 0.400000 0.756910 -2.183599 -2.289814 -3.393785 0.400000 -1.210186 0.400000 2.406878  -1   0  -1 
2455511.516449 5.798044 0.195978 -2.400000 0.400000 0.756910 -1.165860 -0.800115 -2.765746 0.400000 -1.599885 0.400000 2.406878  -1   0  -1 
2455511.521935 5.803530 0.196362 -2.800000 0.400000 0.756910 -1.161451 -0.794435 -3.167016 0.400000 -2.005565 0.400000 2.406878  -1   0  -1 
2455513.504562 -6.498119 0.335159 1.000000 0.400000 0.756910 0.625267 1.431918 0.193349 0.400000 -0.431918 0.400000 2.406878  -1   0  -1 
2455513.510244 -6.492437 0.335557 1.200000 0.400000 0.756910 0.630334 1.438172 0.392162 0.400000 -0.238172 0.400000 2.406878  -1   0  -1 
2455514.505835 -5.496846 0.405256 0.400000 0.300000 0.756910 1.435902 2.441978 -0.606076 0.300000 -2.041978 0.300000 2.406878  -1   0  -1 
2455514.511356 -5.491325 0.405642 0.800000 0.300000 0.756910 1.439780 2.446895 -0.207115 0.300000 -1.646895 0.300000 2.406878  -1   0  -1 
2455519.503938 -0.498743 0.755158 3.400000 0.500000 0.756910 0.481738 1.816600 2.065138 0.500000 1.583400 0.500000 2.406878  -1   0  -1 
2455519.508811 -0.493870 0.755499 4.000000 0.500000 0.756910 0.477006 1.811186 2.665819 0.500000 2.188814 0.500000 2.406878  -1   0  -1 
2455523.508036 3.505355 0.035473 1.800000 0.400000 0.756910 -2.207578 -2.494813 2.087235 0.400000 4.294813 0.400000 2.406878  -1   0  -1 
2455523.513036 3.510355 0.035823 2.000000 0.400000 0.756910 -2.207495 -2.497823 2.290327 0.400000 4.497823 0.400000 2.406878  -1   0  -1 
2455524.521481 4.518800 0.106421 1.600000 0.300000 0.756910 -1.976808 -2.895539 2.518731 0.300000 4.495539 0.300000 2.406878  -1   0  -1 
2455524.526446 4.523765 0.106769 2.100000 0.300000 0.756910 -1.974673 -2.896450 3.021778 0.300000 4.996450 0.300000 2.406878  -1   0  -1 
2455653.900831 5.339666 0.163888 -0.800000 0.400000 0.756910 -1.510208 -0.052592 -2.257616 0.400000 -0.747408 0.400000 2.406878  -1   0  -1 
2455653.906410 5.345245 0.164278 0.500000 0.400000 0.756910 -1.506331 -0.049468 -0.956862 0.400000 0.549468 0.400000 2.406878  -1   0  -1 
2455654.900357 6.339192 0.233862 0.800000 0.400000 0.756910 -0.705478 0.552955 -0.458433 0.400000 0.247045 0.400000 2.406878  -1   0  -1 
2455654.905936 6.344771 0.234252 1.300000 0.400000 0.756910 -0.700507 0.556433 0.043060 0.400000 0.743567 0.400000 2.406878  -1   0  -1 
2455657.909222 -4.936219 0.444503 -0.300000 0.300000 0.756910 1.785923 1.638194 -0.152271 0.300000 -1.938194 0.300000 2.406878  -1   0  -1 
2455657.914813 -4.930628 0.444895 -0.700000 0.300000 0.756910 1.788934 1.637758 -0.548824 0.300000 -2.337758 0.300000 2.406878  -1   0  -1 
2455659.907949 -2.937492 0.584428 0.500000 0.400000 0.756910 2.113957 0.762566 1.851391 0.400000 -0.262566 0.400000 2.406878  -1   0  -1 
2455659.913540 -2.931901 0.584820 -0.700000 0.400000 0.756910 2.112598 0.758200 0.654397 0.400000 -1.458200 0.400000 2.406878  -1   0  -1 
2455660.901884 -1.943557 0.654011 -0.600000 0.300000 0.756910 1.676783 -0.150152 1.226935 0.300000 -0.449848 0.300000 2.406878  -1   0  -1 
2455662.902485 0.057044 0.794067 -0.700000 0.500000 0.756910 -0.068838 -2.451715 1.682877 0.500000 1.751715 0.500000 2.406878  -1   0  -1 
2455662.908180 0.062739 0.794466 -1.100000 0.500000 0.756910 -0.074530 -2.458254 1.283724 0.500000 1.358254 0.500000 2.406878  -1   0  -1 
2455663.839263 0.993822 0.859648 -2.700000 0.900000 0.756910 -0.972797 -3.447451 -0.225346 0.900000 0.747451 0.900000 2.406878  -1   0  -1 
2455672.897729 -4.231988 0.493805 -0.000000 0.300000 0.756910 2.079903 1.004371 1.075532 0.300000 -1.004371 0.300000 2.406878  -1   0  -1 
2455672.902775 -4.226942 0.494158 0.100000 0.300000 0.756910 2.081353 1.007010 1.174343 0.300000 -0.907010 0.300000 2.406878  -1   0  -1 
2455675.905453 -1.224264 0.704366 -2.200000 0.200000 0.756910 1.144865 0.791979 -1.847115 0.200000 -2.991979 0.200000 2.406878  -1   0  -1 
2455679.879903 2.750186 0.982606 -3.400000 0.300000 0.756910 -2.095129 -1.497336 -3.997793 0.300000 -1.902664 0.300000 2.406878  -1   0  -1 
2455679.885123 2.755406 0.982971 -4.100000 0.300000 0.756910 -2.096752 -1.497759 -4.698993 0.300000 -2.602241 0.300000 2.406878  -1   0  -1 
2455712.893679 -7.088866 0.293803 0.600000 0.300000 0.756910 0.083575 0.596247 0.087328 0.300000 0.003753 0.300000 2.406878  -1   0  -1 
2455715.864679 -4.117866 0.501794 4.700000 0.700000 0.756910 2.110280 3.274389 3.535890 0.700000 1.425611 0.700000 2.406878  -1   0  -1 
2455715.867376 -4.115169 0.501983 4.200000 0.700000 0.756910 2.110936 3.275575 3.035361 0.700000 0.924425 0.700000 2.406878  -1   0  -1 
2455715.869992 -4.112553 0.502166 4.600000 0.700000 0.756910 2.111570 3.276722 3.434848 0.700000 1.323278 0.700000 2.406878  -1   0  -1 
2455715.872747 -4.109798 0.502359 4.200000 0.700000 0.756910 2.112235 3.277926 3.034308 0.700000 0.922074 0.700000 2.406878  -1   0  -1 
2455735.809170 1.542349 0.898049 -3.700000 0.300000 0.756910 -1.431022 -3.333247 -1.797775 0.300000 -0.366753 0.300000 2.406878  -1   0  -1 
2455754.777241 6.226144 0.225948 2.200000 0.500000 0.756910 -0.805367 0.811050 0.583584 0.500000 1.388950 0.500000 2.406878  -1   0  -1 
2455755.755721 -7.079652 0.294448 1.000000 0.400000 0.756910 0.092166 1.508867 -0.416701 0.400000 -0.508867 0.400000 2.406878  -1   0  -1 
2455769.736300 6.900927 0.273187 -1.000000 0.300000 0.756910 -0.191252 -1.963092 0.771840 0.300000 0.963092 0.300000 2.406878  -1   0  -1 
2455769.742075 6.906702 0.273591 -1.400000 0.400000 0.756910 -0.185871 -1.956583 0.370712 0.400000 0.556583 0.400000 2.406878  -1   0  -1 
2455776.628483 -0.491166 0.755689 0.200000 0.400000 0.756910 0.474379 0.281529 0.392850 0.400000 -0.081529 0.400000 2.406878  -1   0  -1 
2455782.624998 5.505349 0.175487 1.200000 0.400000 0.756910 -1.391586 -0.182791 -0.008794 0.400000 1.382791 0.400000 2.406878  -1   0  -1 
2455784.737667 -6.666258 0.323389 4.400000 0.300000 0.756910 0.473761 2.062485 2.811276 0.300000 2.337515 0.300000 2.406878  -1   0  -1 
2455801.526698 -4.161503 0.498739 0.600000 0.600000 0.756910 2.099263 0.091354 2.607909 0.600000 0.508646 0.600000 2.406878  -1   0  -1 
2455801.531628 -4.156573 0.499084 -0.100000 0.600000 0.756910 2.100545 0.093367 1.907178 0.600000 -0.193367 0.600000 2.406878  -1   0  -1 
2455804.632333 -1.055868 0.716155 -1.800000 0.600000 0.756910 0.999953 -0.425572 -0.374475 0.600000 -1.374428 0.600000 2.406878  -1   0  -1 
2455804.637669 -1.050532 0.716529 -1.100000 0.500000 0.756910 0.995257 -0.429119 0.324376 0.500000 -0.670881 0.500000 2.406878  -1   0  -1 
2455807.626267 1.938066 0.925752 0.400000 0.500000 0.756910 -1.707668 -2.448495 1.140827 0.500000 2.848495 0.500000 2.406878  -1   0  -1 
2455807.631162 1.942961 0.926095 0.500000 0.400000 0.756910 -1.710760 -2.450421 1.239661 0.400000 2.950421 0.400000 2.406878  -1   0  -1 
2455810.581550 4.893349 0.132643 -2.800000 0.400000 0.756910 -1.791074 -1.816335 -2.774738 0.400000 -0.983665 0.400000 2.406878  -1   0  -1 
2455810.586723 4.898522 0.133005 -1.900000 0.400000 0.756910 -1.788172 -1.812171 -1.876001 0.400000 -0.087829 0.400000 2.406878  -1   0  -1 
2455816.587002 -3.385475 0.553066 1.700000 0.500000 0.756910 2.180584 3.546925 0.333659 0.500000 -1.846925 0.500000 2.406878  -1   0  -1 
2455816.590578 -3.381899 0.553317 2.400000 0.400000 0.756910 2.180385 3.547438 1.032946 0.400000 -1.147438 0.400000 2.406878  -1   0  -1 
2455816.594154 -3.378323 0.553567 1.900000 0.400000 0.756910 2.180180 3.547946 0.532233 0.400000 -1.647946 0.400000 2.406878  -1   0  -1 
2455834.622073 0.365320 0.815649 -2.700000 0.300000 0.756910 -0.375570 -2.361457 -0.714113 0.300000 -0.338543 0.300000 2.406878  -1   0  -1 
2455834.627593 0.370840 0.816035 -3.600000 0.300000 0.756910 -0.381018 -2.366191 -1.614827 0.300000 -1.233809 0.300000 2.406878  -1   0  -1 
2455836.585712 2.328959 0.953117 -4.400000 0.300000 0.756910 -1.926716 -3.594123 -2.732593 0.300000 -0.805877 0.300000 2.406878  -1   0  -1 
2455836.591440 2.334687 0.953518 -5.300000 0.300000 0.756910 -1.929491 -3.595817 -3.633674 0.300000 -1.704183 0.300000 2.406878  -1   0  -1 
2455839.585007 5.328254 0.163089 -3.100000 0.500000 0.756910 -1.518112 -2.549174 -2.068938 0.500000 -0.550826 0.500000 2.406878  -1   0  -1 
2455839.590794 5.334041 0.163494 -2.800000 0.500000 0.756910 -1.514108 -2.543845 -1.770263 0.500000 -0.256155 0.500000 2.406878  -1   0  -1 
2455842.549547 -5.991482 0.370628 2.500000 0.500000 0.756910 1.059203 0.731276 2.827927 0.500000 1.768724 0.500000 2.406878  -1   0  -1 
2455842.555033 -5.985996 0.371012 2.700000 0.400000 0.756910 1.063668 0.737073 3.026595 0.400000 1.962927 0.400000 2.406878  -1   0  -1 
2455845.575633 -2.965396 0.582475 5.300000 0.500000 0.756910 2.120550 2.531062 4.889489 0.500000 2.768938 0.500000 2.406878  -1   0  -1 
2455845.581258 -2.959771 0.582869 5.100000 0.500000 0.756910 2.119247 2.531126 4.688121 0.500000 2.568874 0.500000 2.406878  -1   0  -1 
2455870.498785 -6.610796 0.327271 -3.100000 0.400000 0.756910 0.524050 -0.974834 -1.601117 0.400000 -2.125166 0.400000 2.406878  -1   0  -1 
2455870.504422 -6.605159 0.327666 -2.300000 0.400000 0.756910 0.529145 -0.968637 -0.802218 0.400000 -1.331363 0.400000 2.406878  -1   0  -1 
2455874.532217 -2.577364 0.609640 1.300000 0.500000 0.756910 2.000215 1.393833 1.906382 0.500000 -0.093833 0.500000 2.406878  -1   0  -1 
2455874.537437 -2.572144 0.610005 3.300000 0.700000 0.756910 1.998181 1.393040 3.905141 0.700000 1.906960 0.700000 2.406878  -1   0  -1 
2455878.549549 1.439968 0.890881 3.500000 0.700000 0.756910 -1.351475 -0.981274 3.129798 0.700000 4.481274 0.700000 2.406878  -1   0  -1 
2455878.554965 1.445384 0.891261 5.200000 0.700000 0.756910 -1.355759 -0.984232 4.828473 0.700000 6.184232 0.700000 2.406878  -1   0  -1 
2456020.892743 0.940402 0.855908 3.600000 0.400000 0.756910 -0.924439 1.813148 0.862413 0.400000 1.786852 0.400000 2.406878  -1   0  -1 
2456020.898160 0.945819 0.856288 3.600000 0.400000 0.756910 -0.929368 1.808799 0.861834 0.400000 1.791201 0.400000 2.406878  -1   0  -1 
2456022.889397 2.937056 0.995688 -0.500000 0.500000 0.756910 -2.145987 0.664667 -3.310654 0.500000 -1.164667 0.500000 2.406878  -1   0  -1 
2456022.894884 2.942543 0.996072 -1.400000 0.600000 0.756910 -2.147254 0.663126 -4.210380 0.600000 -2.063126 0.600000 2.406878  -1   0  -1 
2456024.891353 4.939012 0.135839 -3.100000 0.400000 0.756910 -1.765157 0.705080 -5.570237 0.400000 -3.805080 0.400000 2.406878  -1   0  -1 
2456024.897048 4.944707 0.136238 -2.600000 0.400000 0.756910 -1.761877 0.706623 -5.068500 0.400000 -3.306623 0.400000 2.406878  -1   0  -1 
2456028.922257 -5.314360 0.418031 0.500000 0.300000 0.756910 1.559787 1.917169 0.142618 0.300000 -1.417169 0.300000 2.406878  -1   0  -1 
2456029.892891 -4.343726 0.485982 0.500000 0.500000 0.756910 2.045303 1.870627 0.674676 0.500000 -1.370627 0.500000 2.406878  -1   0  -1 
2456029.898354 -4.338263 0.486365 0.000000 0.500000 0.756910 2.047105 1.869714 0.177391 0.500000 -1.869714 0.500000 2.406878  -1   0  -1 
2456031.852968 -2.383649 0.623201 1.300000 0.400000 0.756910 1.917511 1.023055 2.194456 0.400000 0.276945 0.400000 2.406878  -1   0  -1 
2456052.857065 4.336172 0.093636 -2.600000 0.400000 0.756910 -2.048910 0.726123 -5.375033 0.400000 -3.326123 0.400000 2.406878  -1   0  -1 
2456052.862482 4.341589 0.094015 -1.800000 0.400000 0.756910 -2.046954 0.729049 -4.576003 0.400000 -2.529049 0.400000 2.406878  -1   0  -1 
2456053.851639 5.330746 0.163263 -3.000000 0.400000 0.756910 -1.516389 1.419261 -5.935650 0.400000 -4.419261 0.400000 2.406878  -1   0  -1 
2456053.857114 5.336221 0.163647 0.900000 0.400000 0.756910 -1.512598 1.423827 -2.036424 0.400000 -0.523827 0.400000 2.406878  -1   0  -1 
2456054.839916 6.319023 0.232450 -2.200000 0.300000 0.756910 -0.723417 2.327384 -5.250801 0.300000 -4.527384 0.300000 2.406878  -1   0  -1 
2456055.886865 -6.918304 0.305744 -0.400000 0.300000 0.756910 0.242188 3.346817 -3.504630 0.300000 -3.746817 0.300000 2.406878  -1   0  -1 
2456056.818146 -5.987023 0.370940 2.000000 0.400000 0.756910 1.062832 4.135395 -1.072563 0.400000 -2.135395 0.400000 2.406878  -1   0  -1 
2456056.823714 -5.981455 0.371330 1.800000 0.400000 0.756910 1.067359 4.139460 -1.272101 0.400000 -2.339460 0.400000 2.406878  -1   0  -1 
2456078.843392 1.753947 0.912862 2.600000 0.300000 0.756910 -1.585341 -0.263621 1.278280 0.300000 2.863621 0.300000 2.406878  -1   0  -1 
2456078.849075 1.759630 0.913260 2.300000 0.300000 0.756910 -1.589288 -0.266138 0.976850 0.300000 2.566138 0.300000 2.406878  -1   0  -1 
2456081.832748 4.743303 0.122138 0.600000 0.400000 0.756910 -1.871351 0.200348 -1.471698 0.400000 0.399652 0.400000 2.406878  -1   0  -1 
2456081.838651 4.749206 0.122551 0.300000 0.300000 0.756910 -1.868337 0.204822 -1.773160 0.300000 0.095178 0.300000 2.406878  -1   0  -1 
2456085.820521 -5.553200 0.401310 3.400000 0.400000 0.756910 1.395872 4.384315 0.411557 0.400000 -0.984315 0.400000 2.406878  -1   0  -1 
2456085.826250 -5.547471 0.401712 4.100000 0.500000 0.756910 1.399979 4.389562 1.110417 0.500000 -0.289562 0.500000 2.406878  -1   0  -1 
2456088.742747 -2.630974 0.605887 5.500000 0.300000 0.756910 2.020480 5.435220 2.085260 0.300000 0.064780 0.300000 2.406878  -1   0  -1 
2456092.900369 1.526648 0.896950 -0.000000 0.300000 0.756910 -1.419021 1.400523 -2.819544 0.300000 -1.400523 0.300000 2.406878  -1   0  -1 
2456115.815540 -4.126733 0.501173 3.600000 0.400000 0.756910 2.108101 4.672386 1.035715 0.400000 -1.072386 0.400000 2.406878  -1   0  -1 
2456118.809984 -1.132289 0.710805 6.100000 0.300000 0.756910 1.066525 4.334826 2.831699 0.300000 1.765174 0.300000 2.406878  -1   0  -1 
2456121.820367 1.878094 0.921553 2.900000 0.700000 0.756910 -1.669102 2.113540 -0.882642 0.700000 0.786460 0.700000 2.406878  -1   0  -1 
2456149.686124 1.175299 0.872353 -1.200000 0.400000 0.756910 -1.132605 1.986923 -4.319527 0.400000 -3.186923 0.400000 2.406878  -1   0  -1 
2456154.723489 6.212664 0.225004 5.400000 0.400000 0.756910 -0.817165 3.381592 1.201243 0.400000 2.018408 0.400000 2.406878  -1   0  -1 
2456154.728442 6.217617 0.225351 6.200000 0.600000 0.756910 -0.812833 3.386651 2.000516 0.600000 2.813349 0.600000 2.406878  -1   0  -1 
2456166.527551 3.732450 0.051371 -4.500000 0.300000 0.756910 -2.192945 -1.495190 -5.197756 0.300000 -3.004810 0.300000 2.406878  -1   0  -1 
2456168.609469 5.814368 0.197120 -4.900000 0.500000 0.756910 -1.152722 -0.614216 -5.438506 0.500000 -4.285784 0.500000 2.406878  -1   0  -1 
2456168.615105 5.820004 0.197515 -4.000000 0.400000 0.756910 -1.148174 -0.609540 -4.538634 0.400000 -3.390460 0.400000 2.406878  -1   0  -1 
2456171.510563 -5.568814 0.400217 1.200000 0.300000 0.756910 1.384639 2.240765 0.343875 0.300000 -1.040765 0.300000 2.406878  -1   0  -1 
2456173.694840 -3.384537 0.553132 5.800000 0.400000 0.756910 2.180532 3.476039 4.504493 0.400000 2.323961 0.400000 2.406878  -1   0  -1 
2456181.612869 4.533492 0.107450 2.900000 0.300000 0.756910 -1.970464 1.312725 -0.383189 0.300000 1.587275 0.300000 2.406878  -1   0  -1 
2456186.623747 -4.739906 0.458247 7.200000 0.300000 0.756910 1.885448 6.384583 2.700866 0.300000 0.815417 0.300000 2.406878  -1   0  -1 
2456189.666838 -1.696815 0.671285 6.100000 0.900000 0.756910 1.512052 6.474821 1.137231 0.900000 -0.374821 0.900000 2.406878  -1   0  -1 
2456190.592865 -0.770788 0.736113 3.100000 0.400000 0.756910 0.741137 5.737225 -1.896088 0.400000 -2.637225 0.400000 2.406878  -1   0  -1 
2456190.598548 -0.765105 0.736511 2.100000 0.400000 0.756910 0.735828 5.731891 -2.896063 0.400000 -3.631891 0.400000 2.406878  -1   0  -1 
2456195.586272 4.222619 0.085687 1.700000 0.500000 0.756910 -2.087274 1.348344 -1.735618 0.500000 0.351656 0.500000 2.406878  -1   0  -1 
2456195.591793 4.228140 0.086073 1.200000 0.500000 0.756910 -2.085526 1.346805 -2.232331 0.500000 -0.146805 0.500000 2.406878  -1   0  -1 
2456198.564091 -7.083838 0.294155 8.300000 0.600000 0.756910 0.088263 1.899090 6.489173 0.600000 6.400910 0.600000 2.406878  -1   0  -1 
2456198.569866 -7.078063 0.294559 8.700000 0.600000 0.756910 0.093648 1.902149 6.891499 0.600000 6.797851 0.600000 2.406878  -1   0  -1 
2456204.547188 -1.100741 0.713014 3.800000 0.400000 0.756910 1.039201 2.465054 2.374147 0.400000 1.334946 0.400000 2.406878  -1   0  -1 
2456205.523197 -0.124732 0.781341 0.900000 0.200000 0.756910 0.112760 1.708213 -0.695452 0.200000 -0.808213 0.200000 2.406878  -1   0  -1 
2456208.615737 2.967808 0.997841 -0.500000 0.500000 0.756910 -2.152918 0.122303 -2.775220 0.500000 -0.622303 0.500000 2.406878  -1   0  -1 
2456209.540800 3.892871 0.062602 2.500000 0.500000 0.756910 -2.169336 0.333325 -0.002661 0.500000 2.166675 0.500000 2.406878  -1   0  -1 
2456210.532155 4.884226 0.132004 2.300000 0.400000 0.756910 -1.796170 0.956956 -0.453126 0.400000 1.343044 0.400000 2.406878  -1   0  -1 
2456212.523498 6.875569 0.271412 7.600000 0.200000 0.756910 -0.214867 3.054498 4.330635 0.200000 4.545502 0.200000 2.406878  -1   0  -1 
2456217.523649 -2.408556 0.621458 8.100000 0.400000 0.756910 1.928966 6.501399 3.527568 0.400000 1.598601 0.400000 2.406878  -1   0  -1 
2456217.529482 -2.402723 0.621866 9.800000 0.400000 0.756910 1.926305 6.500203 5.226102 0.400000 3.299797 0.400000 2.406878  -1   0  -1 
2456218.587951 -1.344254 0.695966 9.400000 0.400000 0.756910 1.243935 6.078568 4.565366 0.400000 3.321432 0.400000 2.406878  -1   0  -1 
2456219.500319 -0.431886 0.759839 8.400000 0.200000 0.756910 0.416594 5.464653 3.351941 0.200000 2.935347 0.200000 2.406878  -1   0  -1 
2456220.491327 0.559122 0.829216 6.000000 0.400000 0.756910 -0.565231 4.696949 0.737821 0.400000 1.303051 0.400000 2.406878  -1   0  -1 
2456220.514069 0.581864 0.830808 5.400000 0.300000 0.756910 -0.587235 4.679582 0.133183 0.300000 0.720418 0.300000 2.406878  -1   0  -1 
2456409.867093 4.239300 0.086854 2.600000 0.600000 0.756910 -2.081955 0.939778 -0.421734 0.600000 1.660222 0.600000 2.406878  -1   0  -1 
2456409.872719 4.244926 0.087248 2.400000 0.600000 0.756910 -2.080137 0.942696 -0.622833 0.600000 1.457304 0.600000 2.406878  -1   0  -1 
2456410.795661 5.167868 0.151861 4.100000 3.300000 0.756910 -1.625354 1.582080 0.892566 3.300000 2.517920 3.300000 2.406878  -1   0  -1 
2456410.804261 5.176468 0.152463 8.100000 2.400000 0.756910 -1.619791 1.589399 4.890810 2.400000 6.510601 2.400000 2.406878  -1   0  -1 
2456416.824768 -3.087301 0.573941 5.500000 0.600000 0.756910 2.145560 6.657845 0.987715 0.600000 -1.157845 0.600000 2.406878  -1   0  -1 
2456416.828565 -3.083504 0.574207 7.100000 0.500000 0.756910 2.144875 6.657992 2.586882 0.500000 0.442008 0.500000 2.406878  -1   0  -1 
2456416.832443 -3.079626 0.574478 6.300000 0.600000 0.756910 2.144168 6.658136 1.786032 0.600000 -0.358136 0.600000 2.406878  -1   0  -1 
2456432.884915 -1.311430 0.698264 3.100000 0.400000 0.756910 1.217200 4.048363 0.268837 0.400000 -0.948363 0.400000 2.406878  -1   0  -1 
2456432.890124 -1.306221 0.698629 2.800000 0.500000 0.756910 1.212931 4.041179 -0.028248 0.500000 -1.241179 0.500000 2.406878  -1   0  -1 
2456433.905268 -0.291077 0.769696 5.500000 0.700000 0.756910 0.278065 2.600463 3.177602 0.700000 2.899537 0.700000 2.406878  -1   0  -1 
2456433.910395 -0.285950 0.770055 3.600000 0.800000 0.756910 0.272993 2.593176 1.279817 0.800000 1.006824 0.800000 2.406878  -1   0  -1 
2456434.892458 0.696113 0.838806 2.200000 0.500000 0.756910 -0.696797 1.266286 0.236917 0.500000 0.933714 0.500000 2.406878  -1   0  -1 
2456434.898129 0.701784 0.839203 3.800000 0.500000 0.756910 -0.702189 1.259218 1.838593 0.500000 2.540782 0.500000 2.406878  -1   0  -1 
2456437.889188 3.692843 0.048599 0.400000 0.400000 0.756910 -2.197093 -0.603101 -1.193992 0.400000 1.003101 0.400000 2.406878  -1   0  -1 
2456437.894720 3.698375 0.048986 0.800000 0.400000 0.756910 -2.196554 -0.602476 -0.794078 0.400000 1.402476 0.400000 2.406878  -1   0  -1 
2456438.860772 4.664427 0.116616 0.900000 0.300000 0.756910 -1.910452 -0.271699 -0.738753 0.300000 1.171699 0.300000 2.406878  -1   0  -1 
2456441.860316 -6.620305 0.326606 0.200000 0.400000 0.756910 0.515448 2.547730 -1.832282 0.400000 -2.347730 0.400000 2.406878  -1   0  -1 
2456454.832361 6.351740 0.234740 2.300000 0.400000 0.756910 -0.694293 4.052906 -2.447199 0.400000 -1.752906 0.400000 2.406878  -1   0  -1 
2456454.837894 6.357273 0.235127 3.200000 0.400000 0.756910 -0.689355 4.058860 -1.548216 0.400000 -0.858860 0.400000 2.406878  -1   0  -1 
2456467.823190 5.058293 0.144190 -0.600000 0.600000 0.756910 -1.694308 -0.146905 -2.147402 0.600000 -0.453095 0.600000 2.406878  -1   0  -1 
2456467.826929 5.062032 0.144451 1.000000 0.600000 0.756910 -1.692015 -0.146059 -0.545956 0.600000 1.146059 0.600000 2.406878  -1   0  -1 
2456467.830702 5.065805 0.144716 0.400000 0.600000 0.756910 -1.689697 -0.145198 -1.144498 0.600000 0.545198 0.600000 2.406878  -1   0  -1 
2456473.860840 -3.188333 0.566868 1.900000 0.500000 0.756910 2.161593 3.313473 0.748120 0.500000 -1.413473 0.500000 2.406878  -1   0  -1 
2456473.864821 -3.184352 0.567146 1.400000 0.500000 0.756910 2.161042 3.313456 0.247586 0.500000 -1.913456 0.500000 2.406878  -1   0  -1 
2456473.868595 -3.180578 0.567411 0.700000 0.500000 0.756910 2.160513 3.313435 -0.452922 0.500000 -2.613435 0.500000 2.406878  -1   0  -1 
2456480.776552 3.727379 0.051016 0.100000 0.500000 0.756910 -2.193514 0.299825 -2.393339 0.500000 -0.199825 0.500000 2.406878  -1   0  -1 
2456480.782281 3.733108 0.051417 -1.300000 0.500000 0.756910 -2.192871 0.301739 -3.794610 0.500000 -1.601739 0.500000 2.406878  -1   0  -1 
2456481.631506 4.582333 0.110869 -1.100000 0.600000 0.756910 -1.948804 0.735100 -3.783904 0.600000 -1.835100 0.600000 2.406878  -1   0  -1 
2456481.637189 4.588016 0.111267 -1.400000 0.600000 0.756910 -1.946227 0.738948 -4.085176 0.600000 -2.138948 0.600000 2.406878  -1   0  -1 
2456501.599929 -4.017796 0.508800 5.300000 0.300000 0.756910 2.132715 3.058043 4.374672 0.300000 2.241957 0.300000 2.406878  -1   0  -1 
2456523.744316 3.842315 0.059063 1.600000 0.300000 0.756910 -2.177949 1.757915 -2.335863 0.300000 -0.157915 0.300000 2.406878  -1   0  -1 
2456524.691276 4.789275 0.125357 2.200000 0.400000 0.756910 -1.847565 2.206317 -1.853882 0.400000 -0.006317 0.400000 2.406878  -1   0  -1 
2456524.696693 4.794692 0.125736 1.600000 0.400000 0.756910 -1.844715 2.209726 -2.454440 0.400000 -0.609726 0.400000 2.406878  -1   0  -1 
2456525.743740 5.841739 0.199036 1.700000 0.300000 0.756910 -1.130574 3.000233 -2.430806 0.300000 -1.300233 0.300000 2.406878  -1   0  -1 
2456569.534062 6.779233 0.264668 1.500000 0.500000 0.756910 -0.304376 -0.459102 1.654726 0.500000 1.959102 0.500000 2.406878  -1   0  -1 
2456585.564665 -5.758716 0.386923 4.800000 0.400000 0.756910 1.243314 3.325455 2.717859 0.400000 1.474545 0.400000 2.406878  -1   0  -1 
2456585.568473 -5.754908 0.387189 3.600000 0.400000 0.756910 1.246231 3.329242 1.516989 0.400000 0.270758 0.400000 2.406878  -1   0  -1 
2456585.572350 -5.751031 0.387461 3.900000 0.400000 0.756910 1.249196 3.333094 1.816102 0.400000 0.566906 0.400000 2.406878  -1   0  -1 
2456586.547688 -4.775693 0.455741 3.500000 0.500000 0.756910 1.868270 4.173134 1.195136 0.500000 -0.673134 0.500000 2.406878  -1   0  -1 
2456586.551530 -4.771851 0.456010 3.300000 0.500000 0.756910 1.870135 4.175861 0.994274 0.500000 -0.875861 0.500000 2.406878  -1   0  -1 
2456586.555442 -4.767939 0.456284 2.500000 0.500000 0.756910 1.872029 4.178631 0.193398 0.500000 -1.678631 0.500000 2.406878  -1   0  -1 
2456590.510961 -0.812420 0.733198 4.600000 0.700000 0.756910 0.779865 3.883052 1.496813 0.700000 0.716948 0.700000 2.406878  -1   0  -1 
2456590.514943 -0.808438 0.733477 6.200000 0.800000 0.756910 0.776174 3.880009 3.096165 0.800000 2.319991 0.800000 2.406878  -1   0  -1 
2456590.518611 -0.804770 0.733734 5.400000 0.600000 0.756910 0.772771 3.877202 2.295568 0.600000 1.522798 0.600000 2.406878  -1   0  -1 
2456765.917789 3.183095 0.012913 -0.600000 0.400000 0.756910 -2.189935 -0.971077 -1.818858 0.400000 0.371077 0.400000 2.406878  -1   0  -1 
2456765.923021 3.188327 0.013279 -1.300000 0.400000 0.756910 -2.190583 -0.974556 -2.516027 0.400000 -0.325444 0.400000 2.406878  -1   0  -1 
2456789.854143 -1.449103 0.688626 6.600000 0.400000 0.756910 1.327399 2.761084 5.166315 0.400000 3.838916 0.400000 2.406878  -1   0  -1 
2456789.859722 -1.443524 0.689017 6.500000 0.400000 0.756910 1.323034 2.757920 5.065114 0.400000 3.742080 0.400000 2.406878  -1   0  -1 
2456806.890179 1.302657 0.881269 0.300000 0.400000 0.756910 -1.240189 -3.137959 2.197771 0.400000 3.437959 0.400000 2.406878  -1   0  -1 
2456829.893363 -4.262711 0.491654 2.700000 0.300000 0.756910 2.070865 4.087129 0.683736 0.300000 -1.387129 0.300000 2.406878  -1   0  -1 
2456857.748704 -4.975922 0.441724 3.900000 0.500000 0.756910 1.764253 3.118318 2.545935 0.500000 0.781682 0.500000 2.406878  -1   0  -1 
2456857.754433 -4.970193 0.442125 4.500000 0.400000 0.756910 1.767411 3.122659 3.144752 0.400000 1.377341 0.400000 2.406878  -1   0  -1 
2456866.784629 4.060003 0.074302 -1.700000 0.400000 0.756910 -2.133290 -1.284118 -2.549171 0.400000 -0.415882 0.400000 2.406878  -1   0  -1 
2456896.727940 5.434762 0.170545 1.700000 0.500000 0.756910 -1.442990 0.414406 -0.157397 0.500000 1.285594 0.500000 2.406878  -1   0  -1 
2456896.733287 5.440109 0.170920 2.200000 0.700000 0.756910 -1.439140 0.417914 0.342946 0.700000 1.782086 0.700000 2.406878  -1   0  -1 
2457146.919889 -1.490257 0.685745 2.200000 0.300000 16.987930 1.359328 15.422864 -11.863536 0.300000 -13.222864 0.300000 2.406878  -1   1  -1 
2457176.844500 -0.134198 0.780679 13.800000 0.200000 16.987930 0.122199 13.765613 0.156585 0.200000 0.034387 0.200000 2.406878  -1   1  -1 
2457180.950532 3.971834 0.068130 9.400000 0.300000 16.987930 -2.153746 11.959817 -4.713563 0.300000 -2.559817 0.300000 2.406878  -1   1  -1 
2457180.956053 3.977355 0.068517 8.200000 0.300000 16.987930 -2.152559 11.962032 -5.914590 0.300000 -3.762032 0.300000 2.406878  -1   1  -1 
2457257.708144 -4.976210 0.441704 19.900000 0.500000 16.987930 1.764094 18.020487 3.643607 0.500000 1.879513 0.500000 2.406878  -1   1  -1 
2457257.713815 -4.970539 0.442101 19.800000 0.500000 16.987930 1.767221 18.024963 3.542258 0.500000 1.775037 0.500000 2.406878  -1   1  -1 
2457307.523708 1.986526 0.929144 17.100000 0.300000 16.987930 -1.737903 12.579822 2.782275 0.300000 4.520178 0.300000 2.406878  -1   1  -1 
2457307.529113 1.991931 0.929523 16.800000 0.300000 16.987930 -1.741223 12.574142 2.484635 0.300000 4.225858 0.300000 2.406878  -1   1  -1 
2457675.588735 -1.339623 0.696291 22.800000 0.300000 16.987930 1.240179 16.664632 7.375547 0.300000 6.135368 0.300000 2.406878  -1   1  -1 
2457879.840329 2.932107 0.995342 14.300000 0.400000 16.987930 -2.144834 12.656895 -0.501729 0.400000 1.643105 0.400000 2.406878  -1   1  -1 
2457943.770578 -4.559024 0.470910 20.000000 0.200000 16.987930 1.965456 18.759347 3.206109 0.200000 1.240653 0.200000 2.406878  -1   1  -1 
2457968.637355 6.023477 0.211759 16.000000 0.400000 16.987930 -0.979913 17.731408 -2.711321 0.400000 -1.731408 0.400000 2.406878  -1   1  -1 
