# time Tc_folded Tref_folded value value_err offset model full_model val_compare val_compare_err residuals residuals_err jitter jitter_flag offset_flag subset_flag 
2452937.547371 4.179120 1.000000 -2.900000 0.600000 0.237873 -1.952824 -1.735716 -3.117107 0.600000 -1.164284 0.600000 2.602162   0  -1  -1 
2453149.838415 2.136313 0.857036 -2.100000 0.600000 0.237873 -1.668219 -2.583874 -1.184346 0.600000 0.483874 0.600000 2.602162   0  -1  -1 
2453149.916798 2.214696 0.862521 -0.000000 0.600000 0.237873 -1.704245 -2.608428 0.904183 0.600000 2.608428 0.600000 2.602162   0  -1  -1 
2453150.817130 3.115028 0.925530 0.100000 0.800000 0.237873 -1.957664 -2.729585 0.871921 0.800000 2.829585 0.800000 2.602162   0  -1  -1 
2453157.855306 -4.135720 0.418092 4.500000 0.700000 0.237873 1.716683 2.046736 4.169947 0.700000 2.453264 0.700000 2.602162   0  -1  -1 
2453288.510985 -2.080352 0.561935 4.900000 1.000000 0.237873 2.813154 2.562499 5.150655 1.000000 2.337501 1.000000 2.602162   0  -1  -1 
2453288.512073 -2.079264 0.562012 3.600000 1.000000 0.237873 2.812869 2.562382 3.850487 1.000000 1.037618 1.000000 2.602162   0  -1  -1 
2453288.513115 -2.078222 0.562084 3.700000 1.000000 0.237873 2.812594 2.562268 3.950326 1.000000 1.137732 1.000000 2.602162   0  -1  -1 
2453288.514168 -2.077169 0.562158 3.600000 1.000000 0.237873 2.812316 2.562153 3.850163 1.000000 1.037847 1.000000 2.602162   0  -1  -1 
2453288.515209 -2.076128 0.562231 4.600000 1.200000 0.237873 2.812039 2.562037 4.850002 1.200000 2.037963 1.200000 2.602162   0  -1  -1 
2453288.516274 -2.075063 0.562306 3.500000 1.100000 0.237873 2.811755 2.561917 3.749837 1.100000 0.938083 1.100000 2.602162   0  -1  -1 
2453288.517350 -2.073987 0.562381 3.000000 1.000000 0.237873 2.811466 2.561795 3.249671 1.000000 0.438205 1.000000 2.602162   0  -1  -1 
2453288.518392 -2.072945 0.562454 3.500000 1.000000 0.237873 2.811185 2.561676 3.749510 1.000000 0.938324 1.000000 2.602162   0  -1  -1 
2453288.519457 -2.071880 0.562528 6.300000 1.000000 0.237873 2.810897 2.561552 6.549345 1.000000 3.738448 1.000000 2.602162   0  -1  -1 
2453288.520522 -2.070815 0.562603 2.000000 1.000000 0.237873 2.810608 2.561427 2.249180 1.000000 -0.561427 1.000000 2.602162   0  -1  -1 
2453289.509851 -1.081486 0.631840 -0.200000 1.000000 0.237873 2.008508 1.914192 -0.105684 1.000000 -2.114192 1.000000 2.602162   0  -1  -1 
2453289.510916 -1.080421 0.631915 1.000000 1.000000 0.237873 2.007147 1.912999 1.094148 1.000000 -0.912999 1.000000 2.602162   0  -1  -1 
2453289.511969 -1.079368 0.631989 2.400000 0.900000 0.237873 2.005800 1.911819 2.493981 0.900000 0.488181 0.900000 2.602162   0  -1  -1 
2453289.515151 -1.076186 0.632211 -0.600000 1.000000 0.237873 2.001725 1.908248 -0.506523 1.000000 -2.508248 1.000000 2.602162   0  -1  -1 
2453289.516193 -1.075144 0.632284 0.200000 0.900000 0.237873 2.000390 1.907077 0.293312 0.900000 -1.707077 0.900000 2.602162   0  -1  -1 
2453289.517235 -1.074102 0.632357 4.100000 0.900000 0.237873 1.999053 1.905906 4.193147 0.900000 2.194094 0.900000 2.602162   0  -1  -1 
2453289.518276 -1.073061 0.632430 -0.100000 1.000000 0.237873 1.997717 1.904735 -0.007017 1.000000 -2.004735 1.000000 2.602162   0  -1  -1 
2453289.519364 -1.071973 0.632506 2.300000 0.900000 0.237873 1.996320 1.903510 2.392810 0.900000 0.396490 0.900000 2.602162   0  -1  -1 
2453289.520383 -1.070954 0.632577 1.300000 0.900000 0.237873 1.995011 1.902362 1.392649 0.900000 -0.602362 0.900000 2.602162   0  -1  -1 
2453289.521459 -1.069878 0.632653 2.600000 0.900000 0.237873 1.993627 1.901149 2.692479 0.900000 0.698851 0.900000 2.602162   0  -1  -1 
2453289.535926 -1.055411 0.633665 -1.600000 1.100000 0.237873 1.974952 1.884764 -1.509813 1.100000 -3.484764 1.100000 2.602162   0  -1  -1 
2453289.536990 -1.054347 0.633740 -0.300000 1.000000 0.237873 1.973573 1.883554 -0.209981 1.000000 -2.183554 1.000000 2.602162   0  -1  -1 
2453289.538078 -1.053259 0.633816 3.100000 1.000000 0.237873 1.972161 1.882315 3.189847 1.000000 1.217685 1.000000 2.602162   0  -1  -1 
2453289.539120 -1.052217 0.633889 0.600000 1.000000 0.237873 1.970809 1.881128 0.689681 1.000000 -1.281128 1.000000 2.602162   0  -1  -1 
2453289.540138 -1.051199 0.633960 -1.600000 0.900000 0.237873 1.969488 1.879967 -1.510480 0.900000 -3.479967 0.900000 2.602162   0  -1  -1 
2453289.541238 -1.050099 0.634037 0.800000 1.100000 0.237873 1.968059 1.878713 0.889346 1.100000 -1.078713 1.100000 2.602162   0  -1  -1 
2453289.542256 -1.049081 0.634108 0.800000 1.000000 0.237873 1.966735 1.877551 0.889185 1.000000 -1.077551 1.000000 2.602162   0  -1  -1 
2453289.543321 -1.048016 0.634183 0.600000 1.000000 0.237873 1.965350 1.876334 0.689016 1.000000 -1.276334 1.000000 2.602162   0  -1  -1 
2453289.544351 -1.046986 0.634255 -0.800000 1.000000 0.237873 1.964010 1.875157 -0.711147 1.000000 -2.675157 1.000000 2.602162   0  -1  -1 
2453289.545404 -1.045933 0.634328 0.000000 1.000000 0.237873 1.962639 1.873953 0.088686 1.000000 -1.873953 1.000000 2.602162   0  -1  -1 
2453289.550820 -1.040517 0.634707 0.900000 1.000000 0.237873 1.955577 1.867749 0.987828 1.000000 -0.967749 1.000000 2.602162   0  -1  -1 
2453289.551862 -1.039475 0.634780 -0.000000 0.900000 0.237873 1.954216 1.866553 0.087663 0.900000 -1.866553 0.900000 2.602162   0  -1  -1 
2453289.552915 -1.038422 0.634854 0.800000 0.900000 0.237873 1.952840 1.865344 0.887496 0.900000 -1.065344 0.900000 2.602162   0  -1  -1 
2453290.516529 -0.074808 0.702292 2.000000 1.300000 0.237873 0.537248 0.604565 1.932683 1.300000 1.395435 1.300000 2.602162   0  -1  -1 
2453290.517582 -0.073755 0.702366 -0.000000 1.300000 0.237873 0.535685 0.603174 -0.067489 1.300000 -0.603174 1.300000 2.602162   0  -1  -1 
2453290.518612 -0.072725 0.702438 2.400000 1.300000 0.237873 0.534156 0.601813 2.332343 1.300000 1.798187 1.300000 2.602162   0  -1  -1 
2453290.519665 -0.071672 0.702511 -3.000000 1.300000 0.237873 0.532594 0.600422 -3.067828 1.300000 -3.600422 1.300000 2.602162   0  -1  -1 
2453290.520730 -0.070607 0.702586 3.100000 1.500000 0.237873 0.531014 0.599016 3.031998 1.500000 2.500984 1.500000 2.602162   0  -1  -1 
2453290.521737 -0.069600 0.702656 0.700000 1.500000 0.237873 0.529521 0.597687 0.631834 1.500000 0.102313 1.500000 2.602162   0  -1  -1 
2453290.522824 -0.068513 0.702732 -1.700000 1.700000 0.237873 0.527909 0.596252 -1.768343 1.700000 -2.296252 1.700000 2.602162   0  -1  -1 
2453290.523878 -0.067459 0.702806 1.700000 1.700000 0.237873 0.526346 0.594861 1.631485 1.700000 1.105139 1.700000 2.602162   0  -1  -1 
2453290.524942 -0.066395 0.702881 0.300000 1.500000 0.237873 0.524769 0.593457 0.231311 1.500000 -0.293457 1.500000 2.602162   0  -1  -1 
2453290.525972 -0.065365 0.702953 -3.000000 1.600000 0.237873 0.523242 0.592099 -3.068857 1.600000 -3.592099 1.600000 2.602162   0  -1  -1 
2453293.491230 2.899893 0.910474 0.300000 1.400000 0.237873 -1.921684 -1.340844 -0.280840 1.400000 1.640844 1.400000 2.602162   0  -1  -1 
2453293.492283 2.900946 0.910548 1.500000 1.400000 0.237873 -1.921895 -1.340861 0.918966 1.400000 2.840861 1.400000 2.602162   0  -1  -1 
2453293.493371 2.902034 0.910624 0.800000 1.200000 0.237873 -1.922112 -1.340878 0.218766 1.200000 2.140878 1.200000 2.602162   0  -1  -1 
2453293.494459 2.903122 0.910700 -3.100000 1.200000 0.237873 -1.922329 -1.340894 -3.681435 1.200000 -1.759106 1.200000 2.602162   0  -1  -1 
2453293.495489 2.904152 0.910772 0.900000 1.400000 0.237873 -1.922534 -1.340909 0.318375 1.400000 2.240909 1.400000 2.602162   0  -1  -1 
2453293.496507 2.905170 0.910844 -0.800000 1.200000 0.237873 -1.922737 -1.340924 -1.381813 1.200000 0.540924 1.200000 2.602162   0  -1  -1 
2453293.497630 2.906293 0.910922 -2.900000 1.200000 0.237873 -1.922959 -1.340940 -3.482020 1.200000 -1.559060 1.200000 2.602162   0  -1  -1 
2453293.498671 2.907334 0.910995 -0.400000 1.200000 0.237873 -1.923166 -1.340954 -0.982212 1.200000 0.940954 1.200000 2.602162   0  -1  -1 
2453294.486901 3.895564 0.980156 -0.900000 0.900000 0.237873 -1.980872 -1.211431 -1.669441 0.900000 0.311431 0.900000 2.602162   0  -1  -1 
2453294.488846 3.897509 0.980292 -3.600000 0.800000 0.237873 -1.980741 -1.210921 -4.369820 0.800000 -2.389079 0.800000 2.602162   0  -1  -1 
2453294.490721 3.899384 0.980423 0.100000 0.800000 0.237873 -1.980613 -1.210429 -0.670185 0.800000 1.310429 0.800000 2.602162   0  -1  -1 
2453294.492758 3.901421 0.980565 -2.600000 0.800000 0.237873 -1.980474 -1.209892 -3.370582 0.800000 -1.390108 0.800000 2.602162   0  -1  -1 
2453294.494702 3.903365 0.980701 -1.800000 0.800000 0.237873 -1.980340 -1.209380 -2.570961 0.800000 -0.590620 0.800000 2.602162   0  -1  -1 
2453295.508972 4.917635 0.051684 -1.000000 0.800000 0.237873 -1.802306 -0.827354 -1.974952 0.800000 -0.172646 0.800000 2.602162   0  -1  -1 
2453295.510014 4.918677 0.051757 -4.300000 0.800000 0.237873 -1.802020 -0.826852 -5.275168 0.800000 -3.473148 0.800000 2.602162   0  -1  -1 
2453295.511090 4.919753 0.051833 -6.900000 0.900000 0.237873 -1.801725 -0.826333 -7.875392 0.900000 -6.073667 0.900000 2.602162   0  -1  -1 
2453295.512132 4.920795 0.051906 -1.300000 0.800000 0.237873 -1.801439 -0.825831 -2.275609 0.800000 -0.474169 0.800000 2.602162   0  -1  -1 
2453295.513196 4.921859 0.051980 -2.900000 0.900000 0.237873 -1.801147 -0.825317 -3.875830 0.900000 -2.074683 0.900000 2.602162   0  -1  -1 
2453295.514250 4.922913 0.052054 -4.400000 0.900000 0.237873 -1.800857 -0.824809 -5.376049 0.900000 -3.575191 0.900000 2.602162   0  -1  -1 
2453295.515291 4.923954 0.052127 -5.500000 0.900000 0.237873 -1.800571 -0.824306 -6.476265 0.900000 -4.675694 0.900000 2.602162   0  -1  -1 
2453295.516344 4.925007 0.052200 -4.600000 0.900000 0.237873 -1.800281 -0.823797 -5.576484 0.900000 -3.776203 0.900000 2.602162   0  -1  -1 
2453295.517409 4.926072 0.052275 -0.300000 0.900000 0.237873 -1.799988 -0.823283 -1.276705 0.900000 0.523283 0.900000 2.602162   0  -1  -1 
2453295.518439 4.927102 0.052347 -3.300000 0.900000 0.237873 -1.799704 -0.822785 -4.276919 0.900000 -2.477215 0.900000 2.602162   0  -1  -1 
2453297.507029 6.915692 0.191517 0.200000 1.100000 0.237873 -0.923848 0.497794 -1.221642 1.100000 -0.297794 1.100000 2.602162   0  -1  -1 
2453297.508082 6.916745 0.191591 3.300000 1.100000 0.237873 -0.923220 0.498676 1.878104 1.100000 2.801324 1.100000 2.602162   0  -1  -1 
2453297.509135 6.917798 0.191664 1.500000 1.000000 0.237873 -0.922592 0.499559 0.077849 1.000000 1.000441 1.000000 2.602162   0  -1  -1 
2453297.510212 6.918875 0.191740 0.500000 1.000000 0.237873 -0.921949 0.500462 -0.922411 1.000000 -0.000462 1.000000 2.602162   0  -1  -1 
2453297.511253 6.919916 0.191813 0.500000 1.000000 0.237873 -0.921327 0.501334 -0.922662 1.000000 -0.001334 1.000000 2.602162   0  -1  -1 
2453297.512330 6.920993 0.191888 1.400000 1.000000 0.237873 -0.920684 0.502238 -0.022922 1.000000 0.897762 1.000000 2.602162   0  -1  -1 
2453297.513371 6.922034 0.191961 0.300000 0.900000 0.237873 -0.920062 0.503111 -1.123173 0.900000 -0.203111 0.900000 2.602162   0  -1  -1 
2453297.514413 6.923076 0.192034 0.900000 0.900000 0.237873 -0.919440 0.503985 -0.523425 0.900000 0.396015 0.900000 2.602162   0  -1  -1 
2453297.515478 6.924141 0.192108 2.700000 1.000000 0.237873 -0.918803 0.504879 1.276318 1.000000 2.195121 1.000000 2.602162   0  -1  -1 
2453297.516554 6.925217 0.192184 -0.200000 1.000000 0.237873 -0.918160 0.505782 -1.623942 1.000000 -0.705782 1.000000 2.602162   0  -1  -1 
2453297.634786 7.043449 0.200458 0.600000 1.500000 0.237873 -0.846403 0.606240 -0.852643 1.500000 -0.006240 1.500000 2.602162   0  -1  -1 
2453297.635828 7.044491 0.200531 -1.600000 1.300000 0.237873 -0.845761 0.607136 -3.052897 1.300000 -2.207136 1.300000 2.602162   0  -1  -1 
2453297.636893 7.045556 0.200605 0.300000 1.400000 0.237873 -0.845105 0.608052 -1.153157 1.400000 -0.308052 1.400000 2.602162   0  -1  -1 
2453297.637946 7.046609 0.200679 3.100000 1.500000 0.237873 -0.844456 0.608958 1.646586 1.500000 2.491042 1.500000 2.602162   0  -1  -1 
2453297.639011 7.047674 0.200754 3.300000 1.300000 0.237873 -0.843799 0.609874 1.846326 1.300000 2.690126 1.300000 2.602162   0  -1  -1 
2453297.640075 7.048738 0.200828 -0.300000 1.400000 0.237873 -0.843143 0.610790 -1.753933 1.400000 -0.910790 1.400000 2.602162   0  -1  -1 
2453297.641106 7.049769 0.200900 0.300000 1.600000 0.237873 -0.842507 0.611678 -1.154185 1.600000 -0.311678 1.600000 2.602162   0  -1  -1 
2453297.642228 7.050891 0.200979 0.700000 1.400000 0.237873 -0.841815 0.612644 -0.754459 1.400000 0.087356 1.400000 2.602162   0  -1  -1 
2453297.643304 7.051967 0.201054 2.800000 1.400000 0.237873 -0.841151 0.613570 1.345278 1.400000 2.186430 1.400000 2.602162   0  -1  -1 
2453297.644346 7.053009 0.201127 3.800000 1.600000 0.237873 -0.840508 0.614468 2.345024 1.600000 3.185532 1.600000 2.602162   0  -1  -1 
2453298.514691 -6.365569 0.262038 3.300000 1.100000 0.237873 -0.245965 1.429594 1.624440 1.100000 1.870406 1.100000 2.602162   0  -1  -1 
2453298.515803 -6.364457 0.262115 9.000000 1.300000 0.237873 -0.245133 1.430719 7.324148 1.300000 7.569281 1.300000 2.602162   0  -1  -1 
2453298.516821 -6.363439 0.262187 0.700000 1.000000 0.237873 -0.244371 1.431749 -0.976120 1.000000 -0.731749 1.000000 2.602162   0  -1  -1 
2453298.517863 -6.362397 0.262260 0.700000 1.100000 0.237873 -0.243591 1.432803 -0.976394 1.100000 -0.732803 1.100000 2.602162   0  -1  -1 
2453298.518939 -6.361321 0.262335 -0.700000 1.000000 0.237873 -0.242785 1.433892 -2.376678 1.000000 -2.133892 1.000000 2.602162   0  -1  -1 
2453298.520004 -6.360256 0.262409 -1.000000 0.900000 0.237873 -0.241988 1.434970 -2.676958 0.900000 -2.434970 0.900000 2.602162   0  -1  -1 
2453298.521045 -6.359215 0.262482 0.900000 0.900000 0.237873 -0.241208 1.436024 -0.777232 0.900000 -0.536024 0.900000 2.602162   0  -1  -1 
2453298.522122 -6.358138 0.262558 0.100000 1.000000 0.237873 -0.240401 1.437115 -1.577516 1.000000 -1.337115 1.000000 2.602162   0  -1  -1 
2453298.523186 -6.357074 0.262632 0.900000 0.900000 0.237873 -0.239603 1.438193 -0.777796 0.900000 -0.538193 0.900000 2.602162   0  -1  -1 
2453298.524239 -6.356021 0.262706 -0.300000 0.900000 0.237873 -0.238814 1.439259 -1.978073 0.900000 -1.739259 0.900000 2.602162   0  -1  -1 
2453298.614916 -6.265344 0.269052 2.400000 1.000000 0.237873 -0.170228 1.531824 0.697948 1.000000 0.868176 1.000000 2.602162   0  -1  -1 
2453298.615946 -6.264314 0.269124 -4.300000 1.100000 0.237873 -0.169442 1.532883 -6.002325 1.100000 -5.832883 1.100000 2.602162   0  -1  -1 
2453298.617046 -6.263214 0.269201 -0.800000 1.100000 0.237873 -0.168603 1.534015 -2.502617 1.100000 -2.334015 1.100000 2.602162   0  -1  -1 
2453298.618099 -6.262161 0.269274 1.700000 1.200000 0.237873 -0.167799 1.535098 -0.002897 1.200000 0.164902 1.200000 2.602162   0  -1  -1 
2453298.619152 -6.261108 0.269348 2.500000 1.200000 0.237873 -0.166995 1.536182 0.796823 1.200000 0.963818 1.200000 2.602162   0  -1  -1 
2453298.620217 -6.260043 0.269423 -1.000000 1.600000 0.237873 -0.166181 1.537278 -2.703460 1.600000 -2.537278 1.600000 2.602162   0  -1  -1 
2453298.621328 -6.258932 0.269500 1.400000 1.400000 0.237873 -0.165333 1.538422 -0.303755 1.400000 -0.138422 1.400000 2.602162   0  -1  -1 
2453298.622300 -6.257960 0.269568 2.900000 1.400000 0.237873 -0.164590 1.539423 1.195987 1.400000 1.360577 1.400000 2.602162   0  -1  -1 
2453298.623411 -6.256849 0.269646 -0.200000 1.500000 0.237873 -0.163741 1.540567 -1.904308 1.500000 -1.740567 1.500000 2.602162   0  -1  -1 
2453298.624441 -6.255819 0.269718 -3.000000 1.500000 0.237873 -0.162954 1.541628 -4.704582 1.500000 -4.541628 1.500000 2.602162   0  -1  -1 
2453308.509601 3.629341 0.961524 -5.500000 0.600000 0.237873 -1.990426 -3.513899 -3.976526 0.600000 -1.986101 0.600000 2.602162   0  -1  -1 
2453308.511684 3.631424 0.961670 -5.700000 0.600000 0.237873 -1.990418 -3.514714 -4.175704 0.600000 -2.185286 0.600000 2.602162   0  -1  -1 
2453308.513744 3.633484 0.961814 -5.700000 0.700000 0.237873 -1.990408 -3.515516 -4.174892 0.700000 -2.184484 0.700000 2.602162   0  -1  -1 
2453308.515908 3.635648 0.961965 -7.900000 0.700000 0.237873 -1.990397 -3.516356 -6.374041 0.700000 -4.383644 0.700000 2.602162   0  -1  -1 
2453308.517922 3.637662 0.962106 -4.200000 0.700000 0.237873 -1.990386 -3.517135 -2.673251 0.700000 -0.682865 0.700000 2.602162   0  -1  -1 
2453309.515681 4.635421 0.031934 -7.100000 0.500000 0.237873 -1.872287 -3.629164 -5.343123 0.500000 -3.470836 0.500000 2.602162   0  -1  -1 
2453309.518111 4.637851 0.032104 -7.800000 0.500000 0.237873 -1.871748 -3.628882 -6.042866 0.500000 -4.171118 0.500000 2.602162   0  -1  -1 
2453309.520530 4.640270 0.032273 -9.700000 0.600000 0.237873 -1.871210 -3.628599 -7.942612 0.600000 -6.071401 0.600000 2.602162   0  -1  -1 
2453309.522995 4.642735 0.032446 -8.600000 0.500000 0.237873 -1.870661 -3.628308 -6.842353 0.500000 -4.971692 0.500000 2.602162   0  -1  -1 
2453311.532241 6.651981 0.173061 -9.500000 0.400000 0.237873 -1.075838 -2.802574 -7.773264 0.400000 -6.697426 0.400000 2.602162   0  -1  -1 
2453311.534857 6.654597 0.173244 -6.400000 0.400000 0.237873 -1.074382 -2.800888 -4.673494 0.400000 -3.599112 0.400000 2.602162   0  -1  -1 
2453311.537553 6.657293 0.173433 -7.100000 0.400000 0.237873 -1.072881 -2.799149 -5.373732 0.400000 -4.300851 0.400000 2.602162   0  -1  -1 
2453311.540238 6.659978 0.173621 -8.300000 0.400000 0.237873 -1.071385 -2.797415 -6.573970 0.400000 -5.502585 0.400000 2.602162   0  -1  -1 
2453311.542865 6.662605 0.173805 -6.200000 0.400000 0.237873 -1.069920 -2.795718 -4.474202 0.400000 -3.404282 0.400000 2.602162   0  -1  -1 
2453312.560845 -6.608339 0.245047 -3.100000 0.600000 0.237873 -0.423251 -2.042004 -1.481247 0.600000 -1.057996 0.600000 2.602162   0  -1  -1 
2453312.564282 -6.604902 0.245288 -5.500000 0.500000 0.237873 -0.420802 -2.039149 -3.881654 0.500000 -3.460851 0.500000 2.602162   0  -1  -1 
2453312.567684 -6.601500 0.245526 -4.800000 0.500000 0.237873 -0.418377 -2.036321 -3.182056 0.500000 -2.763679 0.500000 2.602162   0  -1  -1 
2453314.539667 -4.629517 0.383534 -0.700000 0.600000 0.237873 1.249920 -0.109283 0.659203 0.600000 -0.590717 0.600000 2.602162   0  -1  -1 
2453314.541889 -4.627295 0.383689 2.000000 0.600000 0.237873 1.252020 -0.106874 3.358893 0.600000 2.106874 0.600000 2.602162   0  -1  -1 
2453314.544088 -4.625096 0.383843 -2.400000 0.600000 0.237873 1.254098 -0.104489 -1.041413 0.600000 -2.295511 0.600000 2.602162   0  -1  -1 
2453314.546310 -4.622874 0.383999 -0.400000 0.700000 0.237873 1.256198 -0.102079 0.958277 0.700000 -0.297921 0.700000 2.602162   0  -1  -1 
2453314.548463 -4.620721 0.384149 -2.000000 0.700000 0.237873 1.258232 -0.099744 -0.642023 0.700000 -1.900256 0.700000 2.602162   0  -1  -1 
2453321.600305 2.431121 0.877668 -4.000000 0.500000 0.237873 -1.791199 -2.113868 -3.677331 0.500000 -1.886132 0.500000 2.602162   0  -1  -1 
2453321.602944 2.433760 0.877852 -3.800000 0.500000 0.237873 -1.792149 -2.114414 -3.477735 0.500000 -1.685586 0.500000 2.602162   0  -1  -1 
2453321.605583 2.436399 0.878037 -5.400000 0.500000 0.237873 -1.793097 -2.114958 -5.078140 0.500000 -3.285042 0.500000 2.602162   0  -1  -1 
2453321.608326 2.439142 0.878229 -3.700000 0.600000 0.237873 -1.794080 -2.115520 -3.378560 0.600000 -1.584480 0.600000 2.602162   0  -1  -1 
2453340.510028 7.051921 0.201051 -5.000000 0.400000 0.237873 -0.841180 -1.041009 -4.800171 0.400000 -3.958991 0.400000 2.602162   0  -1  -1 
2453340.513489 7.055382 0.201293 -4.800000 0.400000 0.237873 -0.839043 -1.043763 -4.595280 0.400000 -3.756237 0.400000 2.602162   0  -1  -1 
2453340.517007 7.058900 0.201539 -5.000000 0.400000 0.237873 -0.836869 -1.046551 -4.790318 0.400000 -3.953449 0.400000 2.602162   0  -1  -1 
2453342.505663 -5.241367 0.340714 -4.200000 0.400000 0.237873 0.683743 -0.977502 -2.538754 0.400000 -3.222498 0.400000 2.602162   0  -1  -1 
2453342.509170 -5.237860 0.340959 -2.300000 0.500000 0.237873 0.686895 -0.975195 -0.637910 0.500000 -1.324805 0.500000 2.602162   0  -1  -1 
2453342.512758 -5.234272 0.341211 -1.500000 0.500000 0.237873 0.690121 -0.972829 0.162950 0.500000 -0.527171 0.500000 2.602162   0  -1  -1 
2453484.884129 -5.752136 0.304968 -2.400000 0.400000 0.237873 0.240268 -0.752315 -1.407417 0.400000 -1.647685 0.400000 2.602162   0  -1  -1 
2453484.887683 -5.748582 0.305217 -2.700000 0.400000 0.237873 0.243239 -0.748827 -1.707935 0.400000 -1.951173 0.400000 2.602162   0  -1  -1 
2453484.891132 -5.745133 0.305458 -1.300000 0.400000 0.237873 0.246123 -0.745439 -0.308437 0.400000 -0.554561 0.400000 2.602162   0  -1  -1 
2453491.890208 1.253943 0.795284 -3.400000 0.400000 0.237873 -1.074789 -1.002561 -3.472228 0.400000 -2.397439 0.400000 2.602162   0  -1  -1 
2453491.893668 1.257403 0.795526 -3.300000 0.400000 0.237873 -1.077848 -1.005055 -3.372792 0.400000 -2.294945 0.400000 2.602162   0  -1  -1 
2453491.897210 1.260945 0.795774 -3.000000 0.500000 0.237873 -1.080973 -1.007603 -3.073370 0.500000 -1.992397 0.500000 2.602162   0  -1  -1 
2453511.905148 6.979960 0.196015 -2.300000 0.500000 0.237873 -0.885200 -2.672493 -0.512707 0.500000 0.372493 0.500000 2.602162   0  -1  -1 
2453511.907717 6.982529 0.196195 -4.500000 0.500000 0.237873 -0.883642 -2.670859 -2.712784 0.500000 -1.829141 0.500000 2.602162   0  -1  -1 
2453511.910403 6.985215 0.196383 -5.000000 0.600000 0.237873 -0.882012 -2.669148 -3.212864 0.600000 -2.330852 0.600000 2.602162   0  -1  -1 
2453511.913042 6.987854 0.196567 -3.300000 0.500000 0.237873 -0.880410 -2.667465 -1.512944 0.500000 -0.632535 0.500000 2.602162   0  -1  -1 
2453512.835981 -6.378131 0.261158 -3.900000 0.700000 0.237873 -0.255353 -1.985567 -2.169786 0.700000 -1.914433 0.700000 2.602162   0  -1  -1 
2453512.839488 -6.374624 0.261404 -2.900000 0.600000 0.237873 -0.252735 -1.982645 -1.170090 0.600000 -0.917355 0.600000 2.602162   0  -1  -1 
2453512.843007 -6.371105 0.261650 -4.100000 0.600000 0.237873 -0.250105 -1.979710 -2.370395 0.600000 -2.120290 0.600000 2.602162   0  -1  -1 
2453515.858256 -3.355856 0.472670 -1.000000 0.600000 0.237873 2.394329 1.031645 0.362684 0.600000 -2.031645 0.600000 2.602162   0  -1  -1 
2453515.863580 -3.350532 0.473043 -1.500000 0.500000 0.237873 2.398360 1.036418 -0.138058 0.500000 -2.536418 0.500000 2.602162   0  -1  -1 
2453520.869093 1.654981 0.823350 -3.700000 0.300000 0.237873 -1.389552 -2.024961 -3.064591 0.300000 -1.675039 0.300000 2.602162   0  -1  -1 
2453542.739620 -5.052338 0.353943 1.900000 0.700000 0.237873 0.855410 -0.293448 3.048858 0.700000 2.193448 0.700000 2.602162   0  -1  -1 
2453542.742850 -5.049108 0.354169 3.800000 1.500000 0.237873 0.858373 -0.292897 4.951270 1.500000 4.092897 1.500000 2.602162   0  -1  -1 
2453543.789930 -4.002028 0.427448 2.000000 0.400000 0.237873 1.841034 0.194621 3.646414 0.400000 1.805379 0.400000 2.602162   0  -1  -1 
2453543.794953 -3.997005 0.427800 2.700000 0.400000 0.237873 1.845669 0.197957 4.347712 0.400000 2.502043 0.400000 2.602162   0  -1  -1 
2453544.816592 -2.975366 0.499298 4.500000 0.400000 0.237873 2.647526 0.861965 6.285562 0.400000 3.638035 0.400000 2.602162   0  -1  -1 
2453544.822032 -2.969926 0.499679 3.600000 0.400000 0.237873 2.650552 0.864770 5.385782 0.400000 2.735230 0.400000 2.602162   0  -1  -1 
2453545.842524 -1.949434 0.571098 11.600000 3.700000 0.237873 2.769212 0.998775 13.370437 3.700000 10.601225 3.700000 2.602162   0  -1  -1 
2453546.861360 -0.930598 0.642400 6.600000 0.400000 0.237873 1.808261 0.122700 8.285562 0.400000 6.477300 0.400000 2.602162   0  -1  -1 
2453546.866534 -0.925424 0.642762 7.100000 0.400000 0.237873 1.801152 0.116126 8.785027 0.400000 6.983874 0.400000 2.602162   0  -1  -1 
2453547.771038 -0.020920 0.706063 2.400000 0.400000 0.237873 0.457616 -1.123693 3.981309 0.400000 3.523693 0.400000 2.602162   0  -1  -1 
2453547.776200 -0.015758 0.706424 2.400000 0.400000 0.237873 0.450027 -1.130643 3.980670 0.400000 3.530643 0.400000 2.602162   0  -1  -1 
2453549.847373 2.055415 0.851374 2.100000 2.900000 0.237873 -1.628404 -2.930508 3.402104 2.900000 5.030508 2.900000 2.602162   0  -1  -1 
2453550.760428 2.968470 0.915273 0.500000 0.300000 0.237873 -1.934687 -3.106590 1.671903 0.300000 3.606590 0.300000 2.602162   0  -1  -1 
2453550.765520 2.973562 0.915630 0.400000 0.300000 0.237873 -1.935594 -3.106765 1.571171 0.300000 3.506765 0.300000 2.602162   0  -1  -1 
2453551.768482 3.976524 0.985821 -0.900000 0.500000 0.237873 -1.974683 -3.000768 0.126085 0.500000 2.100768 0.500000 2.602162   0  -1  -1 
2453551.773563 3.981605 0.986177 0.700000 0.600000 0.237873 -1.974245 -2.999591 1.725346 0.600000 3.699591 0.600000 2.602162   0  -1  -1 
2453573.752332 -2.617473 0.524345 -0.900000 0.200000 0.237873 2.800847 5.244781 -3.343934 0.200000 -6.144781 0.200000 2.602162   0  -1  -1 
2453671.583392 -4.808877 0.370981 4.600000 0.400000 0.237873 1.081164 3.956552 1.724612 0.400000 0.643448 0.400000 2.602162   0  -1  -1 
2453671.586875 -4.805394 0.371225 4.200000 0.500000 0.237873 1.084425 3.960881 1.323544 0.500000 0.239119 0.500000 2.602162   0  -1  -1 
2453671.590324 -4.801945 0.371467 4.100000 0.500000 0.237873 1.087655 3.965169 1.222486 0.500000 0.134831 0.500000 2.602162   0  -1  -1 
2453810.907634 5.915054 0.121488 -6.200000 0.400000 0.237873 -1.443723 -2.347104 -5.296619 0.400000 -3.852896 0.400000 2.602162   0  -1  -1 
2453810.911488 5.918908 0.121758 -6.000000 0.300000 0.237873 -1.442020 -2.349054 -5.092966 0.300000 -3.650946 0.300000 2.602162   0  -1  -1 
2453810.915331 5.922751 0.122027 -4.600000 0.300000 0.237873 -1.440320 -2.350985 -3.689334 0.300000 -2.249015 0.300000 2.602162   0  -1  -1 
2453815.909918 -3.371586 0.471569 -3.300000 0.300000 0.237873 2.382352 0.762437 -1.680085 0.300000 -4.062437 0.300000 2.602162   0  -1  -1 
2453815.914965 -3.366539 0.471923 -4.400000 0.300000 0.237873 2.386206 0.766886 -2.780680 0.300000 -5.166886 0.300000 2.602162   0  -1  -1 
2453816.914372 -2.367132 0.541865 -2.500000 0.300000 0.237873 2.843173 1.349833 -1.006660 0.300000 -3.849833 0.300000 2.602162   0  -1  -1 
2453816.919638 -2.361866 0.542234 -3.400000 0.400000 0.237873 2.843408 1.350765 -1.907357 0.400000 -4.750765 0.400000 2.602162   0  -1  -1 
2453862.858999 0.710725 0.757267 -2.600000 0.500000 0.237873 -0.517692 -0.135293 -2.982399 0.500000 -2.464707 0.500000 2.602162   0  -1  -1 
2453862.862564 0.714290 0.757516 -3.100000 0.400000 0.237873 -0.521845 -0.138823 -3.483022 0.400000 -2.961177 0.400000 2.602162   0  -1  -1 
2453862.866256 0.717982 0.757775 -2.200000 0.400000 0.237873 -0.526140 -0.142472 -2.583668 0.400000 -2.057528 0.400000 2.602162   0  -1  -1 
2453870.847549 -5.589648 0.316340 -0.700000 0.400000 0.237873 0.377812 2.585156 -2.907344 0.400000 -3.285156 0.400000 2.602162   0  -1  -1 
2453870.853070 -5.584127 0.316726 -0.500000 0.400000 0.237873 0.382546 2.591597 -2.709051 0.400000 -3.091597 0.400000 2.602162   0  -1  -1 
2453882.860433 6.423236 0.157053 -3.600000 0.400000 0.237873 -1.199046 -2.838032 -1.961014 0.400000 -0.761968 0.400000 2.602162   0  -1  -1 
2453882.863003 6.425806 0.157233 -3.800000 0.400000 0.237873 -1.197706 -2.836398 -2.161308 0.400000 -0.963602 0.400000 2.602162   0  -1  -1 
2453882.865792 6.428595 0.157428 -3.300000 0.400000 0.237873 -1.196251 -2.834624 -1.661628 0.400000 -0.465376 0.400000 2.602162   0  -1  -1 
2453882.868420 6.431223 0.157612 -2.400000 0.500000 0.237873 -1.194879 -2.832950 -0.761929 0.500000 0.432950 0.500000 2.602162   0  -1  -1 
2453883.847121 -6.879000 0.226105 -2.200000 0.400000 0.237873 -0.610502 -2.127733 -0.682769 0.400000 -0.072267 0.400000 2.602162   0  -1  -1 
2453883.851033 -6.875088 0.226379 -2.000000 0.400000 0.237873 -0.607874 -2.124595 -0.483279 0.400000 0.124595 0.400000 2.602162   0  -1  -1 
2453883.854887 -6.871234 0.226649 -1.900000 0.400000 0.237873 -0.605283 -2.121501 -0.383782 0.400000 0.221501 0.400000 2.602162   0  -1  -1 
2453886.875724 -3.850397 0.438060 -0.900000 0.400000 0.237873 1.979385 0.885781 0.193604 0.400000 -1.785781 0.400000 2.602162   0  -1  -1 
2453886.879069 -3.847052 0.438294 -2.100000 0.500000 0.237873 1.982396 0.889276 -1.006880 0.500000 -2.989276 0.500000 2.602162   0  -1  -1 
2453886.882321 -3.843800 0.438522 -0.000000 0.400000 0.237873 1.985321 0.892672 1.092649 0.400000 -0.892672 0.400000 2.602162   0  -1  -1 
2453917.821767 -1.482201 0.603797 -1.500000 1.100000 0.237873 2.454604 0.992711 -0.038108 1.100000 -2.492711 1.100000 2.602162   0  -1  -1 
2453917.822831 -1.481137 0.603871 2.100000 1.200000 0.237873 2.453616 0.991867 3.561749 1.200000 1.108133 1.200000 2.602162   0  -1  -1 
2453917.824000 -1.479968 0.603953 -0.200000 1.200000 0.237873 2.452531 0.990939 1.261592 1.200000 -1.190939 1.200000 2.602162   0  -1  -1 
2453917.825100 -1.478868 0.604030 -2.400000 1.300000 0.237873 2.451508 0.990064 -0.938556 1.300000 -3.390064 1.300000 2.602162   0  -1  -1 
2453917.826165 -1.477803 0.604104 -1.600000 1.300000 0.237873 2.450516 0.989215 -0.138700 1.300000 -2.589215 1.300000 2.602162   0  -1  -1 
2453917.827253 -1.476715 0.604180 2.600000 1.300000 0.237873 2.449502 0.988348 4.061154 1.300000 1.611652 1.300000 2.602162   0  -1  -1 
2453917.828341 -1.475627 0.604257 1.100000 1.200000 0.237873 2.448486 0.987478 2.561008 1.200000 0.112522 1.200000 2.602162   0  -1  -1 
2453917.829452 -1.474516 0.604334 -0.500000 1.300000 0.237873 2.447448 0.986590 0.960858 1.300000 -1.486590 1.300000 2.602162   0  -1  -1 
2453917.830517 -1.473451 0.604409 1.300000 1.400000 0.237873 2.446452 0.985737 2.760715 1.400000 0.314263 1.400000 2.602162   0  -1  -1 
2453917.831663 -1.472305 0.604489 1.900000 1.400000 0.237873 2.445378 0.984818 3.360561 1.400000 0.915182 1.400000 2.602162   0  -1  -1 
2453919.820486 0.516518 0.743675 -4.100000 1.200000 0.237873 -0.281839 -1.463774 -2.918065 1.200000 -2.636226 1.200000 2.602162   0  -1  -1 
2453919.821562 0.517594 0.743751 -4.800000 1.200000 0.237873 -0.283197 -1.464978 -3.618219 1.200000 -3.335022 1.200000 2.602162   0  -1  -1 
2453919.822662 0.518694 0.743828 -0.100000 1.500000 0.237873 -0.284584 -1.466207 1.081623 1.500000 1.366207 1.500000 2.602162   0  -1  -1 
2453919.823761 0.519793 0.743905 -5.200000 1.500000 0.237873 -0.285970 -1.467434 -4.018535 1.500000 -3.732566 1.500000 2.602162   0  -1  -1 
2453919.824884 0.520916 0.743983 -5.600000 1.500000 0.237873 -0.287385 -1.468688 -4.418696 1.500000 -4.131312 1.500000 2.602162   0  -1  -1 
2453919.825949 0.521981 0.744058 -0.700000 1.300000 0.237873 -0.288726 -1.469877 0.481151 1.300000 0.769877 1.300000 2.602162   0  -1  -1 
2453919.827060 0.523092 0.744136 -1.200000 1.400000 0.237873 -0.290125 -1.471116 -0.019009 1.400000 0.271116 1.400000 2.602162   0  -1  -1 
2453919.828171 0.524203 0.744213 -6.300000 1.400000 0.237873 -0.291523 -1.472355 -5.119169 1.400000 -4.827645 1.400000 2.602162   0  -1  -1 
2453919.829259 0.525291 0.744289 -2.900000 1.200000 0.237873 -0.292892 -1.473567 -1.719325 1.200000 -1.426433 1.200000 2.602162   0  -1  -1 
2453919.830335 0.526367 0.744365 -1.700000 1.200000 0.237873 -0.294245 -1.474766 -0.519479 1.200000 -0.225234 1.200000 2.602162   0  -1  -1 
2453921.830717 2.526749 0.884360 -3.100000 1.600000 0.237873 -1.824016 -2.714007 -2.210009 1.600000 -0.385993 1.600000 2.602162   0  -1  -1 
2453921.831828 2.527860 0.884438 -3.700000 1.600000 0.237873 -1.824378 -2.714206 -2.810172 1.600000 -0.985794 1.600000 2.602162   0  -1  -1 
2453921.832892 2.528924 0.884512 -1.900000 1.500000 0.237873 -1.824724 -2.714396 -1.010327 1.500000 0.814396 1.500000 2.602162   0  -1  -1 
2453921.833992 2.530024 0.884589 -2.500000 1.600000 0.237873 -1.825081 -2.714592 -1.610489 1.600000 0.214592 1.600000 2.602162   0  -1  -1 
2453921.835126 2.531158 0.884669 -5.000000 1.300000 0.237873 -1.825449 -2.714794 -4.110655 1.300000 -2.285206 1.300000 2.602162   0  -1  -1 
2453921.836214 2.532246 0.884745 -3.600000 1.100000 0.237873 -1.825801 -2.714987 -2.710814 1.100000 -0.885013 1.100000 2.602162   0  -1  -1 
2453921.837291 2.533323 0.884820 -3.200000 1.000000 0.237873 -1.826150 -2.715178 -2.310972 1.000000 -0.484822 1.000000 2.602162   0  -1  -1 
2453921.838413 2.534445 0.884899 -2.200000 1.000000 0.237873 -1.826513 -2.715377 -1.311136 1.000000 0.515377 1.000000 2.602162   0  -1  -1 
2453921.839467 2.535499 0.884972 -1.600000 1.000000 0.237873 -1.826853 -2.715562 -0.711291 1.000000 1.115562 1.000000 2.602162   0  -1  -1 
2453921.840566 2.536598 0.885049 -2.400000 1.000000 0.237873 -1.827208 -2.715756 -1.511452 1.000000 0.315756 1.000000 2.602162   0  -1  -1 
2453950.742238 2.860423 0.907712 -5.500000 0.400000 0.237873 -1.913530 -3.459100 -3.954430 0.400000 -2.040900 0.400000 2.602162   0  -1  -1 
2453974.597984 -1.861677 0.577239 8.600000 1.100000 0.237873 2.728823 5.854291 5.474532 1.100000 2.745709 1.100000 2.602162   0  -1  -1 
2453974.600009 -1.859652 0.577381 9.400000 0.900000 0.237873 2.727787 5.853575 6.274212 0.900000 3.546425 0.900000 2.602162   0  -1  -1 
2453974.601954 -1.857707 0.577517 11.400000 0.900000 0.237873 2.726787 5.852883 8.273905 0.900000 5.547117 0.900000 2.602162   0  -1  -1 
2453974.603956 -1.855705 0.577657 11.600000 0.900000 0.237873 2.725754 5.852164 8.473590 0.900000 5.747836 0.900000 2.602162   0  -1  -1 
2453976.591620 0.131959 0.716762 5.100000 0.600000 0.237873 0.236182 2.487335 2.848847 0.600000 2.612665 0.600000 2.602162   0  -1  -1 
2453976.594050 0.134389 0.716932 3.300000 0.600000 0.237873 0.232723 2.480606 1.052117 0.600000 0.819394 0.600000 2.602162   0  -1  -1 
2453976.596469 0.136808 0.717102 4.200000 0.600000 0.237873 0.229282 2.473904 1.955378 0.600000 1.726096 0.600000 2.602162   0  -1  -1 
2453976.598980 0.139319 0.717277 3.300000 0.600000 0.237873 0.225712 2.466943 1.058769 0.600000 0.833057 0.600000 2.602162   0  -1  -1 
2453980.640151 4.180490 0.000096 -3.300000 0.600000 0.237873 -1.952646 -3.707283 -1.545363 0.600000 0.407283 0.600000 2.602162   0  -1  -1 
2453980.643079 4.183418 0.000301 -2.900000 0.600000 0.237873 -1.952264 -3.707222 -1.145042 0.600000 0.807222 0.600000 2.602162   0  -1  -1 
2453980.645938 4.186277 0.000501 -2.300000 0.600000 0.237873 -1.951889 -3.707159 -0.544730 0.600000 1.407159 0.600000 2.602162   0  -1  -1 
2453980.648924 4.189263 0.000710 -3.600000 0.600000 0.237873 -1.951496 -3.707090 -1.844406 0.600000 0.107090 0.600000 2.602162   0  -1  -1 
2453981.703761 5.244100 0.074532 -5.800000 0.400000 0.237873 -1.703440 -3.490823 -4.012617 0.400000 -2.309177 0.400000 2.602162   0  -1  -1 
2453981.706284 5.246623 0.074708 -7.100000 0.400000 0.237873 -1.702604 -3.489912 -5.312692 0.400000 -3.610088 0.400000 2.602162   0  -1  -1 
2453981.708796 5.249135 0.074884 -7.600000 0.400000 0.237873 -1.701770 -3.489003 -5.812766 0.400000 -4.110997 0.400000 2.602162   0  -1  -1 
2453981.711342 5.251681 0.075062 -5.800000 0.400000 0.237873 -1.700924 -3.488081 -4.012843 0.400000 -2.311919 0.400000 2.602162   0  -1  -1 
2453982.690997 6.231336 0.143623 -2.900000 0.700000 0.237873 -1.296179 -3.021719 -1.174460 0.700000 0.121719 0.700000 2.602162   0  -1  -1 
2453982.693555 6.233894 0.143802 -2.500000 0.700000 0.237873 -1.294922 -3.020235 -0.774687 0.700000 0.520235 0.700000 2.602162   0  -1  -1 
2453982.695997 6.236336 0.143973 -2.100000 0.700000 0.237873 -1.293721 -3.018817 -0.374904 0.700000 0.918817 0.700000 2.602162   0  -1  -1 
2453982.698647 6.238986 0.144158 -3.700000 0.700000 0.237873 -1.292416 -3.017277 -1.975140 0.700000 -0.682723 0.700000 2.602162   0  -1  -1 
2454292.812219 1.996242 0.847233 -0.700000 0.300000 0.237873 -1.597547 -2.214188 -0.083359 0.300000 1.514188 0.300000 2.602162   0  -1  -1 
2454292.817485 2.001508 0.847601 -0.300000 0.300000 0.237873 -1.600353 -2.216210 0.315857 0.300000 1.916210 0.300000 2.602162   0  -1  -1 
2454315.727933 -3.665891 0.450973 0.400000 0.800000 0.237873 2.142088 0.466514 2.075574 0.800000 -0.066514 0.800000 2.602162   0  -1  -1 
2454315.732909 -3.660915 0.451321 -1.800000 0.800000 0.237873 2.146368 0.469685 -0.123317 0.800000 -2.269685 0.800000 2.602162   0  -1  -1 
2454953.915075 5.808620 0.114039 -4.800000 0.400000 0.237873 -1.489815 -3.255796 -3.034019 0.400000 -1.544204 0.400000 2.602162   0  -1  -1 
2454953.918663 5.812208 0.114290 -2.900000 0.400000 0.237873 -1.488291 -3.254589 -1.133702 0.400000 0.354589 0.400000 2.602162   0  -1  -1 
2454953.922240 5.815785 0.114541 -3.700000 0.400000 0.237873 -1.486769 -3.253382 -1.933387 0.400000 -0.446618 0.400000 2.602162   0  -1  -1 
2454954.854520 6.748065 0.179786 -3.300000 0.300000 0.237873 -1.021690 -2.809358 -1.512332 0.300000 -0.490642 0.300000 2.602162   0  -1  -1 
2454954.858270 6.751815 0.180048 -3.500000 0.300000 0.237873 -1.019548 -2.807108 -1.712440 0.300000 -0.692892 0.300000 2.602162   0  -1  -1 
2454954.861812 6.755357 0.180296 -3.200000 0.300000 0.237873 -1.017523 -2.804980 -1.412543 0.300000 -0.395020 0.300000 2.602162   0  -1  -1 
2454955.841317 -6.554061 0.248846 -3.100000 0.400000 0.237873 -0.384376 -2.110824 -1.373552 0.400000 -0.989176 0.400000 2.602162   0  -1  -1 
2454955.845010 -6.550368 0.249104 -2.300000 0.400000 0.237873 -0.381715 -2.107837 -0.573878 0.400000 -0.192163 0.400000 2.602162   0  -1  -1 
2454955.848783 -6.546595 0.249369 -1.400000 0.700000 0.237873 -0.378995 -2.104782 0.325788 0.700000 0.704782 0.700000 2.602162   0  -1  -1 
2454956.895780 -5.499598 0.322642 -2.300000 0.500000 0.237873 0.455510 -1.159792 -0.684698 0.500000 -1.140208 0.500000 2.602162   0  -1  -1 
2454956.899345 -5.496033 0.322891 -0.900000 0.400000 0.237873 0.458607 -1.156271 0.714878 0.400000 0.256271 0.400000 2.602162   0  -1  -1 
2454956.902968 -5.492410 0.323145 -1.700000 0.400000 0.237873 0.461756 -1.152692 -0.085552 0.400000 -0.547308 0.400000 2.602162   0  -1  -1 
2454988.882690 -2.090535 0.561223 0.000000 0.400000 0.237873 2.815760 1.050007 1.765753 0.400000 -1.050007 0.400000 2.602162   0  -1  -1 
2454988.888119 -2.085106 0.561603 0.100000 0.400000 0.237873 2.814385 1.048972 1.865413 0.400000 -0.948972 0.400000 2.602162   0  -1  -1 
2454989.877517 -1.095708 0.630845 -0.100000 0.300000 0.237873 2.026611 0.346665 1.579945 0.300000 -0.446665 0.300000 2.602162   0  -1  -1 
2454989.883200 -1.090025 0.631243 -0.200000 0.300000 0.237873 2.019394 0.340046 1.479348 0.300000 -0.540046 0.300000 2.602162   0  -1  -1 
2454991.889668 0.916443 0.771664 -0.800000 0.400000 0.237873 -0.746685 -2.176672 0.629988 0.400000 1.376672 0.400000 2.602162   0  -1  -1 
2454991.895131 0.921906 0.772046 -1.900000 0.400000 0.237873 -0.752467 -2.181710 -0.470757 0.400000 0.281710 0.400000 2.602162   0  -1  -1 
2454993.901526 2.928301 0.912462 -5.800000 0.200000 0.237873 -1.927248 -3.073404 -4.653844 0.200000 -2.726596 0.200000 2.602162   0  -1  -1 
2455021.881363 2.330291 0.870611 -1.400000 0.500000 0.237873 -1.752925 -3.542766 0.389841 0.500000 2.142766 0.500000 2.602162   0  -1  -1 
2455021.884638 2.333566 0.870840 -1.500000 0.500000 0.237873 -1.754229 -3.544001 0.289772 0.500000 2.044001 0.500000 2.602162   0  -1  -1 
2455021.887879 2.336807 0.871067 0.300000 0.500000 0.237873 -1.755515 -3.545218 2.089703 0.500000 3.845218 0.500000 2.602162   0  -1  -1 
2455023.870780 4.319708 0.009839 -1.300000 0.700000 0.237873 -1.932500 -3.564175 0.331675 0.700000 2.264175 0.700000 2.602162   0  -1  -1 
2455023.874484 4.323412 0.010098 -2.100000 0.800000 0.237873 -1.931909 -3.563155 -0.468755 0.800000 1.463155 0.800000 2.602162   0  -1  -1 
2455023.878292 4.327220 0.010365 -0.900000 0.700000 0.237873 -1.931299 -3.562102 0.730803 0.700000 2.662102 0.700000 2.602162   0  -1  -1 
2455023.893431 4.342359 0.011424 -2.900000 0.600000 0.237873 -1.928843 -3.557887 -1.270956 0.600000 0.657887 0.600000 2.602162   0  -1  -1 
2455023.897135 4.346063 0.011683 -2.300000 0.600000 0.237873 -1.928235 -3.556848 -0.671387 0.600000 1.256848 0.600000 2.602162   0  -1  -1 
2455023.901151 4.350079 0.011964 -2.000000 0.600000 0.237873 -1.927573 -3.555717 -0.371855 0.600000 1.555717 0.600000 2.602162   0  -1  -1 
2455025.707370 6.156298 0.138371 -3.600000 0.600000 0.237873 -1.332604 -2.726856 -2.205748 0.600000 -0.873144 0.600000 2.602162   0  -1  -1 
2455025.710657 6.159585 0.138601 -2.300000 0.600000 0.237873 -1.331027 -2.724825 -0.906201 0.600000 0.424825 0.600000 2.602162   0  -1  -1 
2455025.713979 6.162907 0.138834 -3.800000 0.600000 0.237873 -1.329431 -2.722771 -2.406660 0.600000 -1.077229 0.600000 2.602162   0  -1  -1 
2455036.781145 2.941150 0.913362 -0.700000 0.800000 0.237873 -1.929682 -1.647837 -0.981845 0.800000 0.947837 0.800000 2.602162   0  -1  -1 
2455036.782916 2.942921 0.913485 1.300000 0.800000 0.237873 -1.930013 -1.647866 1.017853 0.800000 2.947866 0.800000 2.602162   0  -1  -1 
2455036.784721 2.944726 0.913612 -0.000000 0.700000 0.237873 -1.930350 -1.647895 -0.282455 0.700000 1.647895 0.700000 2.602162   0  -1  -1 
2455036.786434 2.946439 0.913732 0.300000 0.700000 0.237873 -1.930669 -1.647921 0.017252 0.700000 1.947921 0.700000 2.602162   0  -1  -1 
2455036.788217 2.948222 0.913856 1.200000 0.700000 0.237873 -1.931000 -1.647947 0.916948 0.700000 2.847947 0.700000 2.602162   0  -1  -1 
2455036.789988 2.949993 0.913980 0.300000 0.700000 0.237873 -1.931327 -1.647972 0.016645 0.700000 1.947972 0.700000 2.602162   0  -1  -1 
2455037.797226 3.957231 0.984471 -1.500000 0.700000 0.237873 -1.976293 -1.517223 -1.959069 0.700000 0.017223 0.700000 2.602162   0  -1  -1 
2455037.799009 3.959014 0.984596 3.000000 0.700000 0.237873 -1.976147 -1.516760 2.540612 0.700000 4.516760 0.700000 2.602162   0  -1  -1 
2455037.800733 3.960738 0.984717 1.300000 0.700000 0.237873 -1.976006 -1.516311 0.840305 0.700000 2.816311 0.700000 2.602162   0  -1  -1 
2455037.802539 3.962544 0.984843 0.200000 0.700000 0.237873 -1.975858 -1.515840 -0.260017 0.700000 1.715840 0.700000 2.602162   0  -1  -1 
2455037.804321 3.964326 0.984968 2.000000 0.700000 0.237873 -1.975710 -1.515375 1.539665 0.700000 3.515375 0.700000 2.602162   0  -1  -1 
2455037.806057 3.966062 0.985089 0.000000 0.700000 0.237873 -1.975566 -1.514921 -0.460645 0.700000 1.514921 0.700000 2.602162   0  -1  -1 
2455039.786805 5.946810 0.123710 2.700000 0.800000 0.237873 -1.429621 -0.596784 1.867163 0.800000 3.296784 0.800000 2.602162   0  -1  -1 
2455039.788332 5.948337 0.123817 3.100000 0.900000 0.237873 -1.428939 -0.595798 2.266859 0.900000 3.695798 0.900000 2.602162   0  -1  -1 
2455039.789964 5.949969 0.123932 3.200000 0.800000 0.237873 -1.428209 -0.594745 2.366535 0.800000 3.794745 0.800000 2.602162   0  -1  -1 
2455039.791550 5.951555 0.124043 1.100000 0.800000 0.237873 -1.427500 -0.593720 0.266220 0.800000 1.693720 0.800000 2.602162   0  -1  -1 
2455039.793147 5.953152 0.124154 2.400000 0.800000 0.237873 -1.426786 -0.592688 1.565903 0.800000 2.992688 0.800000 2.602162   0  -1  -1 
2455039.794710 5.954715 0.124264 3.300000 0.900000 0.237873 -1.426086 -0.591678 2.465592 0.900000 3.891678 0.900000 2.602162   0  -1  -1 
2455039.796330 5.956335 0.124377 3.700000 0.800000 0.237873 -1.425360 -0.590630 2.865270 0.800000 4.290630 0.800000 2.602162   0  -1  -1 
2455041.699644 -6.429275 0.257579 3.000000 0.400000 0.237873 -0.293335 0.944720 1.761945 0.400000 2.055280 0.400000 2.602162   0  -1  -1 
2455041.704829 -6.424090 0.257942 2.700000 0.400000 0.237873 -0.289502 0.949729 1.460769 0.400000 1.750271 0.400000 2.602162   0  -1  -1 
2455045.801844 -2.327075 0.544669 1.300000 0.400000 0.237873 2.844242 5.193041 -1.048798 0.400000 -3.893041 0.400000 2.602162   0  -1  -1 
2455046.832613 -1.296306 0.616806 -0.800000 0.400000 0.237873 2.265271 4.949575 -3.484304 0.400000 -5.749575 0.400000 2.602162   0  -1  -1 
2455047.816890 -0.312029 0.685690 -0.900000 0.500000 0.237873 0.894315 3.882353 -3.888037 0.500000 -4.782353 0.500000 2.602162   0  -1  -1 
2455047.821971 -0.306948 0.686046 -1.800000 0.500000 0.237873 0.886597 3.876023 -4.789425 0.500000 -5.676023 0.500000 2.602162   0  -1  -1 
2455066.705240 4.287398 0.007578 -3.800000 0.300000 0.237873 -1.937535 -2.240671 -3.496864 0.300000 -1.559329 0.300000 2.602162   0  -1  -1 
2455067.723686 5.305844 0.078853 -2.600000 0.300000 0.237873 -1.682661 -1.827583 -2.455078 0.300000 -0.772417 0.300000 2.602162   0  -1  -1 
2455068.708996 6.291154 0.147809 -4.000000 0.300000 0.237873 -1.266514 -1.254708 -4.011806 0.300000 -2.745292 0.300000 2.602162   0  -1  -1 
2455069.712847 -6.993919 0.218063 -0.800000 0.200000 0.237873 -0.686665 -0.510330 -0.976335 0.200000 -0.289670 0.200000 2.602162   0  -1  -1 
2455072.655300 -4.051466 0.423988 4.100000 0.700000 0.237873 1.795263 2.494074 3.401189 0.700000 1.605926 0.700000 2.602162   0  -1  -1 
2455072.657788 -4.048978 0.424163 4.000000 0.600000 0.237873 1.797573 2.496858 3.300715 0.600000 1.503142 0.600000 2.602162   0  -1  -1 
2455072.660218 -4.046548 0.424333 3.900000 0.600000 0.237873 1.799828 2.499577 3.200251 0.600000 1.400423 0.600000 2.602162   0  -1  -1 
2455072.662649 -4.044117 0.424503 4.900000 0.600000 0.237873 1.802084 2.502297 4.199787 0.600000 2.397703 0.600000 2.602162   0  -1  -1 
2455075.660497 -1.046269 0.634305 4.300000 0.700000 0.237873 1.963077 3.294085 2.968992 0.700000 1.005915 0.700000 2.602162   0  -1  -1 
2455075.662928 -1.043838 0.634475 3.800000 0.600000 0.237873 1.959909 3.291487 2.468423 0.600000 0.508513 0.600000 2.602162   0  -1  -1 
2455075.665358 -1.041408 0.634645 4.700000 0.600000 0.237873 1.956740 3.288886 3.367854 0.600000 1.411114 0.600000 2.602162   0  -1  -1 
2455078.680711 1.973945 0.845672 -1.100000 1.000000 0.237873 -1.585533 0.551874 -3.237408 1.000000 -1.651874 1.000000 2.602162   0  -1  -1 
2455078.683604 1.976838 0.845875 -1.100000 1.100000 0.237873 -1.587104 0.551182 -3.238286 1.100000 -1.651182 1.100000 2.602162   0  -1  -1 
2455078.686092 1.979326 0.846049 1.300000 1.200000 0.237873 -1.588452 0.550590 -0.839042 1.200000 0.749410 1.200000 2.602162   0  -1  -1 
2455078.689171 1.982405 0.846265 1.200000 1.400000 0.237873 -1.590117 0.549860 -0.939977 1.400000 0.650140 1.400000 2.602162   0  -1  -1 
2455109.549819 4.265207 0.006025 -2.200000 0.600000 0.237873 -1.940868 -0.531106 -3.609762 0.600000 -1.668894 0.600000 2.602162   0  -1  -1 
2455109.555767 4.271155 0.006441 -2.400000 0.800000 0.237873 -1.939985 -0.528793 -3.811192 0.800000 -1.871207 0.800000 2.602162   0  -1  -1 
2455110.576472 5.291860 0.077874 -1.900000 0.400000 0.237873 -1.687424 -0.019836 -3.567589 0.400000 -1.880164 0.400000 2.602162   0  -1  -1 
2455110.581946 5.297334 0.078257 -3.000000 0.400000 0.237873 -1.685564 -0.016538 -4.669026 0.400000 -2.983462 0.400000 2.602162   0  -1  -1 
2455112.566577 -7.006959 0.217150 0.000000 0.500000 0.237873 -0.695181 1.543308 -2.238489 0.500000 -1.543308 0.500000 2.602162   0  -1  -1 
2455112.571947 -7.001589 0.217526 0.700000 0.400000 0.237873 -0.691677 1.548485 -1.540162 0.400000 -0.848485 0.400000 2.602162   0  -1  -1 
2455116.586194 -2.987342 0.498460 0.900000 0.200000 0.237873 2.640799 5.699058 -2.158258 0.200000 -4.799058 0.200000 2.602162   0  -1  -1 
2455121.587607 2.014071 0.848481 -8.100000 0.700000 0.237873 -1.607001 -3.361701 -6.345300 0.700000 -4.738299 0.700000 2.602162   0  -1  -1 
2455121.590037 2.016501 0.848651 -6.900000 0.700000 0.237873 -1.608279 -3.363245 -5.145034 0.700000 -3.536755 0.700000 2.602162   0  -1  -1 
2455121.592479 2.018943 0.848822 -9.400000 0.700000 0.237873 -1.609560 -3.364793 -7.644767 0.700000 -6.035207 0.700000 2.602162   0  -1  -1 
2455121.594956 2.021420 0.848995 -7.500000 0.800000 0.237873 -1.610858 -3.366360 -5.744498 0.800000 -4.133640 0.800000 2.602162   0  -1  -1 
2455121.597456 2.023920 0.849170 -8.700000 0.800000 0.237873 -1.612165 -3.367937 -6.944228 0.800000 -5.332063 0.800000 2.602162   0  -1  -1 
2455122.525933 2.952397 0.914149 -6.400000 0.800000 0.237873 -1.931770 -3.722145 -4.609625 0.800000 -2.677855 0.800000 2.602162   0  -1  -1 
2455122.528352 2.954816 0.914318 -7.000000 0.800000 0.237873 -1.932214 -3.722544 -5.209670 0.800000 -3.277456 0.800000 2.602162   0  -1  -1 
2455122.530794 2.957258 0.914489 -7.600000 0.700000 0.237873 -1.932661 -3.722945 -5.809716 0.700000 -3.877055 0.700000 2.602162   0  -1  -1 
2455122.533248 2.959712 0.914661 -5.800000 0.700000 0.237873 -1.933107 -3.723345 -4.009762 0.700000 -2.076655 0.700000 2.602162   0  -1  -1 
2455122.535701 2.962165 0.914832 -6.300000 0.700000 0.237873 -1.933552 -3.723743 -4.509809 0.700000 -2.576257 0.700000 2.602162   0  -1  -1 
2455124.520796 4.947260 0.053758 -7.500000 0.300000 0.237873 -1.794112 -3.428304 -5.865807 0.300000 -4.071696 0.300000 2.602162   0  -1  -1 
2455124.526421 4.952885 0.054151 -7.500000 0.300000 0.237873 -1.792538 -3.426081 -5.866457 0.300000 -4.073919 0.300000 2.602162   0  -1  -1 
2455127.527559 -6.334900 0.264184 -2.300000 0.300000 0.237873 -0.222947 -1.455623 -1.067324 0.300000 -0.844377 0.300000 2.602162   0  -1  -1 
2455127.531367 -6.331092 0.264450 -2.500000 0.300000 0.237873 -0.220079 -1.452211 -1.267868 0.300000 -1.047789 0.300000 2.602162   0  -1  -1 
2455127.535232 -6.327227 0.264721 -3.800000 0.300000 0.237873 -0.217166 -1.448747 -2.568419 0.300000 -2.351253 0.300000 2.602162   0  -1  -1 
2455129.550559 -4.311900 0.405762 -2.600000 0.300000 0.237873 1.550747 0.610782 -1.660035 0.300000 -3.210782 0.300000 2.602162   0  -1  -1 
2455129.556068 -4.306391 0.406148 -2.600000 0.300000 0.237873 1.555958 0.616798 -1.660840 0.300000 -3.216798 0.300000 2.602162   0  -1  -1 
2455132.521473 -1.340986 0.613679 -1.900000 0.300000 0.237873 2.313775 1.813482 -1.399708 0.300000 -3.713482 0.300000 2.602162   0  -1  -1 
2455134.512800 0.650341 0.753041 -3.100000 0.400000 0.237873 -0.446365 -0.642319 -2.904046 0.400000 -2.457681 0.400000 2.602162   0  -1  -1 
2455134.518436 0.655977 0.753435 -3.700000 0.400000 0.237873 -0.453100 -0.648176 -3.504924 0.400000 -3.051824 0.400000 2.602162   0  -1  -1 
2455135.502747 1.640288 0.822322 -4.500000 0.200000 0.237873 -1.379400 -1.419086 -4.460314 0.200000 -3.080914 0.200000 2.602162   0  -1  -1 
2455135.508279 1.645820 0.822709 -4.200000 0.200000 0.237873 -1.383234 -1.422036 -4.161198 0.200000 -2.777964 0.200000 2.602162   0  -1  -1 
2455136.521235 2.658776 0.893600 -3.400000 0.400000 0.237873 -1.863958 -1.738383 -3.525575 0.400000 -1.661617 0.400000 2.602162   0  -1  -1 
2455139.491913 5.629454 0.101501 -2.200000 0.600000 0.237873 -1.563295 -0.917083 -2.846212 0.600000 -1.282917 0.600000 2.602162   0  -1  -1 
2455139.497642 5.635183 0.101901 -3.600000 0.500000 0.237873 -1.561026 -0.913738 -4.247288 0.500000 -2.686262 0.500000 2.602162   0  -1  -1 
2455142.501946 -5.649437 0.312156 0.300000 0.600000 0.237873 0.326798 1.594593 -0.967795 0.600000 -1.294593 0.600000 2.602162   0  -1  -1 
2455142.508519 -5.642864 0.312616 2.000000 0.900000 0.237873 0.332384 1.601685 0.730699 0.900000 0.398315 0.900000 2.602162   0  -1  -1 
2455143.500033 -4.651350 0.382006 3.500000 0.500000 0.237873 1.229300 2.735086 1.994214 0.500000 0.764914 0.500000 2.602162   0  -1  -1 
2455143.505160 -4.646223 0.382365 1.900000 0.500000 0.237873 1.234141 2.741200 0.392941 0.500000 -0.841200 0.500000 2.602162   0  -1  -1 
2455370.737660 -6.036498 0.285067 1.200000 1.900000 0.237873 0.008196 0.022150 1.186047 1.900000 1.177850 1.900000 2.602162   0  -1  -1 
2455370.742139 -6.032019 0.285381 -4.800000 3.200000 0.237873 0.011764 0.026440 -4.814676 3.200000 -4.826440 3.200000 2.602162   0  -1  -1 
2455372.810565 -3.963593 0.430138 0.700000 0.600000 0.237873 1.876417 2.236977 0.339440 0.600000 -1.536977 0.600000 2.602162   0  -1  -1 
2455372.812926 -3.961232 0.430303 2.600000 0.700000 0.237873 1.878584 2.239554 2.239030 0.700000 0.360446 0.700000 2.602162   0  -1  -1 
2455372.815461 -3.958697 0.430481 -0.200000 0.700000 0.237873 1.880910 2.242322 -0.561411 0.700000 -2.442322 0.700000 2.602162   0  -1  -1 
2455372.817961 -3.956197 0.430656 0.000000 0.700000 0.237873 1.883203 2.245050 -0.361847 0.700000 -2.245050 0.700000 2.602162   0  -1  -1 
2455372.820334 -3.953824 0.430822 -0.700000 0.700000 0.237873 1.885379 2.247638 -1.062259 0.700000 -2.947638 0.700000 2.602162   0  -1  -1 
2455372.822846 -3.951312 0.430998 -2.000000 0.700000 0.237873 1.887681 2.250378 -2.362697 0.700000 -4.250378 0.700000 2.602162   0  -1  -1 
2455373.787027 -2.987131 0.498475 2.500000 0.700000 0.237873 2.640919 3.175156 1.965763 0.700000 -0.675156 0.700000 2.602162   0  -1  -1 
2455373.789654 -2.984504 0.498659 3.200000 0.600000 0.237873 2.642402 3.177117 2.665285 0.600000 0.022883 0.600000 2.602162   0  -1  -1 
2455373.792363 -2.981795 0.498849 5.400000 0.700000 0.237873 2.643927 3.179135 4.864792 0.700000 2.220865 0.700000 2.602162   0  -1  -1 
2455373.795117 -2.979041 0.499041 0.700000 0.700000 0.237873 2.645472 3.181182 0.164290 0.700000 -2.481182 0.700000 2.602162   0  -1  -1 
2455374.782319 -1.991839 0.568130 4.100000 0.800000 0.237873 2.785576 3.505752 3.379824 0.800000 0.594248 0.800000 2.602162   0  -1  -1 
2455374.784842 -1.989316 0.568306 5.300000 0.800000 0.237873 2.784660 3.505320 4.579339 0.800000 1.794680 0.800000 2.602162   0  -1  -1 
2455374.787307 -1.986851 0.568479 2.500000 0.700000 0.237873 2.783757 3.504891 1.778866 0.700000 -1.004891 0.700000 2.602162   0  -1  -1 
2455374.789738 -1.984420 0.568649 2.600000 0.800000 0.237873 2.782861 3.504461 1.878399 0.800000 -0.904461 0.800000 2.602162   0  -1  -1 
2455375.694460 -1.079698 0.631965 1.100000 0.700000 0.237873 2.006222 2.906306 0.199915 0.700000 -1.806306 0.700000 2.602162   0  -1  -1 
2455375.696914 -1.077244 0.632137 -0.500000 0.700000 0.237873 2.003081 2.903663 -1.400582 0.700000 -3.403663 0.700000 2.602162   0  -1  -1 
2455375.699333 -1.074825 0.632306 1.000000 0.700000 0.237873 1.999980 2.901054 0.098927 0.700000 -1.901054 0.700000 2.602162   0  -1  -1 
2455375.701775 -1.072383 0.632477 0.900000 0.700000 0.237873 1.996846 2.898415 -0.001569 0.700000 -1.998415 0.700000 2.602162   0  -1  -1 
2455376.666000 -0.108158 0.699958 2.300000 0.500000 0.237873 0.586873 1.690566 1.196306 0.500000 0.609434 0.500000 2.602162   0  -1  -1 
2455376.671521 -0.102637 0.700344 1.300000 0.500000 0.237873 0.578641 1.683531 0.195109 0.500000 -0.383531 0.500000 2.602162   0  -1  -1 
2455396.818485 5.755404 0.110315 -3.000000 0.400000 0.237873 -1.512181 -2.625167 -1.887014 0.400000 -0.374833 0.400000 2.602162   0  -1  -1 
2455399.794059 -5.557945 0.318558 -1.600000 0.300000 0.237873 0.405049 -0.272186 -0.922764 0.300000 -1.327814 0.300000 2.602162   0  -1  -1 
2455401.724236 -3.627768 0.453641 3.200000 0.500000 0.237873 2.174715 1.786991 3.587723 0.500000 1.413009 0.500000 2.602162   0  -1  -1 
2455403.744580 -1.607424 0.595033 0.800000 0.400000 0.237873 2.562529 2.488392 0.874137 0.400000 -1.688392 0.400000 2.602162   0  -1  -1 
2455407.739517 2.387513 0.874616 0.300000 0.400000 0.237873 -1.775115 -1.168216 -0.306899 0.400000 1.468216 0.400000 2.602162   0  -1  -1 
2455407.744366 2.392362 0.874955 -0.200000 0.600000 0.237873 -1.776939 -1.169139 -0.807800 0.600000 0.969139 0.600000 2.602162   0  -1  -1 
2455409.759906 4.407902 0.016011 -0.900000 0.400000 0.237873 -1.917673 -0.912768 -1.904905 0.400000 0.012768 0.400000 2.602162   0  -1  -1 
2455409.765438 4.413434 0.016398 -1.500000 0.400000 0.237873 -1.916691 -0.910625 -2.506066 0.400000 -0.589375 0.400000 2.602162   0  -1  -1 
2455411.702076 6.350072 0.151932 1.000000 0.400000 0.237873 -1.236752 0.206107 -0.442859 0.400000 0.793893 0.400000 2.602162   0  -1  -1 
2455411.707608 6.355604 0.152320 1.100000 0.400000 0.237873 -1.233930 0.210275 -0.344205 0.400000 0.889725 0.400000 2.602162   0  -1  -1 
2455413.741738 -5.899190 0.294677 2.500000 0.500000 0.237873 0.118849 2.104218 0.514632 0.500000 0.395782 0.500000 2.602162   0  -1  -1 
2455413.747363 -5.893565 0.295070 3.900000 0.500000 0.237873 0.123439 2.110443 1.912996 0.500000 1.789557 0.500000 2.602162   0  -1  -1 
2455423.671167 4.030239 0.989581 -3.900000 0.600000 0.237873 -1.969764 -3.731512 -2.138252 0.600000 -0.168488 0.600000 2.602162   0  -1  -1 
2455423.675010 4.034082 0.989850 -4.000000 0.600000 0.237873 -1.969387 -3.731506 -2.237881 0.600000 -0.268494 0.600000 2.602162   0  -1  -1 
2455423.678921 4.037993 0.990123 -4.400000 0.600000 0.237873 -1.969000 -3.731495 -2.637505 0.600000 -0.668505 0.600000 2.602162   0  -1  -1 
2455424.623362 4.982434 0.056219 -4.200000 0.800000 0.237873 -1.784179 -3.572739 -2.411440 0.800000 -0.627261 0.800000 2.602162   0  -1  -1 
2455424.627274 4.986346 0.056493 -5.000000 0.700000 0.237873 -1.783061 -3.571519 -3.211541 0.700000 -1.428481 0.700000 2.602162   0  -1  -1 
2455424.631012 4.990084 0.056755 -4.600000 0.700000 0.237873 -1.781989 -3.570350 -2.811639 0.700000 -1.029650 0.700000 2.602162   0  -1  -1 
2455425.571355 5.930427 0.122564 -3.600000 0.500000 0.237873 -1.436916 -3.169579 -1.867337 0.500000 -0.430421 0.500000 2.602162   0  -1  -1 
2455425.575244 5.934316 0.122836 -2.900000 0.600000 0.237873 -1.435188 -3.167519 -1.167669 0.600000 0.267519 0.600000 2.602162   0  -1  -1 
2455425.579121 5.938193 0.123107 -3.100000 0.600000 0.237873 -1.433463 -3.165463 -1.368001 0.600000 0.065463 0.600000 2.602162   0  -1  -1 
2455427.718138 -6.211713 0.272805 -2.000000 0.500000 0.237873 -0.129096 -1.615111 -0.513985 0.500000 -0.384889 0.500000 2.602162   0  -1  -1 
2455427.721911 -6.207940 0.273069 -2.400000 0.500000 0.237873 -0.126186 -1.611700 -0.914486 0.500000 -0.788300 0.500000 2.602162   0  -1  -1 
2455427.725707 -6.204144 0.273335 -0.700000 0.500000 0.237873 -0.123257 -1.608266 0.785009 0.500000 0.908266 0.500000 2.602162   0  -1  -1 
2455428.726322 -5.203529 0.343362 -1.000000 0.500000 0.237873 0.717817 -0.630331 0.348148 0.500000 -0.369669 0.500000 2.602162   0  -1  -1 
2455428.730153 -5.199698 0.343630 -0.400000 0.400000 0.237873 0.721275 -0.626337 0.947612 0.400000 0.226337 0.400000 2.602162   0  -1  -1 
2455428.733937 -5.195914 0.343895 0.100000 0.500000 0.237873 0.724692 -0.622391 1.447083 0.500000 0.722391 0.500000 2.602162   0  -1  -1 
2455435.654960 1.725109 0.828258 -3.400000 0.600000 0.237873 -1.436609 -1.767364 -3.069245 0.600000 -1.632636 0.600000 2.602162   0  -1  -1 
2455436.663126 2.733275 0.898814 -5.600000 0.300000 0.237873 -1.883844 -2.058736 -5.425108 0.300000 -3.541264 0.300000 2.602162   0  -1  -1 
2455436.668404 2.738553 0.899183 -5.900000 0.300000 0.237873 -1.885182 -2.059249 -5.725933 0.300000 -3.840751 0.300000 2.602162   0  -1  -1 
2455437.672380 3.742529 0.969445 -6.300000 0.300000 0.237873 -1.988434 -2.003413 -6.285020 0.300000 -4.296587 0.300000 2.602162   0  -1  -1 
2455437.677657 3.747806 0.969815 -6.400000 0.300000 0.237873 -1.988265 -2.002398 -6.385867 0.300000 -4.397602 0.300000 2.602162   0  -1  -1 
2455438.708355 4.778504 0.041947 -3.600000 0.300000 0.237873 -1.838652 -1.684663 -3.753989 0.300000 -1.915337 0.300000 2.602162   0  -1  -1 
2455438.713494 4.783643 0.042307 -3.700000 0.300000 0.237873 -1.837373 -1.682531 -3.854841 0.300000 -2.017469 0.300000 2.602162   0  -1  -1 
2455439.730928 5.801077 0.113511 -3.000000 0.300000 0.237873 -1.493014 -1.166093 -3.326921 0.300000 -1.833907 0.300000 2.602162   0  -1  -1 
2455443.710245 -4.508530 0.392001 5.700000 0.400000 0.237873 1.364433 2.452935 4.611498 0.400000 3.247065 0.400000 2.602162   0  -1  -1 
2455444.726089 -3.492686 0.463094 3.700000 0.300000 0.237873 2.286956 3.602961 2.383995 0.300000 0.097039 0.300000 2.602162   0  -1  -1 
2455445.637866 -2.580909 0.526904 6.200000 0.200000 0.237873 2.810679 4.347051 4.663628 0.200000 1.852949 0.200000 2.602162   0  -1  -1 
2455446.658848 -1.559927 0.598357 7.400000 0.500000 0.237873 2.523543 4.327994 5.595549 0.500000 3.072006 0.500000 2.602162   0  -1  -1 
2455446.663928 -1.554847 0.598712 6.100000 0.500000 0.237873 2.519231 4.325077 4.294154 0.500000 1.774923 0.500000 2.602162   0  -1  -1 
2455453.602871 5.384096 0.084329 0.600000 0.400000 0.237873 -1.655398 -0.167159 -0.888239 0.400000 0.767159 0.400000 2.602162   0  -1  -1 
2455453.606447 5.387672 0.084580 0.800000 0.400000 0.237873 -1.654128 -0.171994 -0.682134 0.400000 0.971994 0.400000 2.602162   0  -1  -1 
2455453.610092 5.391317 0.084835 -0.500000 0.400000 0.237873 -1.652831 -0.176925 -1.975905 0.400000 -0.323075 0.400000 2.602162   0  -1  -1 
2455456.539745 -5.967953 0.289864 1.100000 0.500000 0.237873 0.063102 -1.579632 2.742734 0.500000 2.679632 0.500000 2.602162   0  -1  -1 
2455456.543147 -5.964551 0.290102 2.400000 0.500000 0.237873 0.065844 -1.577785 4.043629 0.500000 3.977785 0.500000 2.602162   0  -1  -1 
2455456.546504 -5.961194 0.290337 3.000000 0.600000 0.237873 0.068552 -1.575956 4.644508 0.600000 4.575956 0.600000 2.602162   0  -1  -1 
2455458.640176 -3.867522 0.436862 1.600000 0.400000 0.237873 1.963939 0.195485 3.368454 0.400000 1.404515 0.400000 2.602162   0  -1  -1 
2455458.645361 -3.862337 0.437224 1.800000 0.400000 0.237873 1.968621 0.200478 3.568143 0.400000 1.599522 0.400000 2.602162   0  -1  -1 
2455459.533232 -2.974466 0.499361 4.500000 0.300000 0.237873 2.648028 0.953087 6.194941 0.300000 3.546913 0.300000 2.602162   0  -1  -1 
2455459.538208 -2.969490 0.499710 1.800000 0.300000 0.237873 2.650794 0.956353 3.494441 0.300000 0.843647 0.300000 2.602162   0  -1  -1 
2455480.529186 3.732564 0.968748 -4.700000 0.500000 0.237873 -1.988734 -0.097090 -6.591644 0.500000 -4.602910 0.500000 2.602162   0  -1  -1 
2455480.532970 3.736348 0.969013 -3.500000 0.400000 0.237873 -1.988623 -0.095910 -5.392713 0.400000 -3.404090 0.400000 2.602162   0  -1  -1 
2455480.536778 3.740156 0.969279 -1.800000 0.500000 0.237873 -1.988507 -0.094718 -3.693789 0.500000 -1.705282 0.500000 2.602162   0  -1  -1 
2455482.554786 5.758164 0.110508 1.700000 0.400000 0.237873 -1.511032 1.002169 -0.813201 0.400000 0.697831 0.400000 2.602162   0  -1  -1 
2455484.542056 -6.543489 0.249586 2.300000 0.500000 0.237873 -0.376753 2.725393 -0.802146 0.500000 -0.425393 0.500000 2.602162   0  -1  -1 
2455484.545828 -6.539717 0.249850 4.700000 0.500000 0.237873 -0.374029 2.728839 1.597131 0.500000 1.971161 0.500000 2.602162   0  -1  -1 
2455484.549671 -6.535874 0.250119 3.800000 0.500000 0.237873 -0.371252 2.732350 0.696398 0.500000 1.067650 0.500000 2.602162   0  -1  -1 
2455485.527184 -5.558361 0.318529 4.400000 0.400000 0.237873 0.404691 3.521459 1.283232 0.400000 0.878541 0.400000 2.602162   0  -1  -1 
2455485.532971 -5.552574 0.318934 6.100000 0.400000 0.237873 0.409677 3.525045 2.984632 0.400000 2.574955 0.400000 2.602162   0  -1  -1 
2455487.543214 -3.542331 0.459620 4.100000 0.400000 0.237873 2.246358 3.065087 3.281272 0.400000 1.034913 0.400000 2.602162   0  -1  -1 
2455487.548897 -3.536648 0.460018 4.100000 0.400000 0.237873 2.251046 3.059831 3.291215 0.400000 1.040169 0.400000 2.602162   0  -1  -1 
2455493.544252 2.458707 0.879598 -2.300000 0.400000 0.237873 -1.801008 -3.447359 -0.653650 0.400000 1.147359 0.400000 2.602162   0  -1  -1 
2455493.550478 2.464933 0.880034 -3.100000 0.400000 0.237873 -1.803183 -3.448830 -1.454354 0.400000 0.348830 0.400000 2.602162   0  -1  -1 
2455495.535877 4.450332 0.018981 -3.000000 0.400000 0.237873 -1.909981 -3.300526 -1.609456 0.400000 0.300526 0.400000 2.602162   0  -1  -1 
2455495.541664 4.456119 0.019386 -3.000000 0.400000 0.237873 -1.908904 -3.298649 -1.610256 0.400000 0.298649 0.400000 2.602162   0  -1  -1 
2455498.517820 -6.856648 0.227670 -1.400000 0.700000 0.237873 -0.595456 -1.559167 -0.436290 0.700000 0.159167 0.700000 2.602162   0  -1  -1 
2455498.523445 -6.851023 0.228063 -0.800000 0.600000 0.237873 -0.591658 -1.554548 0.162889 0.600000 0.754548 0.600000 2.602162   0  -1  -1 
2455500.544007 -4.830461 0.369471 -1.600000 0.300000 0.237873 1.060974 0.395334 -0.934359 0.300000 -1.995334 0.300000 2.602162   0  -1  -1 
2455500.549389 -4.825079 0.369848 -1.600000 0.400000 0.237873 1.066006 0.401164 -0.935158 0.400000 -2.001164 0.400000 2.602162   0  -1  -1 
2455501.547102 -3.827366 0.439672 -1.800000 0.300000 0.237873 2.000075 1.484121 -1.284046 0.300000 -3.284121 0.300000 2.602162   0  -1  -1 
2455501.552738 -3.821730 0.440066 -2.600000 0.300000 0.237873 2.005123 1.490016 -2.084892 0.300000 -4.090016 0.300000 2.602162   0  -1  -1 
2455505.514789 0.140321 0.717348 -1.300000 0.300000 0.237873 0.224288 0.327432 -1.403144 0.300000 -1.627432 0.300000 2.602162   0  -1  -1 
2455505.520425 0.145957 0.717742 -1.000000 0.300000 0.237873 0.216285 0.320355 -1.104070 0.300000 -1.320355 0.300000 2.602162   0  -1  -1 
2455507.517142 2.142674 0.857481 -4.500000 0.300000 0.237873 -1.671236 -1.226720 -4.944515 0.300000 -3.273280 0.300000 2.602162   0  -1  -1 
2455507.522824 2.148356 0.857878 -6.000000 0.300000 0.237873 -1.673916 -1.228391 -6.445525 0.300000 -4.771609 0.300000 2.602162   0  -1  -1 
2455509.518050 4.143582 0.997513 -3.700000 0.400000 0.237873 -1.957302 -1.138420 -4.518882 0.400000 -2.561580 0.400000 2.602162   0  -1  -1 
2455509.523524 4.149056 0.997896 -3.500000 0.400000 0.237873 -1.956630 -1.136665 -4.319965 0.400000 -2.363335 0.400000 2.602162   0  -1  -1 
2455511.516449 6.141981 0.137369 -2.400000 0.400000 0.237873 -1.339454 -0.097963 -3.641491 0.400000 -2.302037 0.400000 2.602162   0  -1  -1 
2455511.521935 6.147467 0.137753 -2.800000 0.400000 0.237873 -1.336833 -0.094097 -4.042737 0.400000 -2.705903 0.400000 2.602162   0  -1  -1 
2455513.504562 -6.158830 0.276506 1.000000 0.400000 0.237873 -0.088126 1.643381 -0.731507 0.400000 -0.643381 0.400000 2.602162   0  -1  -1 
2455513.510244 -6.153148 0.276904 1.200000 0.400000 0.237873 -0.083700 1.649331 -0.533031 0.400000 -0.449331 0.400000 2.602162   0  -1  -1 
2455514.505835 -5.157557 0.346579 0.400000 0.300000 0.237873 0.759415 2.771728 -1.612313 0.300000 -2.371728 0.300000 2.602162   0  -1  -1 
2455514.511356 -5.152036 0.346966 0.800000 0.300000 0.237873 0.764426 2.778357 -1.213931 0.300000 -1.978357 0.300000 2.602162   0  -1  -1 
2455519.503938 -0.159454 0.696368 3.400000 0.500000 0.237873 0.663648 3.610388 0.453259 0.500000 -0.210388 0.500000 2.602162   0  -1  -1 
2455519.508811 -0.154581 0.696709 4.000000 0.500000 0.237873 0.656333 3.600193 1.056140 0.500000 0.399807 0.500000 2.602162   0  -1  -1 
2455523.508036 3.844644 0.976592 1.800000 0.400000 0.237873 -1.983996 -3.584724 3.400728 0.400000 5.384724 0.400000 2.602162   0  -1  -1 
2455523.513036 3.849644 0.976942 2.000000 0.400000 0.237873 -1.983716 -3.585999 3.602283 0.400000 5.585999 0.400000 2.602162   0  -1  -1 
2455524.521481 4.858089 0.047517 1.600000 0.300000 0.237873 -1.818294 -3.594583 3.376289 0.300000 5.194583 0.300000 2.602162   0  -1  -1 
2455524.526446 4.863054 0.047865 2.100000 0.300000 0.237873 -1.816986 -3.593603 3.876617 0.300000 5.693603 0.300000 2.602162   0  -1  -1 
2455653.900831 5.637128 0.102038 -0.800000 0.400000 0.237873 -1.560254 1.273757 -3.634011 0.400000 -2.073757 0.400000 2.602162   0  -1  -1 
2455653.906410 5.642707 0.102428 0.500000 0.400000 0.237873 -1.558037 1.271737 -2.329774 0.400000 -0.771737 0.400000 2.602162   0  -1  -1 
2455654.900357 6.636654 0.171989 0.800000 0.400000 0.237873 -1.084344 0.483078 -0.767422 0.400000 0.316922 0.400000 2.602162   0  -1  -1 
2455654.905936 6.642233 0.172379 1.300000 0.400000 0.237873 -1.081252 0.476759 -0.258011 0.400000 0.823241 0.400000 2.602162   0  -1  -1 
2455657.909222 -4.643404 0.382562 -0.300000 0.300000 0.237873 1.236802 -0.412656 1.349458 0.300000 0.112656 0.300000 2.602162   0  -1  -1 
2455657.914813 -4.637813 0.382953 -0.700000 0.300000 0.237873 1.242083 -0.408799 0.950881 0.300000 -0.291201 0.300000 2.602162   0  -1  -1 
2455659.907949 -2.644677 0.522441 0.500000 0.400000 0.237873 2.792770 1.019966 2.272804 0.400000 -0.519966 0.400000 2.602162   0  -1  -1 
2455659.913540 -2.639086 0.522833 -0.700000 0.400000 0.237873 2.794483 1.021987 1.072496 0.400000 -1.721987 0.400000 2.602162   0  -1  -1 
2455660.901884 -1.650742 0.592001 -0.600000 0.300000 0.237873 2.595954 0.903543 1.092411 0.300000 -1.503543 0.300000 2.602162   0  -1  -1 
2455662.902485 0.349859 0.732012 -0.700000 0.500000 0.237873 -0.065076 -1.513052 0.747976 0.500000 0.813052 0.500000 2.602162   0  -1  -1 
2455662.908180 0.355554 0.732410 -1.100000 0.500000 0.237873 -0.072690 -1.519894 0.347205 0.500000 0.419894 0.500000 2.602162   0  -1  -1 
2455663.839263 1.286637 0.797572 -2.700000 0.900000 0.237873 -1.103450 -2.421844 -1.381605 0.900000 -0.278156 0.900000 2.602162   0  -1  -1 
2455672.897729 -3.943821 0.431522 -0.000000 0.300000 0.237873 1.894542 1.931896 -0.037355 0.300000 -1.931896 0.300000 2.602162   0  -1  -1 
2455672.902775 -3.938775 0.431875 0.100000 0.300000 0.237873 1.899159 1.937331 0.061828 0.300000 -1.837331 0.300000 2.602162   0  -1  -1 
2455675.905453 -0.936097 0.642015 -2.200000 0.200000 0.237873 1.815800 2.368846 -2.753046 0.200000 -4.568846 0.200000 2.602162   0  -1  -1 
2455679.879903 3.038353 0.920164 -3.400000 0.300000 0.237873 -1.946448 -0.570946 -4.775502 0.300000 -2.829054 0.300000 2.602162   0  -1  -1 
2455679.885123 3.043573 0.920530 -4.100000 0.300000 0.237873 -1.947267 -0.570525 -5.476742 0.300000 -3.529475 0.300000 2.602162   0  -1  -1 
2455712.893679 -6.814641 0.230610 0.600000 0.300000 0.237873 -0.566976 0.682166 -0.649142 0.300000 -0.082166 0.300000 2.602162   0  -1  -1 
2455715.864679 -3.843641 0.438533 4.700000 0.700000 0.237873 1.985464 4.002257 2.683208 0.700000 0.697743 0.700000 2.602162   0  -1  -1 
2455715.867376 -3.840944 0.438722 4.200000 0.700000 0.237873 1.987889 4.005473 2.182416 0.700000 0.194527 0.700000 2.602162   0  -1  -1 
2455715.869992 -3.838328 0.438905 4.600000 0.700000 0.237873 1.990239 4.008591 2.581648 0.700000 0.591409 0.700000 2.602162   0  -1  -1 
2455715.872747 -3.835573 0.439097 4.200000 0.700000 0.237873 1.992713 4.011874 2.180839 0.700000 0.188126 0.700000 2.602162   0  -1  -1 
2455735.809170 1.811927 0.834334 -3.700000 0.300000 0.237873 -1.491720 -2.103190 -3.088530 0.300000 -1.596810 0.300000 2.602162   0  -1  -1 
2455754.777241 6.491074 0.161800 2.200000 0.500000 0.237873 -1.163346 1.493724 -0.457070 0.500000 0.706276 0.500000 2.602162   0  -1  -1 
2455755.755721 -6.819369 0.230279 1.000000 0.400000 0.237873 -0.570195 0.680137 -0.250332 0.400000 0.319863 0.400000 2.602162   0  -1  -1 
2455769.736300 -7.127714 0.208699 -1.000000 0.300000 0.237873 -0.772820 -1.329073 -0.443747 0.300000 0.329073 0.300000 2.602162   0  -1  -1 
2455769.742075 -7.121939 0.209104 -1.400000 0.400000 0.237873 -0.769157 -1.324546 -0.844611 0.400000 -0.075454 0.400000 2.602162   0  -1  -1 
2455776.628483 -0.235531 0.691044 0.200000 0.400000 0.237873 0.778324 1.340758 -0.362434 0.400000 -1.140758 0.400000 2.602162   0  -1  -1 
2455782.624998 5.760984 0.110706 1.200000 0.400000 0.237873 -1.509857 0.404592 -0.714449 0.400000 0.795408 0.400000 2.602162   0  -1  -1 
2455784.737667 -6.415270 0.258559 4.400000 0.300000 0.237873 -0.282973 2.285069 1.831958 0.300000 2.114931 0.300000 2.602162   0  -1  -1 
2455801.526698 -3.915163 0.433527 0.600000 0.600000 0.237873 1.920713 1.102547 1.418167 0.600000 -0.502547 0.600000 2.602162   0  -1  -1 
2455801.531628 -3.910233 0.433872 -0.100000 0.600000 0.237873 1.925203 1.107762 0.717442 0.600000 -1.207762 0.600000 2.602162   0  -1  -1 
2455804.632333 -0.809528 0.650873 -1.800000 0.600000 0.237873 1.638347 1.284284 -1.445937 0.600000 -3.084284 0.600000 2.602162   0  -1  -1 
2455804.637669 -0.804192 0.651247 -1.100000 0.500000 0.237873 1.630701 1.277453 -0.746752 0.500000 -2.377453 0.500000 2.602162   0  -1  -1 
2455807.626267 2.184406 0.860401 0.400000 0.500000 0.237873 -1.690617 -1.571666 0.281049 0.500000 1.971666 0.500000 2.602162   0  -1  -1 
2455807.631162 2.189301 0.860744 0.500000 0.400000 0.237873 -1.692845 -1.573087 0.380243 0.400000 2.073087 0.400000 2.602162   0  -1  -1 
2455810.581550 5.139689 0.067225 -2.800000 0.400000 0.237873 -1.737089 -1.101302 -3.435786 0.400000 -1.698698 0.400000 2.602162   0  -1  -1 
2455810.586723 5.144862 0.067587 -1.900000 0.400000 0.237873 -1.735466 -1.098711 -2.536755 0.400000 -0.801289 0.400000 2.602162   0  -1  -1 
2455816.587002 -3.143782 0.487512 1.700000 0.500000 0.237873 2.544923 4.576578 -0.331655 0.500000 -2.876578 0.500000 2.602162   0  -1  -1 
2455816.590578 -3.140206 0.487762 2.400000 0.400000 0.237873 2.547271 4.579980 0.367291 0.400000 -2.179980 0.400000 2.602162   0  -1  -1 
2455816.594154 -3.136630 0.488013 1.900000 0.400000 0.237873 2.549612 4.583376 -0.133764 0.400000 -2.683376 0.400000 2.602162   0  -1  -1 
2455834.622073 0.602366 0.749683 -2.700000 0.300000 0.237873 -0.388394 -1.274361 -1.814032 0.300000 -1.425639 0.300000 2.602162   0  -1  -1 
2455834.627593 0.607886 0.750070 -3.600000 0.300000 0.237873 -0.395122 -1.280281 -2.714841 0.300000 -2.319719 0.300000 2.602162   0  -1  -1 
2455836.585712 2.566005 0.887107 -4.400000 0.300000 0.237873 -1.836532 -2.432387 -3.804145 0.300000 -1.967613 0.300000 2.602162   0  -1  -1 
2455836.591440 2.571733 0.887508 -5.300000 0.300000 0.237873 -1.838312 -2.433313 -4.704999 0.300000 -2.866687 0.300000 2.602162   0  -1  -1 
2455839.585007 5.565300 0.097011 -3.100000 0.500000 0.237873 -1.588336 -1.726298 -2.962039 0.500000 -1.373702 0.500000 2.602162   0  -1  -1 
2455839.590794 5.571087 0.097416 -2.800000 0.500000 0.237873 -1.586105 -1.723157 -2.662949 0.500000 -1.076843 0.500000 2.602162   0  -1  -1 
2455842.549547 -5.759084 0.304482 2.500000 0.500000 0.237873 0.234464 0.584135 2.150330 0.500000 1.915865 0.500000 2.602162   0  -1  -1 
2455842.555033 -5.753598 0.304866 2.700000 0.400000 0.237873 0.239046 0.589668 2.349378 0.400000 2.110332 0.400000 2.602162   0  -1  -1 
2455845.575633 -2.732998 0.516260 5.300000 0.500000 0.237873 2.762225 3.678480 4.383745 0.500000 1.621520 0.500000 2.602162   0  -1  -1 
2455845.581258 -2.727373 0.516654 5.100000 0.500000 0.237873 2.764362 3.681764 4.182598 0.500000 1.418236 0.500000 2.602162   0  -1  -1 
2455870.498785 -6.387693 0.260489 -3.100000 0.400000 0.237873 -0.262484 -0.805159 -2.557325 0.400000 -2.294841 0.400000 2.602162   0  -1  -1 
2455870.504422 -6.382056 0.260884 -2.300000 0.400000 0.237873 -0.258282 -0.800113 -1.758169 0.400000 -1.499887 0.400000 2.602162   0  -1  -1 
2455874.532217 -2.354261 0.542766 1.300000 0.500000 0.237873 2.843696 2.928414 1.215282 0.500000 -1.628414 0.500000 2.602162   0  -1  -1 
2455874.537437 -2.349041 0.543131 3.300000 0.700000 0.237873 2.843860 2.929432 3.214428 0.700000 0.370568 0.700000 2.602162   0  -1  -1 
2455878.549549 1.663071 0.823916 3.500000 0.700000 0.237873 -1.395098 -0.595613 2.700515 0.700000 4.095613 0.700000 2.602162   0  -1  -1 
2455878.554965 1.668487 0.824295 5.200000 0.700000 0.237873 -1.398794 -0.598244 4.399450 0.700000 5.798244 0.700000 2.602162   0  -1  -1 
2456020.892743 1.117031 0.785702 3.600000 0.400000 0.237873 -0.948808 2.015658 0.635534 0.400000 1.584342 0.400000 2.602162   0  -1  -1 
2456020.898160 1.122448 0.786081 3.600000 0.400000 0.237873 -0.953977 2.012019 0.634004 0.400000 1.587981 0.400000 2.602162   0  -1  -1 
2456022.889397 3.113685 0.925436 -0.500000 0.500000 0.237873 -1.957482 0.973290 -3.430772 0.500000 -1.473290 0.500000 2.602162   0  -1  -1 
2456022.894884 3.119172 0.925820 -1.400000 0.600000 0.237873 -1.958221 0.969166 -4.327386 0.600000 -2.369166 0.600000 2.602162   0  -1  -1 
2456024.891353 5.115641 0.065542 -3.100000 0.400000 0.237873 -1.744571 -1.647545 -3.197027 0.400000 -1.452455 0.400000 2.602162   0  -1  -1 
2456024.897048 5.121336 0.065940 -2.600000 0.400000 0.237873 -1.742808 -1.654638 -2.688170 0.400000 -0.945362 0.400000 2.602162   0  -1  -1 
2456028.922257 -5.142378 0.347642 0.500000 0.300000 0.237873 0.773197 -1.005506 2.278703 0.300000 1.505506 0.300000 2.602162   0  -1  -1 
2456029.892891 -4.171744 0.415571 0.500000 0.500000 0.237873 1.682902 -0.023255 2.206157 0.500000 0.523255 0.500000 2.602162   0  -1  -1 
2456029.898354 -4.166281 0.415953 0.000000 0.500000 0.237873 1.688031 -0.017598 1.705629 0.500000 0.017598 0.500000 2.602162   0  -1  -1 
2456031.852968 -2.211667 0.552745 1.300000 0.400000 0.237873 2.837923 1.365797 2.772126 0.400000 -0.065797 0.400000 2.602162   0  -1  -1 
2456052.857065 4.503506 0.022702 -2.600000 0.400000 0.237873 -1.899837 0.557605 -5.057442 0.400000 -3.157605 0.400000 2.602162   0  -1  -1 
2456052.862482 4.508923 0.023081 -1.800000 0.400000 0.237873 -1.898772 0.560429 -4.259202 0.400000 -2.360429 0.400000 2.602162   0  -1  -1 
2456053.851639 5.498080 0.092306 -3.000000 0.400000 0.237873 -1.613849 1.168070 -5.781919 0.400000 -4.168070 0.400000 2.602162   0  -1  -1 
2456053.857114 5.503555 0.092690 0.900000 0.400000 0.237873 -1.611799 1.171874 -1.883673 0.400000 -0.271874 0.400000 2.602162   0  -1  -1 
2456054.839916 6.486357 0.161470 -2.200000 0.300000 0.237873 -1.165851 1.899264 -5.265115 0.300000 -4.099264 0.300000 2.602162   0  -1  -1 
2456055.886865 -6.755617 0.234740 -0.400000 0.300000 0.237873 -0.526509 2.613150 -3.539659 0.300000 -3.013150 0.300000 2.602162   0  -1  -1 
2456056.818146 -5.824336 0.299915 2.000000 0.400000 0.237873 0.180283 2.812094 -0.631811 0.400000 -0.812094 0.400000 2.602162   0  -1  -1 
2456056.823714 -5.818768 0.300305 1.800000 0.400000 0.237873 0.184884 2.811097 -0.826213 0.400000 -1.011097 0.400000 2.602162   0  -1  -1 
2456078.843392 1.911986 0.841336 2.600000 0.300000 0.237873 -1.551021 -0.951794 2.000773 0.300000 3.551794 0.300000 2.602162   0  -1  -1 
2456078.849075 1.917669 0.841734 2.300000 0.300000 0.237873 -1.554256 -0.953976 1.699719 0.300000 3.253976 0.300000 2.602162   0  -1  -1 
2456081.832748 4.901342 0.050544 0.600000 0.400000 0.237873 -1.806744 -0.600708 -0.606036 0.400000 1.200708 0.400000 2.602162   0  -1  -1 
2456081.838651 4.907245 0.050957 0.300000 0.300000 0.237873 -1.805142 -0.597781 -0.907361 0.300000 0.897781 0.300000 2.602162   0  -1  -1 
2456085.820521 -5.399808 0.329626 3.400000 0.400000 0.237873 0.542783 2.810455 1.132328 0.400000 0.589545 0.400000 2.602162   0  -1  -1 
2456085.826250 -5.394079 0.330027 4.100000 0.500000 0.237873 0.547830 2.817299 1.830531 0.500000 1.282701 0.500000 2.602162   0  -1  -1 
2456088.742747 -2.477582 0.534135 5.500000 0.300000 0.237873 2.831866 5.963052 2.368814 0.300000 -0.463052 0.300000 2.602162   0  -1  -1 
2456092.900369 1.680040 0.825104 -0.000000 0.300000 0.237873 -1.406631 -2.400382 0.993751 0.300000 2.400382 0.300000 2.602162   0  -1  -1 
2456115.815540 -3.982636 0.428805 3.600000 0.400000 0.237873 1.858910 3.161959 2.296951 0.400000 0.438041 0.400000 2.602162   0  -1  -1 
2456118.809984 -0.988192 0.638369 6.100000 0.300000 0.237873 1.886366 3.979762 4.006604 0.300000 2.120238 0.300000 2.602162   0  -1  -1 
2456121.820367 2.022191 0.849049 2.900000 0.700000 0.237873 -1.611261 1.421700 -0.132962 0.700000 1.478300 0.700000 2.602162   0  -1  -1 
2456149.686124 1.310101 0.799214 -1.200000 0.400000 0.237873 -1.123685 0.252901 -2.576586 0.400000 -1.452901 0.400000 2.602162   0  -1  -1 
2456154.723489 6.347466 0.151750 5.400000 0.400000 0.237873 -1.238079 1.607193 2.554727 0.400000 3.792807 0.400000 2.602162   0  -1  -1 
2456154.728442 6.352419 0.152097 6.200000 0.600000 0.237873 -1.235555 1.611264 3.353181 0.600000 4.588736 0.600000 2.602162   0  -1  -1 
2456166.527551 3.862605 0.977849 -4.500000 0.300000 0.237873 -1.982963 -3.394655 -3.088307 0.300000 -1.105345 0.300000 2.602162   0  -1  -1 
2456168.609469 5.944523 0.123550 -4.900000 0.500000 0.237873 -1.430642 -2.547389 -3.783253 0.500000 -2.352611 0.500000 2.602162   0  -1  -1 
2456168.615105 5.950159 0.123945 -4.000000 0.400000 0.237873 -1.428125 -2.544057 -2.884068 0.400000 -1.455943 0.400000 2.602162   0  -1  -1 
2456171.510563 -5.443307 0.326581 1.200000 0.300000 0.237873 0.504592 -0.187540 1.892132 0.300000 1.387540 0.300000 2.602162   0  -1  -1 
2456173.694840 -3.259030 0.479446 5.800000 0.400000 0.237873 2.465722 2.101383 6.164339 0.400000 3.698617 0.400000 2.602162   0  -1  -1 
2456181.612869 4.658999 0.033584 2.900000 0.300000 0.237873 -1.867010 -0.854553 1.887543 0.300000 3.754553 0.300000 2.602162   0  -1  -1 
2456186.623747 -4.619046 0.384267 7.200000 0.300000 0.237873 1.259815 3.568899 4.890916 0.300000 3.631101 0.300000 2.602162   0  -1  -1 
2456189.666838 -1.575955 0.597235 6.100000 0.900000 0.237873 2.536970 5.695301 2.941668 0.900000 0.404699 0.900000 2.602162   0  -1  -1 
2456190.592865 -0.649928 0.662043 3.100000 0.400000 0.237873 1.405129 4.383524 0.121605 0.400000 -1.283524 0.400000 2.602162   0  -1  -1 
2456190.598548 -0.644245 0.662440 2.100000 0.400000 0.237873 1.396677 4.372012 -0.875335 0.400000 -2.272012 0.400000 2.602162   0  -1  -1 
2456195.586272 4.343479 0.011503 1.700000 0.500000 0.237873 -1.928660 -3.699067 3.470407 0.500000 5.399067 0.500000 2.602162   0  -1  -1 
2456195.591793 4.349000 0.011889 1.200000 0.500000 0.237873 -1.927751 -3.698596 2.970845 0.500000 4.898596 0.500000 2.602162   0  -1  -1 
2456198.564091 -6.967626 0.219903 8.300000 0.600000 0.237873 -0.669415 -2.278798 9.909383 0.600000 10.578798 0.600000 2.602162   0  -1  -1 
2456198.569866 -6.961851 0.220307 8.700000 0.600000 0.237873 -0.665613 -2.274304 10.308691 0.600000 10.974304 0.600000 2.602162   0  -1  -1 
2456204.547188 -0.984529 0.638626 3.800000 0.400000 0.237873 1.881456 1.112378 4.569079 0.400000 2.687622 0.400000 2.602162   0  -1  -1 
2456205.523197 -0.008520 0.706931 0.900000 0.200000 0.237873 0.439396 -0.185122 1.524519 0.200000 1.085122 0.200000 2.602162   0  -1  -1 
2456208.615737 3.084020 0.923360 -0.500000 0.500000 0.237873 -1.953338 -2.107003 -0.346335 0.500000 1.607003 0.500000 2.602162   0  -1  -1 
2456209.540800 4.009083 0.988100 2.500000 0.500000 0.237873 -1.971778 -1.978500 2.506723 0.500000 4.478500 0.500000 2.602162   0  -1  -1 
2456210.532155 5.000438 0.057479 2.300000 0.400000 0.237873 -1.779009 -1.623894 2.144885 0.400000 3.923894 0.400000 2.602162   0  -1  -1 
2456212.523498 6.991781 0.196842 7.600000 0.200000 0.237873 -0.878023 -0.379120 7.101097 0.200000 7.979120 0.200000 2.602162   0  -1  -1 
2456217.523649 -2.296991 0.546774 8.100000 0.400000 0.237873 2.843953 4.397641 6.546312 0.400000 3.702359 0.400000 2.602162   0  -1  -1 
2456217.529482 -2.291158 0.547182 9.800000 0.400000 0.237873 2.843787 4.398948 8.244839 0.400000 5.401052 0.400000 2.602162   0  -1  -1 
2456218.587951 -1.232689 0.621258 9.400000 0.400000 0.237873 2.193151 4.028541 7.564611 0.400000 5.371459 0.400000 2.602162   0  -1  -1 
2456219.500319 -0.320321 0.685110 8.400000 0.200000 0.237873 0.906915 3.005880 6.301035 0.200000 5.394120 0.200000 2.602162   0  -1  -1 
2456220.491327 0.670687 0.754465 6.000000 0.400000 0.237873 -0.470603 1.937640 3.591756 0.400000 4.062360 0.400000 2.602162   0  -1  -1 
2456220.514069 0.693429 0.756056 5.400000 0.300000 0.237873 -0.497449 1.918130 2.984420 0.300000 3.481870 0.300000 2.602162   0  -1  -1 
2456409.867093 4.290448 0.007791 2.600000 0.600000 0.237873 -1.937069 -2.105176 2.768107 0.600000 4.705176 0.600000 2.602162   0  -1  -1 
2456409.872719 4.296074 0.008185 2.400000 0.600000 0.237873 -1.936204 -2.103431 2.567227 0.600000 4.503431 0.600000 2.602162   0  -1  -1 
2456410.795661 5.219016 0.072776 4.100000 3.300000 0.237873 -1.711695 -1.732657 4.120962 3.300000 5.832657 3.300000 2.602162   0  -1  -1 
2456410.804261 5.227616 0.073378 8.100000 2.400000 0.237873 -1.708877 -1.728460 8.119583 2.400000 9.828460 2.400000 2.602162   0  -1  -1 
2456416.824768 -3.040800 0.494719 5.500000 0.600000 0.237873 2.609669 3.688257 4.421413 0.600000 1.811743 0.600000 2.602162   0  -1  -1 
2456416.828565 -3.037003 0.494985 7.100000 0.500000 0.237873 2.611938 3.691342 6.020596 0.500000 3.408658 0.500000 2.602162   0  -1  -1 
2456416.832443 -3.033125 0.495256 6.300000 0.600000 0.237873 2.614247 3.694484 5.219763 0.600000 2.605516 0.600000 2.602162   0  -1  -1 
2456432.884915 -1.269576 0.618677 3.100000 0.400000 0.237873 2.235397 0.560221 4.775176 0.400000 2.539779 0.400000 2.602162   0  -1  -1 
2456432.890124 -1.264367 0.619041 2.800000 0.500000 0.237873 2.229502 0.554881 4.474622 0.500000 2.245119 0.500000 2.602162   0  -1  -1 
2456433.905268 -0.249223 0.690086 5.500000 0.700000 0.237873 0.799045 -0.755984 7.055030 0.700000 6.255984 0.700000 2.602162   0  -1  -1 
2456433.910395 -0.244096 0.690444 3.600000 0.800000 0.237873 0.791284 -0.763095 5.154379 0.800000 4.363095 0.800000 2.602162   0  -1  -1 
2456434.892458 0.737967 0.759173 2.200000 0.500000 0.237873 -0.549265 -1.973718 3.624453 0.500000 4.173718 0.500000 2.602162   0  -1  -1 
2456434.898129 0.743638 0.759570 3.800000 0.500000 0.237873 -0.555791 -1.979469 5.223678 0.500000 5.779469 0.500000 2.602162   0  -1  -1 
2456437.889188 3.734697 0.968897 0.400000 0.400000 0.237873 -1.988672 -2.986198 1.397527 0.400000 3.386198 0.400000 2.602162   0  -1  -1 
2456437.894720 3.740229 0.969284 0.800000 0.400000 0.237873 -1.988505 -2.985226 1.796721 0.400000 3.785226 0.400000 2.602162   0  -1  -1 
2456438.860772 4.706281 0.036893 0.900000 0.300000 0.237873 -1.856111 -2.711577 1.755466 0.300000 3.611577 0.300000 2.602162   0  -1  -1 
2456441.860316 -6.583099 0.246814 0.200000 0.400000 0.237873 -0.405229 -0.814066 0.608837 0.400000 1.014066 0.400000 2.602162   0  -1  -1 
2456454.832361 6.388946 0.154653 2.300000 0.400000 0.237873 -1.216820 1.013991 0.069188 0.400000 1.286009 0.400000 2.602162   0  -1  -1 
2456454.837894 6.394479 0.155040 3.200000 0.400000 0.237873 -1.213965 1.018568 0.967468 0.400000 2.181432 0.400000 2.602162   0  -1  -1 
2456467.823190 5.090852 0.063807 -0.600000 0.600000 0.237873 -1.752179 -3.260652 0.908473 0.600000 2.660652 0.600000 2.602162   0  -1  -1 
2456467.826929 5.094591 0.064069 1.000000 0.600000 0.237873 -1.751038 -3.259020 2.507982 0.600000 4.259020 0.600000 2.602162   0  -1  -1 
2456467.830702 5.098364 0.064333 0.400000 0.600000 0.237873 -1.749885 -3.257372 1.907487 0.600000 3.657372 0.600000 2.602162   0  -1  -1 
2456473.860840 -3.160422 0.486347 1.900000 0.500000 0.237873 2.533907 1.891474 2.542433 0.500000 0.008526 0.500000 2.602162   0  -1  -1 
2456473.864821 -3.156441 0.486626 1.400000 0.500000 0.237873 2.536556 1.894714 2.041842 0.500000 -0.494714 0.500000 2.602162   0  -1  -1 
2456473.868595 -3.152667 0.486890 0.700000 0.500000 0.237873 2.539059 1.897779 1.341281 0.500000 -1.197779 0.500000 2.602162   0  -1  -1 
2456480.776552 3.755290 0.970339 0.100000 0.500000 0.237873 -1.988014 -1.525895 -0.362119 0.500000 1.625895 0.500000 2.602162   0  -1  -1 
2456480.782281 3.761019 0.970740 -1.300000 0.500000 0.237873 -1.987813 -1.524671 -1.763142 0.500000 0.224671 0.500000 2.602162   0  -1  -1 
2456481.631506 4.610244 0.030172 -1.100000 0.600000 0.237873 -1.877804 -1.259813 -1.717991 0.600000 0.159813 0.600000 2.602162   0  -1  -1 
2456481.637189 4.615927 0.030570 -1.400000 0.600000 0.237873 -1.876569 -1.257520 -2.019050 0.600000 -0.142480 0.600000 2.602162   0  -1  -1 
2456501.599929 -3.999180 0.427648 5.300000 0.300000 0.237873 1.843663 0.364229 6.779434 0.300000 4.935771 0.300000 2.602162   0  -1  -1 
2456523.744316 3.856284 0.977407 1.600000 0.300000 0.237873 -1.983335 0.827606 -1.210941 0.300000 0.772394 0.300000 2.602162   0  -1  -1 
2456524.691276 4.803244 0.043679 2.200000 0.400000 0.237873 -1.832449 1.243783 -0.876232 0.400000 0.956217 0.400000 2.602162   0  -1  -1 
2456524.696693 4.808661 0.044058 1.600000 0.400000 0.237873 -1.831075 1.246339 -1.477415 0.400000 0.353661 0.400000 2.602162   0  -1  -1 
2456525.743740 5.855708 0.117335 1.700000 0.300000 0.237873 -1.469646 1.659978 -1.429624 0.300000 0.040022 0.300000 2.602162   0  -1  -1 
2456569.534062 6.779260 0.181969 1.500000 0.500000 0.237873 -1.003807 -2.371359 2.867552 0.500000 3.871359 0.500000 2.602162   0  -1  -1 
2456585.564665 -5.767984 0.303859 4.800000 0.400000 0.237873 0.227040 1.517938 3.509102 0.400000 3.282062 0.400000 2.602162   0  -1  -1 
2456585.568473 -5.764176 0.304126 3.600000 0.400000 0.237873 0.230215 1.521992 2.308223 0.400000 2.078008 0.400000 2.602162   0  -1  -1 
2456585.572350 -5.760299 0.304397 3.900000 0.400000 0.237873 0.233450 1.526122 2.607328 0.400000 2.373878 0.400000 2.602162   0  -1  -1 
2456586.547688 -4.784961 0.372655 3.500000 0.500000 0.237873 1.103569 2.630652 1.972917 0.500000 0.869348 0.500000 2.602162   0  -1  -1 
2456586.551530 -4.781119 0.372924 3.300000 0.500000 0.237873 1.107172 2.635216 1.771955 0.500000 0.664784 0.500000 2.602162   0  -1  -1 
2456586.555442 -4.777207 0.373198 2.500000 0.500000 0.237873 1.110841 2.639865 0.970976 0.500000 -0.139865 0.500000 2.602162   0  -1  -1 
2456590.510961 -0.821688 0.650022 4.600000 0.700000 0.237873 1.655726 4.354503 1.901223 0.700000 0.245497 0.700000 2.602162   0  -1  -1 
2456590.514943 -0.817706 0.650301 6.200000 0.800000 0.237873 1.650042 4.350118 3.499924 0.800000 1.849882 0.800000 2.602162   0  -1  -1 
2456590.518611 -0.814038 0.650557 5.400000 0.600000 0.237873 1.644800 4.346072 2.698728 0.600000 1.053928 0.600000 2.602162   0  -1  -1 
2456765.917789 3.118059 0.925742 -0.600000 0.400000 0.237873 -1.958071 -3.715391 1.157319 0.400000 3.115391 0.400000 2.602162   0  -1  -1 
2456765.923021 3.123291 0.926109 -1.300000 0.400000 0.237873 -1.958769 -3.716636 0.457867 0.400000 2.416636 0.400000 2.602162   0  -1  -1 
2456789.854143 -1.523434 0.600911 6.600000 0.400000 0.237873 2.491961 4.555167 4.536793 0.400000 2.044833 0.400000 2.602162   0  -1  -1 
2456789.859722 -1.517855 0.601301 6.500000 0.400000 0.237873 2.487009 4.551876 4.435134 0.400000 1.948124 0.400000 2.602162   0  -1  -1 
2456806.890179 1.223678 0.793166 0.300000 0.400000 0.237873 -1.047770 -2.064059 1.316289 0.400000 2.364059 0.400000 2.602162   0  -1  -1 
2456829.893363 -4.350985 0.403027 2.700000 0.300000 0.237873 1.513753 2.228374 1.985380 0.300000 0.471626 0.300000 2.602162   0  -1  -1 
2456857.748704 -5.073490 0.352463 3.900000 0.500000 0.237873 0.836028 3.138702 1.597326 0.500000 0.761298 0.500000 2.602162   0  -1  -1 
2456857.754433 -5.067761 0.352864 4.500000 0.400000 0.237873 0.841274 3.145759 2.195515 0.400000 1.354241 0.400000 2.602162   0  -1  -1 
2456866.784629 3.962435 0.984835 -1.700000 0.400000 0.237873 -1.975867 -3.750277 0.074411 0.400000 2.050277 0.400000 2.602162   0  -1  -1 
2456896.727940 5.327899 0.080396 1.700000 0.500000 0.237873 -1.675082 -0.469120 0.494038 0.500000 2.169120 0.500000 2.602162   0  -1  -1 
2456896.733287 5.333246 0.080771 2.200000 0.700000 0.237873 -1.673232 -0.476648 1.003416 0.700000 2.676648 0.700000 2.602162   0  -1  -1 
2457146.919889 -1.680774 0.589900 2.200000 0.300000 0.237873 2.617918 2.263413 2.554505 0.300000 -0.063413 0.300000 15.593596   1  -1  -1 
2457176.844500 -0.334010 0.684152 13.800000 0.200000 0.237873 0.927721 0.031788 14.695933 0.200000 13.768212 0.200000 15.593596   1  -1  -1 
2457180.950532 3.772022 0.971510 9.400000 0.300000 0.237873 -1.987406 -2.269347 9.681941 0.300000 11.669347 0.300000 15.593596   1  -1  -1 
2457180.956053 3.777543 0.971896 8.200000 0.300000 0.237873 -1.987190 -2.268281 8.481091 0.300000 10.468281 0.300000 15.593596   1  -1  -1 
2457257.708144 -5.203906 0.343336 19.900000 0.500000 0.237873 0.717476 2.248373 18.369103 0.500000 17.651627 0.500000 15.593596   1  -1  -1 
2457257.713815 -5.198235 0.343733 19.800000 0.500000 0.237873 0.722596 2.254914 18.267682 0.500000 17.545086 0.500000 15.593596   1  -1  -1 
2457307.523708 1.744887 0.829642 17.100000 0.300000 0.237873 -1.449468 -2.854390 18.504922 0.300000 19.954390 0.300000 15.593596   1  -1  -1 
2457307.529113 1.750292 0.830020 16.800000 0.300000 0.237873 -1.452950 -2.857129 18.204179 0.300000 19.657129 0.300000 15.593596   1  -1  -1 
2457675.588735 -1.702095 0.588407 22.800000 0.300000 0.237873 2.632905 1.086120 24.346785 0.300000 21.713880 0.300000 15.593596   1  -1  -1 
2457879.840329 2.504571 0.882808 14.300000 0.400000 0.237873 -1.816701 -2.960791 15.444091 0.400000 17.260791 0.400000 15.593596   1  -1  -1 
2457943.770578 -5.009797 0.356920 20.000000 0.200000 0.237873 0.894514 -0.687004 21.581518 0.200000 20.687004 0.200000 15.593596   1  -1  -1 
2457968.637355 5.568056 0.097204 16.000000 0.400000 0.237873 -1.587274 1.554527 12.858199 0.400000 14.445473 0.400000 15.593596   1  -1  -1 
