# Tref_folded model 
-1.500000 2.653087 
-1.499000 2.660899 
-1.498000 2.668575 
-1.497000 2.676115 
-1.496000 2.683516 
-1.495000 2.690776 
-1.494000 2.697893 
-1.493000 2.704866 
-1.492000 2.711692 
-1.491000 2.718370 
-1.490000 2.724897 
-1.489000 2.731272 
-1.488000 2.737493 
-1.487000 2.743558 
-1.486000 2.749465 
-1.485000 2.755212 
-1.484000 2.760797 
-1.483000 2.766219 
-1.482000 2.771475 
-1.481000 2.776563 
-1.480000 2.781483 
-1.479000 2.786231 
-1.478000 2.790806 
-1.477000 2.795206 
-1.476000 2.799430 
-1.475000 2.803475 
-1.474000 2.807341 
-1.473000 2.811024 
-1.472000 2.814523 
-1.471000 2.817836 
-1.470000 2.820963 
-1.469000 2.823900 
-1.468000 2.826647 
-1.467000 2.829201 
-1.466000 2.831561 
-1.465000 2.833725 
-1.464000 2.835692 
-1.463000 2.837460 
-1.462000 2.839028 
-1.461000 2.840393 
-1.460000 2.841555 
-1.459000 2.842512 
-1.458000 2.843262 
-1.457000 2.843805 
-1.456000 2.844137 
-1.455000 2.844259 
-1.454000 2.844169 
-1.453000 2.843866 
-1.452000 2.843347 
-1.451000 2.842613 
-1.450000 2.841661 
-1.449000 2.840491 
-1.448000 2.839102 
-1.447000 2.837492 
-1.446000 2.835660 
-1.445000 2.833606 
-1.444000 2.831328 
-1.443000 2.828825 
-1.442000 2.826097 
-1.441000 2.823142 
-1.440000 2.819960 
-1.439000 2.816550 
-1.438000 2.812912 
-1.437000 2.809044 
-1.436000 2.804946 
-1.435000 2.800618 
-1.434000 2.796059 
-1.433000 2.791268 
-1.432000 2.786245 
-1.431000 2.780990 
-1.430000 2.775503 
-1.429000 2.769782 
-1.428000 2.763828 
-1.427000 2.757642 
-1.426000 2.751221 
-1.425000 2.744568 
-1.424000 2.737680 
-1.423000 2.730560 
-1.422000 2.723206 
-1.421000 2.715620 
-1.420000 2.707800 
-1.419000 2.699748 
-1.418000 2.691463 
-1.417000 2.682947 
-1.416000 2.674200 
-1.415000 2.665222 
-1.414000 2.656013 
-1.413000 2.646575 
-1.412000 2.636908 
-1.411000 2.627013 
-1.410000 2.616891 
-1.409000 2.606542 
-1.408000 2.595968 
-1.407000 2.585169 
-1.406000 2.574146 
-1.405000 2.562902 
-1.404000 2.551436 
-1.403000 2.539750 
-1.402000 2.527845 
-1.401000 2.515723 
-1.400000 2.503385 
-1.399000 2.490833 
-1.398000 2.478067 
-1.397000 2.465091 
-1.396000 2.451904 
-1.395000 2.438509 
-1.394000 2.424907 
-1.393000 2.411101 
-1.392000 2.397092 
-1.391000 2.382882 
-1.390000 2.368473 
-1.389000 2.353865 
-1.388000 2.339064 
-1.387000 2.324070 
-1.386000 2.308885 
-1.385000 2.293511 
-1.384000 2.277951 
-1.383000 2.262206 
-1.382000 2.246280 
-1.381000 2.230174 
-1.380000 2.213891 
-1.379000 2.197433 
-1.378000 2.180802 
-1.377000 2.164002 
-1.376000 2.147035 
-1.375000 2.129903 
-1.374000 2.112609 
-1.373000 2.095155 
-1.372000 2.077545 
-1.371000 2.059780 
-1.370000 2.041865 
-1.369000 2.023800 
-1.368000 2.005590 
-1.367000 1.987237 
-1.366000 1.968743 
-1.365000 1.950113 
-1.364000 1.931348 
-1.363000 1.912451 
-1.362000 1.893426 
-1.361000 1.874275 
-1.360000 1.855001 
-1.359000 1.835608 
-1.358000 1.816098 
-1.357000 1.796474 
-1.356000 1.776739 
-1.355000 1.756897 
-1.354000 1.736950 
-1.353000 1.716901 
-1.352000 1.696754 
-1.351000 1.676510 
-1.350000 1.656175 
-1.349000 1.635750 
-1.348000 1.615238 
-1.347000 1.594643 
-1.346000 1.573967 
-1.345000 1.553214 
-1.344000 1.532387 
-1.343000 1.511489 
-1.342000 1.490522 
-1.341000 1.469490 
-1.340000 1.448395 
-1.339000 1.427242 
-1.338000 1.406032 
-1.337000 1.384769 
-1.336000 1.363455 
-1.335000 1.342095 
-1.334000 1.320689 
-1.333000 1.299242 
-1.332000 1.277757 
-1.331000 1.256236 
-1.330000 1.234682 
-1.329000 1.213097 
-1.328000 1.191486 
-1.327000 1.169850 
-1.326000 1.148192 
-1.325000 1.126516 
-1.324000 1.104823 
-1.323000 1.083117 
-1.322000 1.061400 
-1.321000 1.039675 
-1.320000 1.017945 
-1.319000 0.996212 
-1.318000 0.974478 
-1.317000 0.952746 
-1.316000 0.931020 
-1.315000 0.909300 
-1.314000 0.887590 
-1.313000 0.865893 
-1.312000 0.844210 
-1.311000 0.822544 
-1.310000 0.800897 
-1.309000 0.779271 
-1.308000 0.757670 
-1.307000 0.736094 
-1.306000 0.714547 
-1.305000 0.693030 
-1.304000 0.671546 
-1.303000 0.650096 
-1.302000 0.628684 
-1.301000 0.607310 
-1.300000 0.585977 
-1.299000 0.564686 
-1.298000 0.543441 
-1.297000 0.522242 
-1.296000 0.501092 
-1.295000 0.479992 
-1.294000 0.458944 
-1.293000 0.437951 
-1.292000 0.417013 
-1.291000 0.396132 
-1.290000 0.375311 
-1.289000 0.354550 
-1.288000 0.333851 
-1.287000 0.313217 
-1.286000 0.292648 
-1.285000 0.272146 
-1.284000 0.251712 
-1.283000 0.231348 
-1.282000 0.211056 
-1.281000 0.190836 
-1.280000 0.170690 
-1.279000 0.150619 
-1.278000 0.130625 
-1.277000 0.110708 
-1.276000 0.090871 
-1.275000 0.071114 
-1.274000 0.051438 
-1.273000 0.031845 
-1.272000 0.012335 
-1.271000 -0.007091 
-1.270000 -0.026430 
-1.269000 -0.045683 
-1.268000 -0.064848 
-1.267000 -0.083925 
-1.266000 -0.102913 
-1.265000 -0.121810 
-1.264000 -0.140616 
-1.263000 -0.159329 
-1.262000 -0.177951 
-1.261000 -0.196478 
-1.260000 -0.214911 
-1.259000 -0.233249 
-1.258000 -0.251492 
-1.257000 -0.269637 
-1.256000 -0.287686 
-1.255000 -0.305638 
-1.254000 -0.323491 
-1.253000 -0.341245 
-1.252000 -0.358899 
-1.251000 -0.376454 
-1.250000 -0.393909 
-1.249000 -0.411262 
-1.248000 -0.428515 
-1.247000 -0.445665 
-1.246000 -0.462714 
-1.245000 -0.479659 
-1.244000 -0.496502 
-1.243000 -0.513242 
-1.242000 -0.529878 
-1.241000 -0.546410 
-1.240000 -0.562838 
-1.239000 -0.579162 
-1.238000 -0.595381 
-1.237000 -0.611494 
-1.236000 -0.627503 
-1.235000 -0.643407 
-1.234000 -0.659205 
-1.233000 -0.674897 
-1.232000 -0.690483 
-1.231000 -0.705964 
-1.230000 -0.721338 
-1.229000 -0.736607 
-1.228000 -0.751769 
-1.227000 -0.766825 
-1.226000 -0.781774 
-1.225000 -0.796617 
-1.224000 -0.811354 
-1.223000 -0.825984 
-1.222000 -0.840508 
-1.221000 -0.854926 
-1.220000 -0.869237 
-1.219000 -0.883442 
-1.218000 -0.897540 
-1.217000 -0.911533 
-1.216000 -0.925419 
-1.215000 -0.939199 
-1.214000 -0.952874 
-1.213000 -0.966442 
-1.212000 -0.979905 
-1.211000 -0.993262 
-1.210000 -1.006514 
-1.209000 -1.019661 
-1.208000 -1.032702 
-1.207000 -1.045639 
-1.206000 -1.058471 
-1.205000 -1.071198 
-1.204000 -1.083821 
-1.203000 -1.096340 
-1.202000 -1.108755 
-1.201000 -1.121066 
-1.200000 -1.133274 
-1.199000 -1.145378 
-1.198000 -1.157380 
-1.197000 -1.169279 
-1.196000 -1.181075 
-1.195000 -1.192769 
-1.194000 -1.204361 
-1.193000 -1.215851 
-1.192000 -1.227240 
-1.191000 -1.238527 
-1.190000 -1.249714 
-1.189000 -1.260801 
-1.188000 -1.271787 
-1.187000 -1.282673 
-1.186000 -1.293459 
-1.185000 -1.304147 
-1.184000 -1.314735 
-1.183000 -1.325224 
-1.182000 -1.335616 
-1.181000 -1.345909 
-1.180000 -1.356104 
-1.179000 -1.366203 
-1.178000 -1.376204 
-1.177000 -1.386109 
-1.176000 -1.395917 
-1.175000 -1.405629 
-1.174000 -1.415246 
-1.173000 -1.424767 
-1.172000 -1.434194 
-1.171000 -1.443526 
-1.170000 -1.452764 
-1.169000 -1.461909 
-1.168000 -1.470959 
-1.167000 -1.479917 
-1.166000 -1.488782 
-1.165000 -1.497555 
-1.164000 -1.506236 
-1.163000 -1.514825 
-1.162000 -1.523324 
-1.161000 -1.531731 
-1.160000 -1.540048 
-1.159000 -1.548275 
-1.158000 -1.556412 
-1.157000 -1.564460 
-1.156000 -1.572420 
-1.155000 -1.580290 
-1.154000 -1.588073 
-1.153000 -1.595768 
-1.152000 -1.603375 
-1.151000 -1.610896 
-1.150000 -1.618330 
-1.149000 -1.625678 
-1.148000 -1.632940 
-1.147000 -1.640117 
-1.146000 -1.647209 
-1.145000 -1.654216 
-1.144000 -1.661138 
-1.143000 -1.667978 
-1.142000 -1.674733 
-1.141000 -1.681406 
-1.140000 -1.687995 
-1.139000 -1.694503 
-1.138000 -1.700928 
-1.137000 -1.707272 
-1.136000 -1.713535 
-1.135000 -1.719717 
-1.134000 -1.725819 
-1.133000 -1.731841 
-1.132000 -1.737783 
-1.131000 -1.743646 
-1.130000 -1.749430 
-1.129000 -1.755135 
-1.128000 -1.760763 
-1.127000 -1.766313 
-1.126000 -1.771785 
-1.125000 -1.777180 
-1.124000 -1.782499 
-1.123000 -1.787741 
-1.122000 -1.792908 
-1.121000 -1.797999 
-1.120000 -1.803015 
-1.119000 -1.807956 
-1.118000 -1.812823 
-1.117000 -1.817616 
-1.116000 -1.822335 
-1.115000 -1.826980 
-1.114000 -1.831553 
-1.113000 -1.836053 
-1.112000 -1.840481 
-1.111000 -1.844837 
-1.110000 -1.849122 
-1.109000 -1.853335 
-1.108000 -1.857478 
-1.107000 -1.861550 
-1.106000 -1.865552 
-1.105000 -1.869484 
-1.104000 -1.873346 
-1.103000 -1.877140 
-1.102000 -1.880865 
-1.101000 -1.884521 
-1.100000 -1.888109 
-1.099000 -1.891630 
-1.098000 -1.895083 
-1.097000 -1.898469 
-1.096000 -1.901788 
-1.095000 -1.905040 
-1.094000 -1.908227 
-1.093000 -1.911348 
-1.092000 -1.914403 
-1.091000 -1.917394 
-1.090000 -1.920319 
-1.089000 -1.923180 
-1.088000 -1.925977 
-1.087000 -1.928709 
-1.086000 -1.931379 
-1.085000 -1.933985 
-1.084000 -1.936528 
-1.083000 -1.939008 
-1.082000 -1.941426 
-1.081000 -1.943782 
-1.080000 -1.946077 
-1.079000 -1.948310 
-1.078000 -1.950481 
-1.077000 -1.952592 
-1.076000 -1.954643 
-1.075000 -1.956633 
-1.074000 -1.958563 
-1.073000 -1.960433 
-1.072000 -1.962245 
-1.071000 -1.963996 
-1.070000 -1.965690 
-1.069000 -1.967324 
-1.068000 -1.968900 
-1.067000 -1.970419 
-1.066000 -1.971879 
-1.065000 -1.973282 
-1.064000 -1.974628 
-1.063000 -1.975917 
-1.062000 -1.977150 
-1.061000 -1.978326 
-1.060000 -1.979446 
-1.059000 -1.980510 
-1.058000 -1.981518 
-1.057000 -1.982471 
-1.056000 -1.983369 
-1.055000 -1.984212 
-1.054000 -1.985001 
-1.053000 -1.985735 
-1.052000 -1.986416 
-1.051000 -1.987042 
-1.050000 -1.987615 
-1.049000 -1.988134 
-1.048000 -1.988600 
-1.047000 -1.989014 
-1.046000 -1.989375 
-1.045000 -1.989683 
-1.044000 -1.989940 
-1.043000 -1.990144 
-1.042000 -1.990297 
-1.041000 -1.990398 
-1.040000 -1.990448 
-1.039000 -1.990447 
-1.038000 -1.990395 
-1.037000 -1.990292 
-1.036000 -1.990140 
-1.035000 -1.989937 
-1.034000 -1.989684 
-1.033000 -1.989381 
-1.032000 -1.989030 
-1.031000 -1.988628 
-1.030000 -1.988178 
-1.029000 -1.987679 
-1.028000 -1.987131 
-1.027000 -1.986535 
-1.026000 -1.985890 
-1.025000 -1.985197 
-1.024000 -1.984457 
-1.023000 -1.983669 
-1.022000 -1.982833 
-1.021000 -1.981951 
-1.020000 -1.981021 
-1.019000 -1.980044 
-1.018000 -1.979021 
-1.017000 -1.977951 
-1.016000 -1.976835 
-1.015000 -1.975672 
-1.014000 -1.974464 
-1.013000 -1.973210 
-1.012000 -1.971910 
-1.011000 -1.970565 
-1.010000 -1.969175 
-1.009000 -1.967740 
-1.008000 -1.966260 
-1.007000 -1.964735 
-1.006000 -1.963165 
-1.005000 -1.961552 
-1.004000 -1.959894 
-1.003000 -1.958192 
-1.002000 -1.956446 
-1.001000 -1.954657 
-1.000000 -1.952824 
-0.999000 -1.950947 
-0.998000 -1.949028 
-0.997000 -1.947065 
-0.996000 -1.945059 
-0.995000 -1.943011 
-0.994000 -1.940920 
-0.993000 -1.938787 
-0.992000 -1.936611 
-0.991000 -1.934393 
-0.990000 -1.932134 
-0.989000 -1.929832 
-0.988000 -1.927489 
-0.987000 -1.925104 
-0.986000 -1.922677 
-0.985000 -1.920210 
-0.984000 -1.917701 
-0.983000 -1.915152 
-0.982000 -1.912561 
-0.981000 -1.909930 
-0.980000 -1.907258 
-0.979000 -1.904546 
-0.978000 -1.901793 
-0.977000 -1.899000 
-0.976000 -1.896167 
-0.975000 -1.893295 
-0.974000 -1.890382 
-0.973000 -1.887430 
-0.972000 -1.884438 
-0.971000 -1.881407 
-0.970000 -1.878336 
-0.969000 -1.875226 
-0.968000 -1.872077 
-0.967000 -1.868890 
-0.966000 -1.865663 
-0.965000 -1.862398 
-0.964000 -1.859094 
-0.963000 -1.855751 
-0.962000 -1.852370 
-0.961000 -1.848951 
-0.960000 -1.845494 
-0.959000 -1.841999 
-0.958000 -1.838465 
-0.957000 -1.834894 
-0.956000 -1.831285 
-0.955000 -1.827639 
-0.954000 -1.823955 
-0.953000 -1.820234 
-0.952000 -1.816475 
-0.951000 -1.812679 
-0.950000 -1.808846 
-0.949000 -1.804976 
-0.948000 -1.801069 
-0.947000 -1.797125 
-0.946000 -1.793144 
-0.945000 -1.789127 
-0.944000 -1.785073 
-0.943000 -1.780983 
-0.942000 -1.776856 
-0.941000 -1.772693 
-0.940000 -1.768494 
-0.939000 -1.764259 
-0.938000 -1.759988 
-0.937000 -1.755680 
-0.936000 -1.751337 
-0.935000 -1.746958 
-0.934000 -1.742544 
-0.933000 -1.738094 
-0.932000 -1.733608 
-0.931000 -1.729087 
-0.930000 -1.724530 
-0.929000 -1.719939 
-0.928000 -1.715312 
-0.927000 -1.710650 
-0.926000 -1.705952 
-0.925000 -1.701220 
-0.924000 -1.696453 
-0.923000 -1.691651 
-0.922000 -1.686814 
-0.921000 -1.681943 
-0.920000 -1.677037 
-0.919000 -1.672096 
-0.918000 -1.667121 
-0.917000 -1.662111 
-0.916000 -1.657067 
-0.915000 -1.651989 
-0.914000 -1.646876 
-0.913000 -1.641730 
-0.912000 -1.636549 
-0.911000 -1.631334 
-0.910000 -1.626085 
-0.909000 -1.620802 
-0.908000 -1.615485 
-0.907000 -1.610135 
-0.906000 -1.604751 
-0.905000 -1.599333 
-0.904000 -1.593881 
-0.903000 -1.588396 
-0.902000 -1.582877 
-0.901000 -1.577325 
-0.900000 -1.571739 
-0.899000 -1.566120 
-0.898000 -1.560467 
-0.897000 -1.554782 
-0.896000 -1.549063 
-0.895000 -1.543310 
-0.894000 -1.537525 
-0.893000 -1.531707 
-0.892000 -1.525855 
-0.891000 -1.519971 
-0.890000 -1.514053 
-0.889000 -1.508102 
-0.888000 -1.502119 
-0.887000 -1.496103 
-0.886000 -1.490054 
-0.885000 -1.483973 
-0.884000 -1.477859 
-0.883000 -1.471712 
-0.882000 -1.465532 
-0.881000 -1.459320 
-0.880000 -1.453075 
-0.879000 -1.446798 
-0.878000 -1.440489 
-0.877000 -1.434147 
-0.876000 -1.427772 
-0.875000 -1.421365 
-0.874000 -1.414926 
-0.873000 -1.408455 
-0.872000 -1.401951 
-0.871000 -1.395415 
-0.870000 -1.388847 
-0.869000 -1.382247 
-0.868000 -1.375614 
-0.867000 -1.368950 
-0.866000 -1.362253 
-0.865000 -1.355524 
-0.864000 -1.348764 
-0.863000 -1.341971 
-0.862000 -1.335147 
-0.861000 -1.328290 
-0.860000 -1.321402 
-0.859000 -1.314481 
-0.858000 -1.307529 
-0.857000 -1.300545 
-0.856000 -1.293529 
-0.855000 -1.286481 
-0.854000 -1.279402 
-0.853000 -1.272291 
-0.852000 -1.265148 
-0.851000 -1.257974 
-0.850000 -1.250767 
-0.849000 -1.243530 
-0.848000 -1.236260 
-0.847000 -1.228959 
-0.846000 -1.221626 
-0.845000 -1.214262 
-0.844000 -1.206866 
-0.843000 -1.199439 
-0.842000 -1.191980 
-0.841000 -1.184490 
-0.840000 -1.176968 
-0.839000 -1.169414 
-0.838000 -1.161830 
-0.837000 -1.154213 
-0.836000 -1.146566 
-0.835000 -1.138887 
-0.834000 -1.131176 
-0.833000 -1.123434 
-0.832000 -1.115661 
-0.831000 -1.107857 
-0.830000 -1.100021 
-0.829000 -1.092154 
-0.828000 -1.084255 
-0.827000 -1.076325 
-0.826000 -1.068364 
-0.825000 -1.060372 
-0.824000 -1.052349 
-0.823000 -1.044294 
-0.822000 -1.036208 
-0.821000 -1.028090 
-0.820000 -1.019942 
-0.819000 -1.011762 
-0.818000 -1.003551 
-0.817000 -0.995309 
-0.816000 -0.987036 
-0.815000 -0.978731 
-0.814000 -0.970396 
-0.813000 -0.962029 
-0.812000 -0.953631 
-0.811000 -0.945202 
-0.810000 -0.936742 
-0.809000 -0.928251 
-0.808000 -0.919728 
-0.807000 -0.911175 
-0.806000 -0.902590 
-0.805000 -0.893975 
-0.804000 -0.885328 
-0.803000 -0.876650 
-0.802000 -0.867941 
-0.801000 -0.859201 
-0.800000 -0.850431 
-0.799000 -0.841629 
-0.798000 -0.832796 
-0.797000 -0.823931 
-0.796000 -0.815036 
-0.795000 -0.806110 
-0.794000 -0.797153 
-0.793000 -0.788165 
-0.792000 -0.779146 
-0.791000 -0.770096 
-0.790000 -0.761015 
-0.789000 -0.751903 
-0.788000 -0.742760 
-0.787000 -0.733586 
-0.786000 -0.724382 
-0.785000 -0.715146 
-0.784000 -0.705879 
-0.783000 -0.696582 
-0.782000 -0.687253 
-0.781000 -0.677894 
-0.780000 -0.668503 
-0.779000 -0.659082 
-0.778000 -0.649630 
-0.777000 -0.640147 
-0.776000 -0.630633 
-0.775000 -0.621089 
-0.774000 -0.611513 
-0.773000 -0.601907 
-0.772000 -0.592270 
-0.771000 -0.582602 
-0.770000 -0.572903 
-0.769000 -0.563173 
-0.768000 -0.553413 
-0.767000 -0.543622 
-0.766000 -0.533800 
-0.765000 -0.523948 
-0.764000 -0.514064 
-0.763000 -0.504150 
-0.762000 -0.494206 
-0.761000 -0.484230 
-0.760000 -0.474224 
-0.759000 -0.464187 
-0.758000 -0.454120 
-0.757000 -0.444022 
-0.756000 -0.433893 
-0.755000 -0.423734 
-0.754000 -0.413544 
-0.753000 -0.403324 
-0.752000 -0.393073 
-0.751000 -0.382792 
-0.750000 -0.372480 
-0.749000 -0.362137 
-0.748000 -0.351764 
-0.747000 -0.341361 
-0.746000 -0.330927 
-0.745000 -0.320463 
-0.744000 -0.309969 
-0.743000 -0.299444 
-0.742000 -0.288889 
-0.741000 -0.278304 
-0.740000 -0.267688 
-0.739000 -0.257043 
-0.738000 -0.246367 
-0.737000 -0.235660 
-0.736000 -0.224924 
-0.735000 -0.214158 
-0.734000 -0.203361 
-0.733000 -0.192535 
-0.732000 -0.181678 
-0.731000 -0.170792 
-0.730000 -0.159875 
-0.729000 -0.148929 
-0.728000 -0.137953 
-0.727000 -0.126947 
-0.726000 -0.115912 
-0.725000 -0.104846 
-0.724000 -0.093751 
-0.723000 -0.082627 
-0.722000 -0.071473 
-0.721000 -0.060289 
-0.720000 -0.049076 
-0.719000 -0.037833 
-0.718000 -0.026561 
-0.717000 -0.015260 
-0.716000 -0.003930 
-0.715000 0.007430 
-0.714000 0.018819 
-0.713000 0.030237 
-0.712000 0.041683 
-0.711000 0.053159 
-0.710000 0.064664 
-0.709000 0.076197 
-0.708000 0.087760 
-0.707000 0.099350 
-0.706000 0.110970 
-0.705000 0.122618 
-0.704000 0.134294 
-0.703000 0.145999 
-0.702000 0.157732 
-0.701000 0.169493 
-0.700000 0.181282 
-0.699000 0.193100 
-0.698000 0.204945 
-0.697000 0.216818 
-0.696000 0.228719 
-0.695000 0.240647 
-0.694000 0.252603 
-0.693000 0.264586 
-0.692000 0.276597 
-0.691000 0.288635 
-0.690000 0.300700 
-0.689000 0.312792 
-0.688000 0.324911 
-0.687000 0.337056 
-0.686000 0.349229 
-0.685000 0.361427 
-0.684000 0.373652 
-0.683000 0.385904 
-0.682000 0.398181 
-0.681000 0.410485 
-0.680000 0.422814 
-0.679000 0.435169 
-0.678000 0.447550 
-0.677000 0.459956 
-0.676000 0.472387 
-0.675000 0.484843 
-0.674000 0.497324 
-0.673000 0.509830 
-0.672000 0.522361 
-0.671000 0.534916 
-0.670000 0.547496 
-0.669000 0.560099 
-0.668000 0.572726 
-0.667000 0.585377 
-0.666000 0.598052 
-0.665000 0.610750 
-0.664000 0.623471 
-0.663000 0.636215 
-0.662000 0.648982 
-0.661000 0.661771 
-0.660000 0.674583 
-0.659000 0.687416 
-0.658000 0.700272 
-0.657000 0.713149 
-0.656000 0.726048 
-0.655000 0.738968 
-0.654000 0.751908 
-0.653000 0.764870 
-0.652000 0.777852 
-0.651000 0.790854 
-0.650000 0.803875 
-0.649000 0.816917 
-0.648000 0.829978 
-0.647000 0.843058 
-0.646000 0.856157 
-0.645000 0.869274 
-0.644000 0.882410 
-0.643000 0.895563 
-0.642000 0.908734 
-0.641000 0.921923 
-0.640000 0.935128 
-0.639000 0.948350 
-0.638000 0.961589 
-0.637000 0.974843 
-0.636000 0.988113 
-0.635000 1.001399 
-0.634000 1.014699 
-0.633000 1.028014 
-0.632000 1.041343 
-0.631000 1.054686 
-0.630000 1.068043 
-0.629000 1.081412 
-0.628000 1.094794 
-0.627000 1.108189 
-0.626000 1.121595 
-0.625000 1.135013 
-0.624000 1.148441 
-0.623000 1.161881 
-0.622000 1.175330 
-0.621000 1.188789 
-0.620000 1.202258 
-0.619000 1.215735 
-0.618000 1.229220 
-0.617000 1.242713 
-0.616000 1.256214 
-0.615000 1.269721 
-0.614000 1.283234 
-0.613000 1.296754 
-0.612000 1.310278 
-0.611000 1.323808 
-0.610000 1.337341 
-0.609000 1.350878 
-0.608000 1.364418 
-0.607000 1.377961 
-0.606000 1.391506 
-0.605000 1.405051 
-0.604000 1.418598 
-0.603000 1.432145 
-0.602000 1.445691 
-0.601000 1.459236 
-0.600000 1.472779 
-0.599000 1.486320 
-0.598000 1.499857 
-0.597000 1.513391 
-0.596000 1.526920 
-0.595000 1.540445 
-0.594000 1.553963 
-0.593000 1.567475 
-0.592000 1.580979 
-0.591000 1.594476 
-0.590000 1.607963 
-0.589000 1.621441 
-0.588000 1.634909 
-0.587000 1.648365 
-0.586000 1.661810 
-0.585000 1.675242 
-0.584000 1.688660 
-0.583000 1.702064 
-0.582000 1.715453 
-0.581000 1.728826 
-0.580000 1.742182 
-0.579000 1.755519 
-0.578000 1.768839 
-0.577000 1.782138 
-0.576000 1.795417 
-0.575000 1.808674 
-0.574000 1.821909 
-0.573000 1.835121 
-0.572000 1.848308 
-0.571000 1.861469 
-0.570000 1.874605 
-0.569000 1.887713 
-0.568000 1.900792 
-0.567000 1.913842 
-0.566000 1.926862 
-0.565000 1.939849 
-0.564000 1.952805 
-0.563000 1.965726 
-0.562000 1.978612 
-0.561000 1.991463 
-0.560000 2.004276 
-0.559000 2.017051 
-0.558000 2.029786 
-0.557000 2.042481 
-0.556000 2.055134 
-0.555000 2.067743 
-0.554000 2.080308 
-0.553000 2.092828 
-0.552000 2.105301 
-0.551000 2.117725 
-0.550000 2.130101 
-0.549000 2.142425 
-0.548000 2.154698 
-0.547000 2.166917 
-0.546000 2.179081 
-0.545000 2.191189 
-0.544000 2.203240 
-0.543000 2.215232 
-0.542000 2.227163 
-0.541000 2.239033 
-0.540000 2.250840 
-0.539000 2.262582 
-0.538000 2.274258 
-0.537000 2.285866 
-0.536000 2.297405 
-0.535000 2.308874 
-0.534000 2.320271 
-0.533000 2.331594 
-0.532000 2.342842 
-0.531000 2.354013 
-0.530000 2.365106 
-0.529000 2.376119 
-0.528000 2.387050 
-0.527000 2.397898 
-0.526000 2.408661 
-0.525000 2.419338 
-0.524000 2.429927 
-0.523000 2.440426 
-0.522000 2.450833 
-0.521000 2.461147 
-0.520000 2.471367 
-0.519000 2.481489 
-0.518000 2.491514 
-0.517000 2.501438 
-0.516000 2.511260 
-0.515000 2.520979 
-0.514000 2.530592 
-0.513000 2.540098 
-0.512000 2.549495 
-0.511000 2.558781 
-0.510000 2.567955 
-0.509000 2.577014 
-0.508000 2.585956 
-0.507000 2.594781 
-0.506000 2.603485 
-0.505000 2.612068 
-0.504000 2.620527 
-0.503000 2.628860 
-0.502000 2.637066 
-0.501000 2.645142 
-0.500000 2.653087 
-0.499000 2.660899 
-0.498000 2.668575 
-0.497000 2.676115 
-0.496000 2.683516 
-0.495000 2.690776 
-0.494000 2.697893 
-0.493000 2.704866 
-0.492000 2.711692 
-0.491000 2.718370 
-0.490000 2.724897 
-0.489000 2.731272 
-0.488000 2.737493 
-0.487000 2.743558 
-0.486000 2.749465 
-0.485000 2.755212 
-0.484000 2.760797 
-0.483000 2.766219 
-0.482000 2.771475 
-0.481000 2.776563 
-0.480000 2.781483 
-0.479000 2.786231 
-0.478000 2.790806 
-0.477000 2.795206 
-0.476000 2.799430 
-0.475000 2.803475 
-0.474000 2.807341 
-0.473000 2.811024 
-0.472000 2.814523 
-0.471000 2.817836 
-0.470000 2.820963 
-0.469000 2.823900 
-0.468000 2.826647 
-0.467000 2.829201 
-0.466000 2.831561 
-0.465000 2.833725 
-0.464000 2.835692 
-0.463000 2.837460 
-0.462000 2.839028 
-0.461000 2.840393 
-0.460000 2.841555 
-0.459000 2.842512 
-0.458000 2.843262 
-0.457000 2.843805 
-0.456000 2.844137 
-0.455000 2.844259 
-0.454000 2.844169 
-0.453000 2.843866 
-0.452000 2.843347 
-0.451000 2.842613 
-0.450000 2.841661 
-0.449000 2.840491 
-0.448000 2.839102 
-0.447000 2.837492 
-0.446000 2.835660 
-0.445000 2.833606 
-0.444000 2.831328 
-0.443000 2.828825 
-0.442000 2.826097 
-0.441000 2.823142 
-0.440000 2.819960 
-0.439000 2.816550 
-0.438000 2.812912 
-0.437000 2.809044 
-0.436000 2.804946 
-0.435000 2.800618 
-0.434000 2.796059 
-0.433000 2.791268 
-0.432000 2.786245 
-0.431000 2.780990 
-0.430000 2.775503 
-0.429000 2.769782 
-0.428000 2.763828 
-0.427000 2.757642 
-0.426000 2.751221 
-0.425000 2.744568 
-0.424000 2.737680 
-0.423000 2.730560 
-0.422000 2.723206 
-0.421000 2.715620 
-0.420000 2.707800 
-0.419000 2.699748 
-0.418000 2.691463 
-0.417000 2.682947 
-0.416000 2.674200 
-0.415000 2.665222 
-0.414000 2.656013 
-0.413000 2.646575 
-0.412000 2.636908 
-0.411000 2.627013 
-0.410000 2.616891 
-0.409000 2.606542 
-0.408000 2.595968 
-0.407000 2.585169 
-0.406000 2.574146 
-0.405000 2.562902 
-0.404000 2.551436 
-0.403000 2.539750 
-0.402000 2.527845 
-0.401000 2.515723 
-0.400000 2.503385 
-0.399000 2.490833 
-0.398000 2.478067 
-0.397000 2.465091 
-0.396000 2.451904 
-0.395000 2.438509 
-0.394000 2.424907 
-0.393000 2.411101 
-0.392000 2.397092 
-0.391000 2.382882 
-0.390000 2.368473 
-0.389000 2.353865 
-0.388000 2.339064 
-0.387000 2.324070 
-0.386000 2.308885 
-0.385000 2.293511 
-0.384000 2.277951 
-0.383000 2.262206 
-0.382000 2.246280 
-0.381000 2.230174 
-0.380000 2.213891 
-0.379000 2.197433 
-0.378000 2.180802 
-0.377000 2.164002 
-0.376000 2.147035 
-0.375000 2.129903 
-0.374000 2.112609 
-0.373000 2.095155 
-0.372000 2.077545 
-0.371000 2.059780 
-0.370000 2.041865 
-0.369000 2.023800 
-0.368000 2.005590 
-0.367000 1.987237 
-0.366000 1.968743 
-0.365000 1.950113 
-0.364000 1.931348 
-0.363000 1.912451 
-0.362000 1.893426 
-0.361000 1.874275 
-0.360000 1.855001 
-0.359000 1.835608 
-0.358000 1.816098 
-0.357000 1.796474 
-0.356000 1.776739 
-0.355000 1.756897 
-0.354000 1.736950 
-0.353000 1.716901 
-0.352000 1.696754 
-0.351000 1.676510 
-0.350000 1.656175 
-0.349000 1.635750 
-0.348000 1.615238 
-0.347000 1.594643 
-0.346000 1.573967 
-0.345000 1.553214 
-0.344000 1.532387 
-0.343000 1.511489 
-0.342000 1.490522 
-0.341000 1.469490 
-0.340000 1.448395 
-0.339000 1.427242 
-0.338000 1.406032 
-0.337000 1.384769 
-0.336000 1.363455 
-0.335000 1.342095 
-0.334000 1.320689 
-0.333000 1.299242 
-0.332000 1.277757 
-0.331000 1.256236 
-0.330000 1.234682 
-0.329000 1.213097 
-0.328000 1.191486 
-0.327000 1.169850 
-0.326000 1.148192 
-0.325000 1.126516 
-0.324000 1.104823 
-0.323000 1.083117 
-0.322000 1.061400 
-0.321000 1.039675 
-0.320000 1.017945 
-0.319000 0.996212 
-0.318000 0.974478 
-0.317000 0.952746 
-0.316000 0.931020 
-0.315000 0.909300 
-0.314000 0.887590 
-0.313000 0.865893 
-0.312000 0.844210 
-0.311000 0.822544 
-0.310000 0.800897 
-0.309000 0.779271 
-0.308000 0.757670 
-0.307000 0.736094 
-0.306000 0.714547 
-0.305000 0.693030 
-0.304000 0.671546 
-0.303000 0.650096 
-0.302000 0.628684 
-0.301000 0.607310 
-0.300000 0.585977 
-0.299000 0.564686 
-0.298000 0.543441 
-0.297000 0.522242 
-0.296000 0.501092 
-0.295000 0.479992 
-0.294000 0.458944 
-0.293000 0.437951 
-0.292000 0.417013 
-0.291000 0.396132 
-0.290000 0.375311 
-0.289000 0.354550 
-0.288000 0.333851 
-0.287000 0.313217 
-0.286000 0.292648 
-0.285000 0.272146 
-0.284000 0.251712 
-0.283000 0.231348 
-0.282000 0.211056 
-0.281000 0.190836 
-0.280000 0.170690 
-0.279000 0.150619 
-0.278000 0.130625 
-0.277000 0.110708 
-0.276000 0.090871 
-0.275000 0.071114 
-0.274000 0.051438 
-0.273000 0.031845 
-0.272000 0.012335 
-0.271000 -0.007091 
-0.270000 -0.026430 
-0.269000 -0.045683 
-0.268000 -0.064848 
-0.267000 -0.083925 
-0.266000 -0.102913 
-0.265000 -0.121810 
-0.264000 -0.140616 
-0.263000 -0.159329 
-0.262000 -0.177951 
-0.261000 -0.196478 
-0.260000 -0.214911 
-0.259000 -0.233249 
-0.258000 -0.251492 
-0.257000 -0.269637 
-0.256000 -0.287686 
-0.255000 -0.305638 
-0.254000 -0.323491 
-0.253000 -0.341245 
-0.252000 -0.358899 
-0.251000 -0.376454 
-0.250000 -0.393909 
-0.249000 -0.411262 
-0.248000 -0.428515 
-0.247000 -0.445665 
-0.246000 -0.462714 
-0.245000 -0.479659 
-0.244000 -0.496502 
-0.243000 -0.513242 
-0.242000 -0.529878 
-0.241000 -0.546410 
-0.240000 -0.562838 
-0.239000 -0.579162 
-0.238000 -0.595381 
-0.237000 -0.611494 
-0.236000 -0.627503 
-0.235000 -0.643407 
-0.234000 -0.659205 
-0.233000 -0.674897 
-0.232000 -0.690483 
-0.231000 -0.705964 
-0.230000 -0.721338 
-0.229000 -0.736607 
-0.228000 -0.751769 
-0.227000 -0.766825 
-0.226000 -0.781774 
-0.225000 -0.796617 
-0.224000 -0.811354 
-0.223000 -0.825984 
-0.222000 -0.840508 
-0.221000 -0.854926 
-0.220000 -0.869237 
-0.219000 -0.883442 
-0.218000 -0.897540 
-0.217000 -0.911533 
-0.216000 -0.925419 
-0.215000 -0.939199 
-0.214000 -0.952874 
-0.213000 -0.966442 
-0.212000 -0.979905 
-0.211000 -0.993262 
-0.210000 -1.006514 
-0.209000 -1.019661 
-0.208000 -1.032702 
-0.207000 -1.045639 
-0.206000 -1.058471 
-0.205000 -1.071198 
-0.204000 -1.083821 
-0.203000 -1.096340 
-0.202000 -1.108755 
-0.201000 -1.121066 
-0.200000 -1.133274 
-0.199000 -1.145378 
-0.198000 -1.157380 
-0.197000 -1.169279 
-0.196000 -1.181075 
-0.195000 -1.192769 
-0.194000 -1.204361 
-0.193000 -1.215851 
-0.192000 -1.227240 
-0.191000 -1.238527 
-0.190000 -1.249714 
-0.189000 -1.260801 
-0.188000 -1.271787 
-0.187000 -1.282673 
-0.186000 -1.293459 
-0.185000 -1.304147 
-0.184000 -1.314735 
-0.183000 -1.325224 
-0.182000 -1.335616 
-0.181000 -1.345909 
-0.180000 -1.356104 
-0.179000 -1.366203 
-0.178000 -1.376204 
-0.177000 -1.386109 
-0.176000 -1.395917 
-0.175000 -1.405629 
-0.174000 -1.415246 
-0.173000 -1.424767 
-0.172000 -1.434194 
-0.171000 -1.443526 
-0.170000 -1.452764 
-0.169000 -1.461909 
-0.168000 -1.470959 
-0.167000 -1.479917 
-0.166000 -1.488782 
-0.165000 -1.497555 
-0.164000 -1.506236 
-0.163000 -1.514825 
-0.162000 -1.523324 
-0.161000 -1.531731 
-0.160000 -1.540048 
-0.159000 -1.548275 
-0.158000 -1.556412 
-0.157000 -1.564460 
-0.156000 -1.572420 
-0.155000 -1.580290 
-0.154000 -1.588073 
-0.153000 -1.595768 
-0.152000 -1.603375 
-0.151000 -1.610896 
-0.150000 -1.618330 
-0.149000 -1.625678 
-0.148000 -1.632940 
-0.147000 -1.640117 
-0.146000 -1.647209 
-0.145000 -1.654216 
-0.144000 -1.661138 
-0.143000 -1.667978 
-0.142000 -1.674733 
-0.141000 -1.681406 
-0.140000 -1.687995 
-0.139000 -1.694503 
-0.138000 -1.700928 
-0.137000 -1.707272 
-0.136000 -1.713535 
-0.135000 -1.719717 
-0.134000 -1.725819 
-0.133000 -1.731841 
-0.132000 -1.737783 
-0.131000 -1.743646 
-0.130000 -1.749430 
-0.129000 -1.755135 
-0.128000 -1.760763 
-0.127000 -1.766313 
-0.126000 -1.771785 
-0.125000 -1.777180 
-0.124000 -1.782499 
-0.123000 -1.787741 
-0.122000 -1.792908 
-0.121000 -1.797999 
-0.120000 -1.803015 
-0.119000 -1.807956 
-0.118000 -1.812823 
-0.117000 -1.817616 
-0.116000 -1.822335 
-0.115000 -1.826980 
-0.114000 -1.831553 
-0.113000 -1.836053 
-0.112000 -1.840481 
-0.111000 -1.844837 
-0.110000 -1.849122 
-0.109000 -1.853335 
-0.108000 -1.857478 
-0.107000 -1.861550 
-0.106000 -1.865552 
-0.105000 -1.869484 
-0.104000 -1.873346 
-0.103000 -1.877140 
-0.102000 -1.880865 
-0.101000 -1.884521 
-0.100000 -1.888109 
-0.099000 -1.891630 
-0.098000 -1.895083 
-0.097000 -1.898469 
-0.096000 -1.901788 
-0.095000 -1.905040 
-0.094000 -1.908227 
-0.093000 -1.911348 
-0.092000 -1.914403 
-0.091000 -1.917394 
-0.090000 -1.920319 
-0.089000 -1.923180 
-0.088000 -1.925977 
-0.087000 -1.928709 
-0.086000 -1.931379 
-0.085000 -1.933985 
-0.084000 -1.936528 
-0.083000 -1.939008 
-0.082000 -1.941426 
-0.081000 -1.943782 
-0.080000 -1.946077 
-0.079000 -1.948310 
-0.078000 -1.950481 
-0.077000 -1.952592 
-0.076000 -1.954643 
-0.075000 -1.956633 
-0.074000 -1.958563 
-0.073000 -1.960433 
-0.072000 -1.962245 
-0.071000 -1.963996 
-0.070000 -1.965690 
-0.069000 -1.967324 
-0.068000 -1.968900 
-0.067000 -1.970419 
-0.066000 -1.971879 
-0.065000 -1.973282 
-0.064000 -1.974628 
-0.063000 -1.975917 
-0.062000 -1.977150 
-0.061000 -1.978326 
-0.060000 -1.979446 
-0.059000 -1.980510 
-0.058000 -1.981518 
-0.057000 -1.982471 
-0.056000 -1.983369 
-0.055000 -1.984212 
-0.054000 -1.985001 
-0.053000 -1.985735 
-0.052000 -1.986416 
-0.051000 -1.987042 
-0.050000 -1.987615 
-0.049000 -1.988134 
-0.048000 -1.988600 
-0.047000 -1.989014 
-0.046000 -1.989375 
-0.045000 -1.989683 
-0.044000 -1.989940 
-0.043000 -1.990144 
-0.042000 -1.990297 
-0.041000 -1.990398 
-0.040000 -1.990448 
-0.039000 -1.990447 
-0.038000 -1.990395 
-0.037000 -1.990292 
-0.036000 -1.990140 
-0.035000 -1.989937 
-0.034000 -1.989684 
-0.033000 -1.989381 
-0.032000 -1.989030 
-0.031000 -1.988628 
-0.030000 -1.988178 
-0.029000 -1.987679 
-0.028000 -1.987131 
-0.027000 -1.986535 
-0.026000 -1.985890 
-0.025000 -1.985197 
-0.024000 -1.984457 
-0.023000 -1.983669 
-0.022000 -1.982833 
-0.021000 -1.981951 
-0.020000 -1.981021 
-0.019000 -1.980044 
-0.018000 -1.979021 
-0.017000 -1.977951 
-0.016000 -1.976835 
-0.015000 -1.975672 
-0.014000 -1.974464 
-0.013000 -1.973210 
-0.012000 -1.971910 
-0.011000 -1.970565 
-0.010000 -1.969175 
-0.009000 -1.967740 
-0.008000 -1.966260 
-0.007000 -1.964735 
-0.006000 -1.963165 
-0.005000 -1.961552 
-0.004000 -1.959894 
-0.003000 -1.958192 
-0.002000 -1.956446 
-0.001000 -1.954657 
-0.000000 -1.952824 
0.001000 -1.950947 
0.002000 -1.949028 
0.003000 -1.947065 
0.004000 -1.945059 
0.005000 -1.943011 
0.006000 -1.940920 
0.007000 -1.938787 
0.008000 -1.936611 
0.009000 -1.934393 
0.010000 -1.932134 
0.011000 -1.929832 
0.012000 -1.927489 
0.013000 -1.925104 
0.014000 -1.922677 
0.015000 -1.920210 
0.016000 -1.917701 
0.017000 -1.915152 
0.018000 -1.912561 
0.019000 -1.909930 
0.020000 -1.907258 
0.021000 -1.904546 
0.022000 -1.901793 
0.023000 -1.899000 
0.024000 -1.896167 
0.025000 -1.893295 
0.026000 -1.890382 
0.027000 -1.887430 
0.028000 -1.884438 
0.029000 -1.881407 
0.030000 -1.878336 
0.031000 -1.875226 
0.032000 -1.872077 
0.033000 -1.868890 
0.034000 -1.865663 
0.035000 -1.862398 
0.036000 -1.859094 
0.037000 -1.855751 
0.038000 -1.852370 
0.039000 -1.848951 
0.040000 -1.845494 
0.041000 -1.841999 
0.042000 -1.838465 
0.043000 -1.834894 
0.044000 -1.831285 
0.045000 -1.827639 
0.046000 -1.823955 
0.047000 -1.820234 
0.048000 -1.816475 
0.049000 -1.812679 
0.050000 -1.808846 
0.051000 -1.804976 
0.052000 -1.801069 
0.053000 -1.797125 
0.054000 -1.793144 
0.055000 -1.789127 
0.056000 -1.785073 
0.057000 -1.780983 
0.058000 -1.776856 
0.059000 -1.772693 
0.060000 -1.768494 
0.061000 -1.764259 
0.062000 -1.759988 
0.063000 -1.755680 
0.064000 -1.751337 
0.065000 -1.746958 
0.066000 -1.742544 
0.067000 -1.738094 
0.068000 -1.733608 
0.069000 -1.729087 
0.070000 -1.724530 
0.071000 -1.719939 
0.072000 -1.715312 
0.073000 -1.710650 
0.074000 -1.705952 
0.075000 -1.701220 
0.076000 -1.696453 
0.077000 -1.691651 
0.078000 -1.686814 
0.079000 -1.681943 
0.080000 -1.677037 
0.081000 -1.672096 
0.082000 -1.667121 
0.083000 -1.662111 
0.084000 -1.657067 
0.085000 -1.651989 
0.086000 -1.646876 
0.087000 -1.641730 
0.088000 -1.636549 
0.089000 -1.631334 
0.090000 -1.626085 
0.091000 -1.620802 
0.092000 -1.615485 
0.093000 -1.610135 
0.094000 -1.604751 
0.095000 -1.599333 
0.096000 -1.593881 
0.097000 -1.588396 
0.098000 -1.582877 
0.099000 -1.577325 
0.100000 -1.571739 
0.101000 -1.566120 
0.102000 -1.560467 
0.103000 -1.554782 
0.104000 -1.549063 
0.105000 -1.543310 
0.106000 -1.537525 
0.107000 -1.531707 
0.108000 -1.525855 
0.109000 -1.519971 
0.110000 -1.514053 
0.111000 -1.508102 
0.112000 -1.502119 
0.113000 -1.496103 
0.114000 -1.490054 
0.115000 -1.483973 
0.116000 -1.477859 
0.117000 -1.471712 
0.118000 -1.465532 
0.119000 -1.459320 
0.120000 -1.453075 
0.121000 -1.446798 
0.122000 -1.440489 
0.123000 -1.434147 
0.124000 -1.427772 
0.125000 -1.421365 
0.126000 -1.414926 
0.127000 -1.408455 
0.128000 -1.401951 
0.129000 -1.395415 
0.130000 -1.388847 
0.131000 -1.382247 
0.132000 -1.375614 
0.133000 -1.368950 
0.134000 -1.362253 
0.135000 -1.355524 
0.136000 -1.348764 
0.137000 -1.341971 
0.138000 -1.335147 
0.139000 -1.328290 
0.140000 -1.321402 
0.141000 -1.314481 
0.142000 -1.307529 
0.143000 -1.300545 
0.144000 -1.293529 
0.145000 -1.286481 
0.146000 -1.279402 
0.147000 -1.272291 
0.148000 -1.265148 
0.149000 -1.257974 
0.150000 -1.250767 
0.151000 -1.243530 
0.152000 -1.236260 
0.153000 -1.228959 
0.154000 -1.221626 
0.155000 -1.214262 
0.156000 -1.206866 
0.157000 -1.199439 
0.158000 -1.191980 
0.159000 -1.184490 
0.160000 -1.176968 
0.161000 -1.169414 
0.162000 -1.161830 
0.163000 -1.154213 
0.164000 -1.146566 
0.165000 -1.138887 
0.166000 -1.131176 
0.167000 -1.123434 
0.168000 -1.115661 
0.169000 -1.107857 
0.170000 -1.100021 
0.171000 -1.092154 
0.172000 -1.084255 
0.173000 -1.076325 
0.174000 -1.068364 
0.175000 -1.060372 
0.176000 -1.052349 
0.177000 -1.044294 
0.178000 -1.036208 
0.179000 -1.028090 
0.180000 -1.019942 
0.181000 -1.011762 
0.182000 -1.003551 
0.183000 -0.995309 
0.184000 -0.987036 
0.185000 -0.978731 
0.186000 -0.970396 
0.187000 -0.962029 
0.188000 -0.953631 
0.189000 -0.945202 
0.190000 -0.936742 
0.191000 -0.928251 
0.192000 -0.919728 
0.193000 -0.911175 
0.194000 -0.902590 
0.195000 -0.893975 
0.196000 -0.885328 
0.197000 -0.876650 
0.198000 -0.867941 
0.199000 -0.859201 
0.200000 -0.850431 
0.201000 -0.841629 
0.202000 -0.832796 
0.203000 -0.823931 
0.204000 -0.815036 
0.205000 -0.806110 
0.206000 -0.797153 
0.207000 -0.788165 
0.208000 -0.779146 
0.209000 -0.770096 
0.210000 -0.761015 
0.211000 -0.751903 
0.212000 -0.742760 
0.213000 -0.733586 
0.214000 -0.724382 
0.215000 -0.715146 
0.216000 -0.705879 
0.217000 -0.696582 
0.218000 -0.687253 
0.219000 -0.677894 
0.220000 -0.668503 
0.221000 -0.659082 
0.222000 -0.649630 
0.223000 -0.640147 
0.224000 -0.630633 
0.225000 -0.621089 
0.226000 -0.611513 
0.227000 -0.601907 
0.228000 -0.592270 
0.229000 -0.582602 
0.230000 -0.572903 
0.231000 -0.563173 
0.232000 -0.553413 
0.233000 -0.543622 
0.234000 -0.533800 
0.235000 -0.523948 
0.236000 -0.514064 
0.237000 -0.504150 
0.238000 -0.494206 
0.239000 -0.484230 
0.240000 -0.474224 
0.241000 -0.464187 
0.242000 -0.454120 
0.243000 -0.444022 
0.244000 -0.433893 
0.245000 -0.423734 
0.246000 -0.413544 
0.247000 -0.403324 
0.248000 -0.393073 
0.249000 -0.382792 
0.250000 -0.372480 
0.251000 -0.362137 
0.252000 -0.351764 
0.253000 -0.341361 
0.254000 -0.330927 
0.255000 -0.320463 
0.256000 -0.309969 
0.257000 -0.299444 
0.258000 -0.288889 
0.259000 -0.278304 
0.260000 -0.267688 
0.261000 -0.257043 
0.262000 -0.246367 
0.263000 -0.235660 
0.264000 -0.224924 
0.265000 -0.214158 
0.266000 -0.203361 
0.267000 -0.192535 
0.268000 -0.181678 
0.269000 -0.170792 
0.270000 -0.159875 
0.271000 -0.148929 
0.272000 -0.137953 
0.273000 -0.126947 
0.274000 -0.115912 
0.275000 -0.104846 
0.276000 -0.093751 
0.277000 -0.082627 
0.278000 -0.071473 
0.279000 -0.060289 
0.280000 -0.049076 
0.281000 -0.037833 
0.282000 -0.026561 
0.283000 -0.015260 
0.284000 -0.003930 
0.285000 0.007430 
0.286000 0.018819 
0.287000 0.030237 
0.288000 0.041683 
0.289000 0.053159 
0.290000 0.064664 
0.291000 0.076197 
0.292000 0.087760 
0.293000 0.099350 
0.294000 0.110970 
0.295000 0.122618 
0.296000 0.134294 
0.297000 0.145999 
0.298000 0.157732 
0.299000 0.169493 
0.300000 0.181282 
0.301000 0.193100 
0.302000 0.204945 
0.303000 0.216818 
0.304000 0.228719 
0.305000 0.240647 
0.306000 0.252603 
0.307000 0.264586 
0.308000 0.276597 
0.309000 0.288635 
0.310000 0.300700 
0.311000 0.312792 
0.312000 0.324911 
0.313000 0.337056 
0.314000 0.349229 
0.315000 0.361427 
0.316000 0.373652 
0.317000 0.385904 
0.318000 0.398181 
0.319000 0.410485 
0.320000 0.422814 
0.321000 0.435169 
0.322000 0.447550 
0.323000 0.459956 
0.324000 0.472387 
0.325000 0.484843 
0.326000 0.497324 
0.327000 0.509830 
0.328000 0.522361 
0.329000 0.534916 
0.330000 0.547496 
0.331000 0.560099 
0.332000 0.572726 
0.333000 0.585377 
0.334000 0.598052 
0.335000 0.610750 
0.336000 0.623471 
0.337000 0.636215 
0.338000 0.648982 
0.339000 0.661771 
0.340000 0.674583 
0.341000 0.687416 
0.342000 0.700272 
0.343000 0.713149 
0.344000 0.726048 
0.345000 0.738968 
0.346000 0.751908 
0.347000 0.764870 
0.348000 0.777852 
0.349000 0.790854 
0.350000 0.803875 
0.351000 0.816917 
0.352000 0.829978 
0.353000 0.843058 
0.354000 0.856157 
0.355000 0.869274 
0.356000 0.882410 
0.357000 0.895563 
0.358000 0.908734 
0.359000 0.921923 
0.360000 0.935128 
0.361000 0.948350 
0.362000 0.961589 
0.363000 0.974843 
0.364000 0.988113 
0.365000 1.001399 
0.366000 1.014699 
0.367000 1.028014 
0.368000 1.041343 
0.369000 1.054686 
0.370000 1.068043 
0.371000 1.081412 
0.372000 1.094794 
0.373000 1.108189 
0.374000 1.121595 
0.375000 1.135013 
0.376000 1.148441 
0.377000 1.161881 
0.378000 1.175330 
0.379000 1.188789 
0.380000 1.202258 
0.381000 1.215735 
0.382000 1.229220 
0.383000 1.242713 
0.384000 1.256214 
0.385000 1.269721 
0.386000 1.283234 
0.387000 1.296754 
0.388000 1.310278 
0.389000 1.323808 
0.390000 1.337341 
0.391000 1.350878 
0.392000 1.364418 
0.393000 1.377961 
0.394000 1.391506 
0.395000 1.405051 
0.396000 1.418598 
0.397000 1.432145 
0.398000 1.445691 
0.399000 1.459236 
0.400000 1.472779 
0.401000 1.486320 
0.402000 1.499857 
0.403000 1.513391 
0.404000 1.526920 
0.405000 1.540445 
0.406000 1.553963 
0.407000 1.567475 
0.408000 1.580979 
0.409000 1.594476 
0.410000 1.607963 
0.411000 1.621441 
0.412000 1.634909 
0.413000 1.648365 
0.414000 1.661810 
0.415000 1.675242 
0.416000 1.688660 
0.417000 1.702064 
0.418000 1.715453 
0.419000 1.728826 
0.420000 1.742182 
0.421000 1.755519 
0.422000 1.768839 
0.423000 1.782138 
0.424000 1.795417 
0.425000 1.808674 
0.426000 1.821909 
0.427000 1.835121 
0.428000 1.848308 
0.429000 1.861469 
0.430000 1.874605 
0.431000 1.887713 
0.432000 1.900792 
0.433000 1.913842 
0.434000 1.926862 
0.435000 1.939849 
0.436000 1.952805 
0.437000 1.965726 
0.438000 1.978612 
0.439000 1.991463 
0.440000 2.004276 
0.441000 2.017051 
0.442000 2.029786 
0.443000 2.042481 
0.444000 2.055134 
0.445000 2.067743 
0.446000 2.080308 
0.447000 2.092828 
0.448000 2.105301 
0.449000 2.117725 
0.450000 2.130101 
0.451000 2.142425 
0.452000 2.154698 
0.453000 2.166917 
0.454000 2.179081 
0.455000 2.191189 
0.456000 2.203240 
0.457000 2.215232 
0.458000 2.227163 
0.459000 2.239033 
0.460000 2.250840 
0.461000 2.262582 
0.462000 2.274258 
0.463000 2.285866 
0.464000 2.297405 
0.465000 2.308874 
0.466000 2.320271 
0.467000 2.331594 
0.468000 2.342842 
0.469000 2.354013 
0.470000 2.365106 
0.471000 2.376119 
0.472000 2.387050 
0.473000 2.397898 
0.474000 2.408661 
0.475000 2.419338 
0.476000 2.429927 
0.477000 2.440426 
0.478000 2.450833 
0.479000 2.461147 
0.480000 2.471367 
0.481000 2.481489 
0.482000 2.491514 
0.483000 2.501438 
0.484000 2.511260 
0.485000 2.520979 
0.486000 2.530592 
0.487000 2.540098 
0.488000 2.549495 
0.489000 2.558781 
0.490000 2.567955 
0.491000 2.577014 
0.492000 2.585956 
0.493000 2.594781 
0.494000 2.603485 
0.495000 2.612068 
0.496000 2.620527 
0.497000 2.628860 
0.498000 2.637066 
0.499000 2.645142 
0.500000 2.653087 
0.501000 2.660899 
0.502000 2.668575 
0.503000 2.676115 
0.504000 2.683516 
0.505000 2.690776 
0.506000 2.697893 
0.507000 2.704866 
0.508000 2.711692 
0.509000 2.718370 
0.510000 2.724897 
0.511000 2.731272 
0.512000 2.737493 
0.513000 2.743558 
0.514000 2.749465 
0.515000 2.755212 
0.516000 2.760797 
0.517000 2.766219 
0.518000 2.771475 
0.519000 2.776563 
0.520000 2.781483 
0.521000 2.786231 
0.522000 2.790806 
0.523000 2.795206 
0.524000 2.799430 
0.525000 2.803475 
0.526000 2.807341 
0.527000 2.811024 
0.528000 2.814523 
0.529000 2.817836 
0.530000 2.820963 
0.531000 2.823900 
0.532000 2.826647 
0.533000 2.829201 
0.534000 2.831561 
0.535000 2.833725 
0.536000 2.835692 
0.537000 2.837460 
0.538000 2.839028 
0.539000 2.840393 
0.540000 2.841555 
0.541000 2.842512 
0.542000 2.843262 
0.543000 2.843805 
0.544000 2.844137 
0.545000 2.844259 
0.546000 2.844169 
0.547000 2.843866 
0.548000 2.843347 
0.549000 2.842613 
0.550000 2.841661 
0.551000 2.840491 
0.552000 2.839102 
0.553000 2.837492 
0.554000 2.835660 
0.555000 2.833606 
0.556000 2.831328 
0.557000 2.828825 
0.558000 2.826097 
0.559000 2.823142 
0.560000 2.819960 
0.561000 2.816550 
0.562000 2.812912 
0.563000 2.809044 
0.564000 2.804946 
0.565000 2.800618 
0.566000 2.796059 
0.567000 2.791268 
0.568000 2.786245 
0.569000 2.780990 
0.570000 2.775503 
0.571000 2.769782 
0.572000 2.763828 
0.573000 2.757642 
0.574000 2.751221 
0.575000 2.744568 
0.576000 2.737680 
0.577000 2.730560 
0.578000 2.723206 
0.579000 2.715620 
0.580000 2.707800 
0.581000 2.699748 
0.582000 2.691463 
0.583000 2.682947 
0.584000 2.674200 
0.585000 2.665222 
0.586000 2.656013 
0.587000 2.646575 
0.588000 2.636908 
0.589000 2.627013 
0.590000 2.616891 
0.591000 2.606542 
0.592000 2.595968 
0.593000 2.585169 
0.594000 2.574146 
0.595000 2.562902 
0.596000 2.551436 
0.597000 2.539750 
0.598000 2.527845 
0.599000 2.515723 
0.600000 2.503385 
0.601000 2.490833 
0.602000 2.478067 
0.603000 2.465091 
0.604000 2.451904 
0.605000 2.438509 
0.606000 2.424907 
0.607000 2.411101 
0.608000 2.397092 
0.609000 2.382882 
0.610000 2.368473 
0.611000 2.353865 
0.612000 2.339064 
0.613000 2.324070 
0.614000 2.308885 
0.615000 2.293511 
0.616000 2.277951 
0.617000 2.262206 
0.618000 2.246280 
0.619000 2.230174 
0.620000 2.213891 
0.621000 2.197433 
0.622000 2.180802 
0.623000 2.164002 
0.624000 2.147035 
0.625000 2.129903 
0.626000 2.112609 
0.627000 2.095155 
0.628000 2.077545 
0.629000 2.059780 
0.630000 2.041865 
0.631000 2.023800 
0.632000 2.005590 
0.633000 1.987237 
0.634000 1.968743 
0.635000 1.950113 
0.636000 1.931348 
0.637000 1.912451 
0.638000 1.893426 
0.639000 1.874275 
0.640000 1.855001 
0.641000 1.835608 
0.642000 1.816098 
0.643000 1.796474 
0.644000 1.776739 
0.645000 1.756897 
0.646000 1.736950 
0.647000 1.716901 
0.648000 1.696754 
0.649000 1.676510 
0.650000 1.656175 
0.651000 1.635750 
0.652000 1.615238 
0.653000 1.594643 
0.654000 1.573967 
0.655000 1.553214 
0.656000 1.532387 
0.657000 1.511489 
0.658000 1.490522 
0.659000 1.469490 
0.660000 1.448395 
0.661000 1.427242 
0.662000 1.406032 
0.663000 1.384769 
0.664000 1.363455 
0.665000 1.342095 
0.666000 1.320689 
0.667000 1.299242 
0.668000 1.277757 
0.669000 1.256236 
0.670000 1.234682 
0.671000 1.213097 
0.672000 1.191486 
0.673000 1.169850 
0.674000 1.148192 
0.675000 1.126516 
0.676000 1.104823 
0.677000 1.083117 
0.678000 1.061400 
0.679000 1.039675 
0.680000 1.017945 
0.681000 0.996212 
0.682000 0.974478 
0.683000 0.952746 
0.684000 0.931020 
0.685000 0.909300 
0.686000 0.887590 
0.687000 0.865893 
0.688000 0.844210 
0.689000 0.822544 
0.690000 0.800897 
0.691000 0.779271 
0.692000 0.757670 
0.693000 0.736094 
0.694000 0.714547 
0.695000 0.693030 
0.696000 0.671546 
0.697000 0.650096 
0.698000 0.628684 
0.699000 0.607310 
0.700000 0.585977 
0.701000 0.564686 
0.702000 0.543441 
0.703000 0.522242 
0.704000 0.501092 
0.705000 0.479992 
0.706000 0.458944 
0.707000 0.437951 
0.708000 0.417013 
0.709000 0.396132 
0.710000 0.375311 
0.711000 0.354550 
0.712000 0.333851 
0.713000 0.313217 
0.714000 0.292648 
0.715000 0.272146 
0.716000 0.251712 
0.717000 0.231348 
0.718000 0.211056 
0.719000 0.190836 
0.720000 0.170690 
0.721000 0.150619 
0.722000 0.130625 
0.723000 0.110708 
0.724000 0.090871 
0.725000 0.071114 
0.726000 0.051438 
0.727000 0.031845 
0.728000 0.012335 
0.729000 -0.007091 
0.730000 -0.026430 
0.731000 -0.045683 
0.732000 -0.064848 
0.733000 -0.083925 
0.734000 -0.102913 
0.735000 -0.121810 
0.736000 -0.140616 
0.737000 -0.159329 
0.738000 -0.177951 
0.739000 -0.196478 
0.740000 -0.214911 
0.741000 -0.233249 
0.742000 -0.251492 
0.743000 -0.269637 
0.744000 -0.287686 
0.745000 -0.305638 
0.746000 -0.323491 
0.747000 -0.341245 
0.748000 -0.358899 
0.749000 -0.376454 
0.750000 -0.393909 
0.751000 -0.411262 
0.752000 -0.428515 
0.753000 -0.445665 
0.754000 -0.462714 
0.755000 -0.479659 
0.756000 -0.496502 
0.757000 -0.513242 
0.758000 -0.529878 
0.759000 -0.546410 
0.760000 -0.562838 
0.761000 -0.579162 
0.762000 -0.595381 
0.763000 -0.611494 
0.764000 -0.627503 
0.765000 -0.643407 
0.766000 -0.659205 
0.767000 -0.674897 
0.768000 -0.690483 
0.769000 -0.705964 
0.770000 -0.721338 
0.771000 -0.736607 
0.772000 -0.751769 
0.773000 -0.766825 
0.774000 -0.781774 
0.775000 -0.796617 
0.776000 -0.811354 
0.777000 -0.825984 
0.778000 -0.840508 
0.779000 -0.854926 
0.780000 -0.869237 
0.781000 -0.883442 
0.782000 -0.897540 
0.783000 -0.911533 
0.784000 -0.925419 
0.785000 -0.939199 
0.786000 -0.952874 
0.787000 -0.966442 
0.788000 -0.979905 
0.789000 -0.993262 
0.790000 -1.006514 
0.791000 -1.019661 
0.792000 -1.032702 
0.793000 -1.045639 
0.794000 -1.058471 
0.795000 -1.071198 
0.796000 -1.083821 
0.797000 -1.096340 
0.798000 -1.108755 
0.799000 -1.121066 
0.800000 -1.133274 
0.801000 -1.145378 
0.802000 -1.157380 
0.803000 -1.169279 
0.804000 -1.181075 
0.805000 -1.192769 
0.806000 -1.204361 
0.807000 -1.215851 
0.808000 -1.227240 
0.809000 -1.238527 
0.810000 -1.249714 
0.811000 -1.260801 
0.812000 -1.271787 
0.813000 -1.282673 
0.814000 -1.293459 
0.815000 -1.304147 
0.816000 -1.314735 
0.817000 -1.325224 
0.818000 -1.335616 
0.819000 -1.345909 
0.820000 -1.356104 
0.821000 -1.366203 
0.822000 -1.376204 
0.823000 -1.386109 
0.824000 -1.395917 
0.825000 -1.405629 
0.826000 -1.415246 
0.827000 -1.424767 
0.828000 -1.434194 
0.829000 -1.443526 
0.830000 -1.452764 
0.831000 -1.461909 
0.832000 -1.470959 
0.833000 -1.479917 
0.834000 -1.488782 
0.835000 -1.497555 
0.836000 -1.506236 
0.837000 -1.514825 
0.838000 -1.523324 
0.839000 -1.531731 
0.840000 -1.540048 
0.841000 -1.548275 
0.842000 -1.556412 
0.843000 -1.564460 
0.844000 -1.572420 
0.845000 -1.580290 
0.846000 -1.588073 
0.847000 -1.595768 
0.848000 -1.603375 
0.849000 -1.610896 
0.850000 -1.618330 
0.851000 -1.625678 
0.852000 -1.632940 
0.853000 -1.640117 
0.854000 -1.647209 
0.855000 -1.654216 
0.856000 -1.661138 
0.857000 -1.667978 
0.858000 -1.674733 
0.859000 -1.681406 
0.860000 -1.687995 
0.861000 -1.694503 
0.862000 -1.700928 
0.863000 -1.707272 
0.864000 -1.713535 
0.865000 -1.719717 
0.866000 -1.725819 
0.867000 -1.731841 
0.868000 -1.737783 
0.869000 -1.743646 
0.870000 -1.749430 
0.871000 -1.755135 
0.872000 -1.760763 
0.873000 -1.766313 
0.874000 -1.771785 
0.875000 -1.777180 
0.876000 -1.782499 
0.877000 -1.787741 
0.878000 -1.792908 
0.879000 -1.797999 
0.880000 -1.803015 
0.881000 -1.807956 
0.882000 -1.812823 
0.883000 -1.817616 
0.884000 -1.822335 
0.885000 -1.826980 
0.886000 -1.831553 
0.887000 -1.836053 
0.888000 -1.840481 
0.889000 -1.844837 
0.890000 -1.849122 
0.891000 -1.853335 
0.892000 -1.857478 
0.893000 -1.861550 
0.894000 -1.865552 
0.895000 -1.869484 
0.896000 -1.873346 
0.897000 -1.877140 
0.898000 -1.880865 
0.899000 -1.884521 
0.900000 -1.888109 
0.901000 -1.891630 
0.902000 -1.895083 
0.903000 -1.898469 
0.904000 -1.901788 
0.905000 -1.905040 
0.906000 -1.908227 
0.907000 -1.911348 
0.908000 -1.914403 
0.909000 -1.917394 
0.910000 -1.920319 
0.911000 -1.923180 
0.912000 -1.925977 
0.913000 -1.928709 
0.914000 -1.931379 
0.915000 -1.933985 
0.916000 -1.936528 
0.917000 -1.939008 
0.918000 -1.941426 
0.919000 -1.943782 
0.920000 -1.946077 
0.921000 -1.948310 
0.922000 -1.950481 
0.923000 -1.952592 
0.924000 -1.954643 
0.925000 -1.956633 
0.926000 -1.958563 
0.927000 -1.960433 
0.928000 -1.962245 
0.929000 -1.963996 
0.930000 -1.965690 
0.931000 -1.967324 
0.932000 -1.968900 
0.933000 -1.970419 
0.934000 -1.971879 
0.935000 -1.973282 
0.936000 -1.974628 
0.937000 -1.975917 
0.938000 -1.977150 
0.939000 -1.978326 
0.940000 -1.979446 
0.941000 -1.980510 
0.942000 -1.981518 
0.943000 -1.982471 
0.944000 -1.983369 
0.945000 -1.984212 
0.946000 -1.985001 
0.947000 -1.985735 
0.948000 -1.986416 
0.949000 -1.987042 
0.950000 -1.987615 
0.951000 -1.988134 
0.952000 -1.988600 
0.953000 -1.989014 
0.954000 -1.989375 
0.955000 -1.989683 
0.956000 -1.989940 
0.957000 -1.990144 
0.958000 -1.990297 
0.959000 -1.990398 
0.960000 -1.990448 
0.961000 -1.990447 
0.962000 -1.990395 
0.963000 -1.990292 
0.964000 -1.990140 
0.965000 -1.989937 
0.966000 -1.989684 
0.967000 -1.989381 
0.968000 -1.989030 
0.969000 -1.988628 
0.970000 -1.988178 
0.971000 -1.987679 
0.972000 -1.987131 
0.973000 -1.986535 
0.974000 -1.985890 
0.975000 -1.985197 
0.976000 -1.984457 
0.977000 -1.983669 
0.978000 -1.982833 
0.979000 -1.981951 
0.980000 -1.981021 
0.981000 -1.980044 
0.982000 -1.979021 
0.983000 -1.977951 
0.984000 -1.976835 
0.985000 -1.975672 
0.986000 -1.974464 
0.987000 -1.973210 
0.988000 -1.971910 
0.989000 -1.970565 
0.990000 -1.969175 
0.991000 -1.967740 
0.992000 -1.966260 
0.993000 -1.964735 
0.994000 -1.963165 
0.995000 -1.961552 
0.996000 -1.959894 
0.997000 -1.958192 
0.998000 -1.956446 
0.999000 -1.954657 
1.000000 -1.952824 
1.001000 -1.950947 
1.002000 -1.949028 
1.003000 -1.947065 
1.004000 -1.945059 
1.005000 -1.943011 
1.006000 -1.940920 
1.007000 -1.938787 
1.008000 -1.936611 
1.009000 -1.934393 
1.010000 -1.932134 
1.011000 -1.929832 
1.012000 -1.927489 
1.013000 -1.925104 
1.014000 -1.922677 
1.015000 -1.920210 
1.016000 -1.917701 
1.017000 -1.915152 
1.018000 -1.912561 
1.019000 -1.909930 
1.020000 -1.907258 
1.021000 -1.904546 
1.022000 -1.901793 
1.023000 -1.899000 
1.024000 -1.896167 
1.025000 -1.893295 
1.026000 -1.890382 
1.027000 -1.887430 
1.028000 -1.884438 
1.029000 -1.881407 
1.030000 -1.878336 
1.031000 -1.875226 
1.032000 -1.872077 
1.033000 -1.868890 
1.034000 -1.865663 
1.035000 -1.862398 
1.036000 -1.859094 
1.037000 -1.855751 
1.038000 -1.852370 
1.039000 -1.848951 
1.040000 -1.845494 
1.041000 -1.841999 
1.042000 -1.838465 
1.043000 -1.834894 
1.044000 -1.831285 
1.045000 -1.827639 
1.046000 -1.823955 
1.047000 -1.820234 
1.048000 -1.816475 
1.049000 -1.812679 
1.050000 -1.808846 
1.051000 -1.804976 
1.052000 -1.801069 
1.053000 -1.797125 
1.054000 -1.793144 
1.055000 -1.789127 
1.056000 -1.785073 
1.057000 -1.780983 
1.058000 -1.776856 
1.059000 -1.772693 
1.060000 -1.768494 
1.061000 -1.764259 
1.062000 -1.759988 
1.063000 -1.755680 
1.064000 -1.751337 
1.065000 -1.746958 
1.066000 -1.742544 
1.067000 -1.738094 
1.068000 -1.733608 
1.069000 -1.729087 
1.070000 -1.724530 
1.071000 -1.719939 
1.072000 -1.715312 
1.073000 -1.710650 
1.074000 -1.705952 
1.075000 -1.701220 
1.076000 -1.696453 
1.077000 -1.691651 
1.078000 -1.686814 
1.079000 -1.681943 
1.080000 -1.677037 
1.081000 -1.672096 
1.082000 -1.667121 
1.083000 -1.662111 
1.084000 -1.657067 
1.085000 -1.651989 
1.086000 -1.646876 
1.087000 -1.641730 
1.088000 -1.636549 
1.089000 -1.631334 
1.090000 -1.626085 
1.091000 -1.620802 
1.092000 -1.615485 
1.093000 -1.610135 
1.094000 -1.604751 
1.095000 -1.599333 
1.096000 -1.593881 
1.097000 -1.588396 
1.098000 -1.582877 
1.099000 -1.577325 
1.100000 -1.571739 
1.101000 -1.566120 
1.102000 -1.560467 
1.103000 -1.554782 
1.104000 -1.549063 
1.105000 -1.543310 
1.106000 -1.537525 
1.107000 -1.531707 
1.108000 -1.525855 
1.109000 -1.519971 
1.110000 -1.514053 
1.111000 -1.508102 
1.112000 -1.502119 
1.113000 -1.496103 
1.114000 -1.490054 
1.115000 -1.483973 
1.116000 -1.477859 
1.117000 -1.471712 
1.118000 -1.465532 
1.119000 -1.459320 
1.120000 -1.453075 
1.121000 -1.446798 
1.122000 -1.440489 
1.123000 -1.434147 
1.124000 -1.427772 
1.125000 -1.421365 
1.126000 -1.414926 
1.127000 -1.408455 
1.128000 -1.401951 
1.129000 -1.395415 
1.130000 -1.388847 
1.131000 -1.382247 
1.132000 -1.375614 
1.133000 -1.368950 
1.134000 -1.362253 
1.135000 -1.355524 
1.136000 -1.348764 
1.137000 -1.341971 
1.138000 -1.335147 
1.139000 -1.328290 
1.140000 -1.321402 
1.141000 -1.314481 
1.142000 -1.307529 
1.143000 -1.300545 
1.144000 -1.293529 
1.145000 -1.286481 
1.146000 -1.279402 
1.147000 -1.272291 
1.148000 -1.265148 
1.149000 -1.257974 
1.150000 -1.250767 
1.151000 -1.243530 
1.152000 -1.236260 
1.153000 -1.228959 
1.154000 -1.221626 
1.155000 -1.214262 
1.156000 -1.206866 
1.157000 -1.199439 
1.158000 -1.191980 
1.159000 -1.184490 
1.160000 -1.176968 
1.161000 -1.169414 
1.162000 -1.161830 
1.163000 -1.154213 
1.164000 -1.146566 
1.165000 -1.138887 
1.166000 -1.131176 
1.167000 -1.123434 
1.168000 -1.115661 
1.169000 -1.107857 
1.170000 -1.100021 
1.171000 -1.092154 
1.172000 -1.084255 
1.173000 -1.076325 
1.174000 -1.068364 
1.175000 -1.060372 
1.176000 -1.052349 
1.177000 -1.044294 
1.178000 -1.036208 
1.179000 -1.028090 
1.180000 -1.019942 
1.181000 -1.011762 
1.182000 -1.003551 
1.183000 -0.995309 
1.184000 -0.987036 
1.185000 -0.978731 
1.186000 -0.970396 
1.187000 -0.962029 
1.188000 -0.953631 
1.189000 -0.945202 
1.190000 -0.936742 
1.191000 -0.928251 
1.192000 -0.919728 
1.193000 -0.911175 
1.194000 -0.902590 
1.195000 -0.893975 
1.196000 -0.885328 
1.197000 -0.876650 
1.198000 -0.867941 
1.199000 -0.859201 
1.200000 -0.850431 
1.201000 -0.841629 
1.202000 -0.832796 
1.203000 -0.823931 
1.204000 -0.815036 
1.205000 -0.806110 
1.206000 -0.797153 
1.207000 -0.788165 
1.208000 -0.779146 
1.209000 -0.770096 
1.210000 -0.761015 
1.211000 -0.751903 
1.212000 -0.742760 
1.213000 -0.733586 
1.214000 -0.724382 
1.215000 -0.715146 
1.216000 -0.705879 
1.217000 -0.696582 
1.218000 -0.687253 
1.219000 -0.677894 
1.220000 -0.668503 
1.221000 -0.659082 
1.222000 -0.649630 
1.223000 -0.640147 
1.224000 -0.630633 
1.225000 -0.621089 
1.226000 -0.611513 
1.227000 -0.601907 
1.228000 -0.592270 
1.229000 -0.582602 
1.230000 -0.572903 
1.231000 -0.563173 
1.232000 -0.553413 
1.233000 -0.543622 
1.234000 -0.533800 
1.235000 -0.523948 
1.236000 -0.514064 
1.237000 -0.504150 
1.238000 -0.494206 
1.239000 -0.484230 
1.240000 -0.474224 
1.241000 -0.464187 
1.242000 -0.454120 
1.243000 -0.444022 
1.244000 -0.433893 
1.245000 -0.423734 
1.246000 -0.413544 
1.247000 -0.403324 
1.248000 -0.393073 
1.249000 -0.382792 
1.250000 -0.372480 
1.251000 -0.362137 
1.252000 -0.351764 
1.253000 -0.341361 
1.254000 -0.330927 
1.255000 -0.320463 
1.256000 -0.309969 
1.257000 -0.299444 
1.258000 -0.288889 
1.259000 -0.278304 
1.260000 -0.267688 
1.261000 -0.257043 
1.262000 -0.246367 
1.263000 -0.235660 
1.264000 -0.224924 
1.265000 -0.214158 
1.266000 -0.203361 
1.267000 -0.192535 
1.268000 -0.181678 
1.269000 -0.170792 
1.270000 -0.159875 
1.271000 -0.148929 
1.272000 -0.137953 
1.273000 -0.126947 
1.274000 -0.115912 
1.275000 -0.104846 
1.276000 -0.093751 
1.277000 -0.082627 
1.278000 -0.071473 
1.279000 -0.060289 
1.280000 -0.049076 
1.281000 -0.037833 
1.282000 -0.026561 
1.283000 -0.015260 
1.284000 -0.003930 
1.285000 0.007430 
1.286000 0.018819 
1.287000 0.030237 
1.288000 0.041683 
1.289000 0.053159 
1.290000 0.064664 
1.291000 0.076197 
1.292000 0.087760 
1.293000 0.099350 
1.294000 0.110970 
1.295000 0.122618 
1.296000 0.134294 
1.297000 0.145999 
1.298000 0.157732 
1.299000 0.169493 
1.300000 0.181282 
1.301000 0.193100 
1.302000 0.204945 
1.303000 0.216818 
1.304000 0.228719 
1.305000 0.240647 
1.306000 0.252603 
1.307000 0.264586 
1.308000 0.276597 
1.309000 0.288635 
1.310000 0.300700 
1.311000 0.312792 
1.312000 0.324911 
1.313000 0.337056 
1.314000 0.349229 
1.315000 0.361427 
1.316000 0.373652 
1.317000 0.385904 
1.318000 0.398181 
1.319000 0.410485 
1.320000 0.422814 
1.321000 0.435169 
1.322000 0.447550 
1.323000 0.459956 
1.324000 0.472387 
1.325000 0.484843 
1.326000 0.497324 
1.327000 0.509830 
1.328000 0.522361 
1.329000 0.534916 
1.330000 0.547496 
1.331000 0.560099 
1.332000 0.572726 
1.333000 0.585377 
1.334000 0.598052 
1.335000 0.610750 
1.336000 0.623471 
1.337000 0.636215 
1.338000 0.648982 
1.339000 0.661771 
1.340000 0.674583 
1.341000 0.687416 
1.342000 0.700272 
1.343000 0.713149 
1.344000 0.726048 
1.345000 0.738968 
1.346000 0.751908 
1.347000 0.764870 
1.348000 0.777852 
1.349000 0.790854 
1.350000 0.803875 
1.351000 0.816917 
1.352000 0.829978 
1.353000 0.843058 
1.354000 0.856157 
1.355000 0.869274 
1.356000 0.882410 
1.357000 0.895563 
1.358000 0.908734 
1.359000 0.921923 
1.360000 0.935128 
1.361000 0.948350 
1.362000 0.961589 
1.363000 0.974843 
1.364000 0.988113 
1.365000 1.001399 
1.366000 1.014699 
1.367000 1.028014 
1.368000 1.041343 
1.369000 1.054686 
1.370000 1.068043 
1.371000 1.081412 
1.372000 1.094794 
1.373000 1.108189 
1.374000 1.121595 
1.375000 1.135013 
1.376000 1.148441 
1.377000 1.161881 
1.378000 1.175330 
1.379000 1.188789 
1.380000 1.202258 
1.381000 1.215735 
1.382000 1.229220 
1.383000 1.242713 
1.384000 1.256214 
1.385000 1.269721 
1.386000 1.283234 
1.387000 1.296754 
1.388000 1.310278 
1.389000 1.323808 
1.390000 1.337341 
1.391000 1.350878 
1.392000 1.364418 
1.393000 1.377961 
1.394000 1.391506 
1.395000 1.405051 
1.396000 1.418598 
1.397000 1.432145 
1.398000 1.445691 
1.399000 1.459236 
1.400000 1.472779 
1.401000 1.486320 
1.402000 1.499857 
1.403000 1.513391 
1.404000 1.526920 
1.405000 1.540445 
1.406000 1.553963 
1.407000 1.567475 
1.408000 1.580979 
1.409000 1.594476 
1.410000 1.607963 
1.411000 1.621441 
1.412000 1.634909 
1.413000 1.648365 
1.414000 1.661810 
1.415000 1.675242 
1.416000 1.688660 
1.417000 1.702064 
1.418000 1.715453 
1.419000 1.728826 
1.420000 1.742182 
1.421000 1.755519 
1.422000 1.768839 
1.423000 1.782138 
1.424000 1.795417 
1.425000 1.808674 
1.426000 1.821909 
1.427000 1.835121 
1.428000 1.848308 
1.429000 1.861469 
1.430000 1.874605 
1.431000 1.887713 
1.432000 1.900792 
1.433000 1.913842 
1.434000 1.926862 
1.435000 1.939849 
1.436000 1.952805 
1.437000 1.965726 
1.438000 1.978612 
1.439000 1.991463 
1.440000 2.004276 
1.441000 2.017051 
1.442000 2.029786 
1.443000 2.042481 
1.444000 2.055134 
1.445000 2.067743 
1.446000 2.080308 
1.447000 2.092828 
1.448000 2.105301 
1.449000 2.117725 
1.450000 2.130101 
1.451000 2.142425 
1.452000 2.154698 
1.453000 2.166917 
1.454000 2.179081 
1.455000 2.191189 
1.456000 2.203240 
1.457000 2.215232 
1.458000 2.227163 
1.459000 2.239033 
1.460000 2.250840 
1.461000 2.262582 
1.462000 2.274258 
1.463000 2.285866 
1.464000 2.297405 
1.465000 2.308874 
1.466000 2.320271 
1.467000 2.331594 
1.468000 2.342842 
1.469000 2.354013 
1.470000 2.365106 
1.471000 2.376119 
1.472000 2.387050 
1.473000 2.397898 
1.474000 2.408661 
1.475000 2.419338 
1.476000 2.429927 
1.477000 2.440426 
1.478000 2.450833 
1.479000 2.461147 
1.480000 2.471367 
1.481000 2.481489 
1.482000 2.491514 
1.483000 2.501438 
1.484000 2.511260 
1.485000 2.520979 
1.486000 2.530592 
1.487000 2.540098 
1.488000 2.549495 
1.489000 2.558781 
1.490000 2.567955 
1.491000 2.577014 
1.492000 2.585956 
1.493000 2.594781 
1.494000 2.603485 
1.495000 2.612068 
1.496000 2.620527 
1.497000 2.628860 
1.498000 2.637066 
1.499000 2.645142 
