# time Tc_folded Tref_folded model 
2449300.559923 -5.513835 0.392695     1.566793
2449313.101259 7.027501 0.270651    -0.082698
2449325.642595 5.284143 0.148607    -1.701133
2449338.183931 3.540785 0.026564    -2.346041
2449350.725267 1.797427 0.904520    -1.661508
2449363.266603 0.054069 0.782476    -0.066859
2449375.807939 -1.689289 0.660432     1.547912
2449388.349275 -3.432647 0.538388     2.314200
2449400.890611 -5.176005 0.416345     1.804216
2449413.431947 -6.919363 0.294301     0.267753
2449425.973283 5.621973 0.172257    -1.439472
2449438.514619 3.878615 0.050213    -2.325254
2449451.055955 2.135257 0.928170    -1.887793
2449463.597291 0.391899 0.806126    -0.407836
2449476.138627 -1.351459 0.684082     1.278301
2449488.679963 -3.094817 0.562038     2.260832
2449501.221299 -4.838175 0.439995     2.001084
2449513.762635 -6.581533 0.317951     0.611292
2449526.303971 5.959803 0.195907    -1.145327
2449538.845307 4.216445 0.073863    -2.252177
2449551.386643 2.473087 0.951819    -2.073160
2449563.927979 0.729729 0.829776    -0.740879
2449576.469315 -1.013629 0.707732     0.981087
2449589.010651 -2.756987 0.585688     2.158749
2449601.551987 -4.500345 0.463644     2.153378
2449614.093323 -6.243703 0.341601     0.940167
2449626.634659 6.297633 0.219557    -0.825522
2449639.175995 4.554275 0.097513    -2.128248
2449651.717331 2.810917 0.975469    -2.213189
2449664.258667 1.067559 0.853425    -1.058791
2449676.800003 -0.675799 0.731382     0.662483
2449689.341339 -2.419157 0.609338     2.010299
2449701.882675 -4.162515 0.487294     2.258101
2449714.424011 -5.905873 0.365250     1.247059
2449726.965347 6.635463 0.243207    -0.487483
2449739.506684 4.892105 0.121163    -1.956133
2449752.048020 3.148747 0.999119    -2.304422
2449764.589356 1.405389 0.877075    -1.354605
2449777.130692 -0.337969 0.755031     0.329156
2449789.672028 -2.081327 0.632988     1.818750
2449802.213364 -3.824685 0.510944     2.313308
2449814.754700 -5.568043 0.388900     1.525242
2449827.296036 6.973293 0.266856    -0.139040
2449839.837372 5.229935 0.144813    -1.739677
2449852.378708 3.486577 0.022769    -2.344477
2449864.920044 1.743219 0.900725    -1.621731
2449877.461380 -0.000139 0.778681    -0.011897
2449890.002716 -1.743497 0.656637     1.588216
2449902.544052 -3.486855 0.534594     2.318122
2449915.085388 -5.230213 0.412550     1.768732
2449927.626724 -6.973571 0.290506     0.211779
2449940.168060 5.567765 0.168462    -1.483813
2449952.709396 3.824407 0.046419    -2.332132
2449965.250732 2.081049 0.924375    -1.854112
2449977.792068 0.337691 0.802331    -0.353468
2449990.333404 -1.405667 0.680287     1.323576
2450002.874740 -3.149025 0.558243     2.272724
2450015.416076 -4.892383 0.436200     1.972404
2450027.957412 -6.635741 0.314156     0.556958
2450040.498748 5.905595 0.192112    -1.194439
2450053.040084 4.162237 0.070068    -2.267381
2450065.581420 2.418879 0.948025    -2.046366
2450078.122756 0.675521 0.825981    -0.688273
2450090.664092 -1.067837 0.703937     1.030386
2450103.205428 -2.811195 0.581893     2.178324
2450115.746764 -4.554552 0.459850     2.132080
2450128.288100 -6.297910 0.337806     0.888693
2450140.829436 6.243426 0.215762    -0.878265
2450153.370772 4.500068 0.093718    -2.151463
2450165.912109 2.756710 0.971674    -2.193929
2450178.453445 1.013352 0.849631    -1.009091
2450190.994781 -0.730006 0.727587     0.714776
2450203.536117 -2.473364 0.605543     2.037118
2450216.077453 -4.216722 0.483499     2.244595
2450228.618789 -5.960080 0.361456     1.199582
2450241.160125 6.581256 0.239412    -0.542632
2450253.701461 4.837898 0.117368    -1.986850
2450266.242797 3.094540 0.995324    -2.293181
2450278.784133 1.351182 0.873280    -1.308905
2450291.325469 -0.392176 0.751237     0.383347
2450303.866805 -2.135534 0.629193     1.852229
2450316.408141 -3.878892 0.507149     2.307833
2450328.949477 -5.622250 0.385105     1.482796
2450341.490813 6.919086 0.263062    -0.195320
2450354.032149 5.175728 0.141018    -1.777204
2450366.573485 3.432370 0.018974    -2.341562
2450379.114821 1.689012 0.896930    -1.581058
2450391.656157 -0.054346 0.774886     0.043052
2450404.197493 -1.797704 0.652843     1.627640
2450416.738829 -3.541062 0.530799     2.320749
2450429.280165 -5.284420 0.408755     1.732222
2450441.821501 -7.027778 0.286711     0.155660
2450454.362837 5.513558 0.164668    -1.527290
2450466.904173 3.770200 0.042624    -2.337657
2450479.445509 2.026842 0.920580    -1.819396
2450491.986845 0.283484 0.798536    -0.298926
2450504.528181 -1.459874 0.676492     1.368115
2450517.069517 -3.203232 0.554449     2.283353
2450529.610853 -4.946590 0.432405     1.942590
2450542.152189 -6.689948 0.310361     0.502278
2450554.693525 5.851388 0.188317    -1.242860
2450567.234861 4.108030 0.066274    -2.281264
2450579.776197 2.364672 0.944230    -2.018420
2450592.317534 0.621314 0.822186    -0.635307
2450604.858870 -1.122044 0.700142     1.079106
2450617.400206 -2.865402 0.578098     2.196693
2450629.941542 -4.608760 0.456055     2.109566
2450642.482878 -6.352118 0.334011     0.836681
2450655.024214 6.189218 0.211967    -0.930506
2450667.565550 4.445860 0.089923    -2.173422
2450680.106886 2.702502 0.967880    -2.173423
2450692.648222 0.959144 0.845836    -0.958848
2450705.189558 -0.784214 0.723792     0.766660
2450717.730894 -2.527572 0.601748     2.062810
2450730.272230 -4.270930 0.479704     2.229817
2450742.813566 -6.014288 0.357661     1.151392
2450755.354902 6.527048 0.235617    -0.597480
2450767.896238 4.783690 0.113573    -2.016406
2450780.437574 3.040332 0.991529    -2.280628
2450792.978910 1.296974 0.869486    -1.262492
2450805.520246 -0.446384 0.747442     0.437309
2450818.061582 -2.189742 0.625398     1.884683
2450830.602918 -3.933100 0.503354     2.301061
2450843.144254 -5.676458 0.381311     1.439478
2450855.685590 6.864878 0.259267    -0.251506
2450868.226926 5.121520 0.137223    -1.813692
2450880.768262 3.378162 0.015179    -2.337298
2450893.309598 1.634804 0.893135    -1.539513
2450905.850934 -0.108554 0.771092     0.097958
2450918.392270 -1.851912 0.649048     1.666163
2450930.933606 -3.595270 0.527004     2.322078
2450943.474942 -5.338628 0.404960     1.694703
2450956.016278 -7.081986 0.282917     0.099428
2450968.557614 5.459350 0.160873    -1.569876
2450981.098950 3.715992 0.038829    -2.341829
2450993.640286 1.972634 0.916785    -1.783667
2451006.181622 0.229276 0.794741    -0.244240
2451018.722959 -1.514082 0.672698     1.411893
2451031.264295 -3.257440 0.550654     2.292711
2451043.805631 -5.000798 0.428610     1.911656
2451056.346967 -6.744156 0.306566     0.447282
2451068.888303 5.797180 0.184523    -1.290561
2451081.429639 4.053822 0.062479    -2.293820
2451093.970975 2.310464 0.940435    -1.989337
2451106.512311 0.567106 0.818391    -0.582009
2451119.053647 -1.176252 0.696347     1.127223
2451131.594983 -2.919610 0.574304     2.213844
2451144.136319 -4.662968 0.452260     2.085846
2451156.677655 -6.406326 0.330216     0.784160
2451169.218991 6.135010 0.208172    -0.982213
2451181.760327 4.391652 0.086129    -2.194112
2451194.301663 2.648294 0.964085    -2.151685
2451206.842999 0.904936 0.842041    -0.908093
2451219.384335 -0.838422 0.719997     0.818109
2451231.925671 -2.581780 0.597953     2.087361
2451244.467007 -4.325138 0.475910     2.213776
2451257.008343 -6.068496 0.353866     1.102514
2451269.549679 6.472840 0.231822    -0.651994
2451282.091015 4.729482 0.109778    -2.044783
2451294.632351 2.986124 0.987735    -2.266772
2451307.173687 1.242767 0.865691    -1.215393
2451319.715023 -0.500591 0.743647     0.491013
2451332.256359 -2.243949 0.621603     1.916096
2451344.797695 -3.987307 0.499559     2.292994
2451357.339031 -5.730665 0.377516     1.395312
2451369.880367 6.810671 0.255472    -0.307565
2451382.421703 5.067313 0.133428    -1.849120
2451394.963039 3.323955 0.011384    -2.331689
2451407.504375 1.580597 0.889341    -1.497121
2451420.045711 -0.162761 0.767297     0.152790
2451432.587047 -1.906119 0.645253     1.703764
2451445.128384 -3.649477 0.523209     2.322108
2451457.669720 -5.392835 0.401166     1.656198
2451470.211056 -7.136193 0.279122     0.043117
2451482.752392 5.405143 0.157078    -1.611547
2451495.293728 3.661785 0.035034    -2.344645
2451507.835064 1.918427 0.912990    -1.746944
2451520.376400 0.175069 0.790947    -0.189440
2451532.917736 -1.568289 0.668903     1.454888
2451545.459072 -3.311647 0.546859     2.300793
2451558.000408 -5.055005 0.424815     1.879619
2451570.541744 -6.798363 0.302772     0.392002
2451583.083080 5.742973 0.180728    -1.337512
2451595.624416 3.999615 0.058684    -2.305043
2451608.165752 2.256257 0.936640    -1.959138
2451620.707088 0.512899 0.814596    -0.528411
2451633.248424 -1.230459 0.692553     1.174709
2451645.789760 -2.973817 0.570509     2.229767
2451658.331096 -4.717175 0.448465     2.060933
2451670.872432 -6.460533 0.326421     0.731162
2451683.413768 6.080803 0.204378    -1.033357
2451695.955104 4.337445 0.082334    -2.213522
2451708.496440 2.594087 0.960290    -2.128727
2451721.037776 0.850729 0.838246    -0.856853
2451733.579112 -0.892629 0.716202     0.869093
2451746.120448 -2.635987 0.594159     2.110757
2451758.661784 -4.379345 0.472115     2.196479
2451771.203120 -6.122703 0.350071     1.052977
2451783.744456 6.418633 0.228027    -0.706142
2451796.285792 4.675275 0.105984    -2.071964
2451808.827128 2.931917 0.983940    -2.251622
2451821.368464 1.188559 0.861896    -1.167635
2451833.909800 -0.554799 0.739852     0.544431
2451846.451136 -2.298157 0.617808     1.946450
2451858.992472 -4.041515 0.495765     2.283634
2451871.533809 -5.784873 0.373721     1.350323
2451884.075145 6.756463 0.251677    -0.363462
2451896.616481 5.013105 0.129633    -1.883467
2451909.157817 3.269747 0.007590    -2.324740
2451921.699153 1.526389 0.885546    -1.453906
2451934.240489 -0.216969 0.763502     0.207518
2451946.781825 -1.960327 0.641458     1.740423
2451959.323161 -3.703685 0.519414     2.320837
2451971.864497 -5.447043 0.397371     1.616726
2451984.405833 7.094293 0.275327    -0.013241
2451996.947169 5.350935 0.153283    -1.652276
2452009.488505 3.607577 0.031239    -2.346105
2452022.029841 1.864219 0.909196    -1.709252
2452034.571177 0.120861 0.787152    -0.134556
2452047.112513 -1.622497 0.665108     1.497075
2452059.653849 -3.365855 0.543064     2.307592
2452072.195185 -5.109213 0.421021     1.846496
2452084.736521 -6.852571 0.298977     0.336472
2452097.277857 5.688765 0.176933    -1.383687
2452109.819193 3.945407 0.054889    -2.314926
2452122.360529 2.202049 0.932845    -1.927840
2452134.901865 0.458691 0.810802    -0.474541
2452147.443201 -1.284667 0.688758     1.221539
2452159.984537 -3.028025 0.566714     2.244452
2452172.525873 -4.771383 0.444670     2.034839
2452185.067209 -6.514741 0.322627     0.677716
2452197.608545 6.026595 0.200583    -1.083906
2452210.149881 4.283237 0.078539    -2.231641
2452222.691217 2.539879 0.956495    -2.104565
2452235.232553 0.796521 0.834451    -0.805158
2452247.773889 -0.946837 0.712408     0.919587
2452260.315225 -2.690195 0.590364     2.132985
2452272.856561 -4.433553 0.468320     2.177933
2452285.397897 -6.176911 0.346276     1.002809
2452297.939234 6.364425 0.224233    -0.759891
2452310.480570 4.621067 0.102189    -2.097935
2452323.021906 2.877709 0.980145    -2.235188
2452335.563242 1.134351 0.858101    -1.119244
2452348.104578 -0.609007 0.736057     0.597532
2452360.645914 -2.352365 0.614014     1.975728
2452373.187250 -4.095723 0.491970     2.272986
2452385.728586 -5.839081 0.369926     1.304536
2452398.269922 6.702255 0.247882    -0.419164
2452410.811258 4.958897 0.125839    -1.916713
2452423.352594 3.215539 0.003795    -2.316456
2452435.893930 1.472181 0.881751    -1.409894
2452448.435266 -0.271177 0.759707     0.262113
2452460.976602 -2.014535 0.637663     1.776119
2452473.517938 -3.757893 0.515620     2.318265
2452486.059274 -5.501251 0.393576     1.576309
2452498.600610 7.040086 0.271532    -0.069612
2452511.141946 5.296728 0.149488    -1.692042
2452523.683282 3.553370 0.027445    -2.346210
2452536.224618 1.810012 0.905401    -1.670612
2452548.765954 0.066654 0.783357    -0.079618
2452561.307290 -1.676704 0.661313     1.538432
2452573.848626 -3.420062 0.539269     2.313105
2452586.389962 -5.163420 0.417226     1.812305
2452598.931298 -6.906778 0.295182     0.280723
2452611.472634 5.634558 0.173138    -1.429057
2452624.013970 3.891200 0.051094    -2.323465
2452636.555306 2.147842 0.929051    -1.895462
2452649.096642 0.404484 0.807007    -0.420429
2452661.637978 -1.338874 0.684963     1.267687
2452674.179314 -3.082232 0.562919     2.257891
2452686.720650 -4.825590 0.440875     2.007578
2452699.261986 -6.568948 0.318832     0.623853
2452711.803322 5.972388 0.196788    -1.133829
2452724.344658 4.229030 0.074744    -2.248460
2452736.885995 2.485672 0.952700    -2.079214
2452749.427331 0.742314 0.830657    -0.753037
2452761.968667 -1.001044 0.708613     0.969562
2452774.510003 -2.744402 0.586569     2.154033
2452787.051339 -4.487760 0.464525     2.158148
2452799.592675 -6.231118 0.342482     0.952038
2452812.134011 6.310218 0.220438    -0.813209
2452824.675347 4.566860 0.098394    -2.122680
2452837.216683 2.823502 0.976350    -2.217480
2452849.758019 1.080144 0.854306    -1.070249
2452862.299355 -0.663214 0.732263     0.650288
2452874.840691 -2.406572 0.610219     2.003914
2452887.382027 -4.149930 0.488175     2.261054
2452899.923363 -5.893288 0.366131     1.257976
2452912.464699 6.648048 0.244088    -0.474640
2452925.006035 4.904690 0.122044    -1.948837
2452937.547371 3.161332 1.000000    -2.306843
2452950.088707 1.417974 0.877956    -1.365109
2452962.630043 -0.325384 0.755912     0.316546
2452975.171379 -2.068742 0.633869     1.810834
2452987.712715 -3.812100 0.511825     2.314393
2453000.254051 -5.555458 0.389781     1.534969
2453012.795387 6.985878 0.267737    -0.125964
2453025.336723 5.242520 0.145694    -1.730818
2453037.878059 3.499162 0.023650    -2.344961
2453050.419395 1.755804 0.901606    -1.631046
2453062.960731 0.012446 0.779562    -0.024657
2453075.502067 -1.730912 0.657518     1.578937
2453088.043403 -3.474270 0.535475     2.317327
2453100.584739 -5.217628 0.413431     1.777062
2453113.126075 -6.960986 0.291387     0.224788
2453125.667411 5.580350 0.169343    -1.473595
2453138.208747 3.836992 0.047300    -2.330656
2453150.750083 2.093634 0.925256    -1.862024
2453163.291420 0.350276 0.803212    -0.366107
2453175.832756 -1.393082 0.681168     1.313130
2453188.374092 -3.136440 0.559124     2.270076
2453200.915428 -4.879798 0.437081     1.979164
2453213.456764 -6.623156 0.315037     0.569604
2453225.998100 5.918180 0.192993    -1.183098
2453238.539436 4.174822 0.070949    -2.263969
2453251.080772 2.431464 0.948906    -2.052690
2453263.622108 0.688106 0.826862    -0.700519
2453276.163444 -1.055252 0.704818     1.018991
2453288.704780 -2.798610 0.582774     2.173887
2453301.246116 -4.541968 0.460730     2.137134
2453313.787452 -6.285326 0.338687     0.900692
2453326.328788 6.256010 0.216643    -0.866064
2453338.870124 4.512652 0.094599    -2.146185
2453351.411460 2.769294 0.972555    -2.198512
2453363.952796 1.025936 0.850512    -1.020678
2453376.494132 -0.717422 0.728468     0.702671
2453389.035468 -2.460780 0.606424     2.030992
2453401.576804 -4.204138 0.484380     2.247844
2453414.118140 -5.947496 0.362337     1.210669
2453426.659476 6.593840 0.240293    -0.529854
2453439.200812 4.850482 0.118249    -1.979822
2453451.742148 3.107124 0.996205    -2.295908
2453464.283484 1.363766 0.874161    -1.319579
2453476.824820 -0.379592 0.752118     0.370786
2453489.366156 -2.122950 0.630074     1.844547
2453501.907492 -3.866308 0.508030     2.309220
2453514.448828 -5.609666 0.385986     1.492728
2453526.990164 6.931670 0.263943    -0.182261
2453539.531500 5.188312 0.141899    -1.768584
2453552.072836 3.444954 0.019855    -2.342359
2453564.614172 1.701596 0.897811    -1.590579
2453577.155508 -0.041762 0.775767     0.030298
2453589.696845 -1.785120 0.653724     1.618567
2453602.238181 -3.528478 0.531680     2.320255
2453614.779517 -5.271836 0.409636     1.740788
2453627.320853 -7.015194 0.287592     0.168700
2453639.862189 5.526142 0.165549    -1.517275
2453652.403525 3.782784 0.043505    -2.336495
2453664.944861 2.039426 0.921461    -1.827547
2453677.486197 0.296068 0.799417    -0.311602
2453690.027533 -1.447290 0.677373     1.357842
2453702.568869 -3.190648 0.555330     2.280998
2453715.110205 -4.934006 0.433286     1.949612
2453727.651541 -6.677363 0.311242     0.515001
2453740.192877 5.863973 0.189198    -1.231682
2453752.734213 4.120615 0.067155    -2.278159
2453765.275549 2.377257 0.945111    -2.025009
2453777.816885 0.633899 0.823067    -0.647634
2453790.358221 -1.109459 0.701023     1.067848
2453802.899557 -2.852817 0.578979     2.192537
2453815.440893 -4.596175 0.456936     2.114900
2453827.982229 -6.339533 0.334892     0.848802
2453840.523565 6.201803 0.212848    -0.918424
2453853.064901 4.458445 0.090804    -2.168436
2453865.606237 2.715087 0.968761    -2.178294
2453878.147573 0.971729 0.846717    -0.970559
2453890.688909 -0.771629 0.724673     0.754653
2453903.230245 -2.514987 0.602629     2.056946
2453915.771581 -4.258345 0.480585     2.233361
2453928.312917 -6.001703 0.358542     1.162642
2453940.854253 6.539633 0.236498    -0.584775
2453953.395589 4.796275 0.114454    -2.009649
2453965.936925 3.052917 0.992410    -2.283659
2453978.478261 1.309559 0.870367    -1.273330
2453991.019597 -0.433799 0.748323     0.424804
2454003.560933 -2.177157 0.626279     1.877241
2454016.102270 -3.920515 0.504235     2.302749
2454028.643606 -5.663873 0.382192     1.449611
2454041.184942 6.877463 0.260148    -0.238473
2454053.726278 5.134105 0.138104    -1.805315
2454066.267614 3.390747 0.016060    -2.338408
2454078.808950 1.647389 0.894016    -1.549235
2454091.350286 -0.095969 0.771973     0.085216
2454103.891622 -1.839327 0.649929     1.657301
2454116.432958 -3.582685 0.527885     2.321885
2454128.974294 -5.326043 0.405841     1.703502
2454141.515630 -7.069401 0.283798     0.112491
2454154.056966 5.471935 0.161754    -1.560070
2454166.598302 3.728577 0.039710    -2.340981
2454179.139638 1.985219 0.917666    -1.792051
2454191.680974 0.241861 0.795622    -0.256947
2454204.222310 -1.501497 0.673579     1.401799
2454216.763646 -3.244855 0.551535     2.290652
2454229.304982 -4.988213 0.429491     1.918937
2454241.846318 -6.731571 0.307447     0.460076
2454254.387654 5.809765 0.185404    -1.279552
2454266.928990 4.066407 0.063360    -2.291024
2454279.470326 2.323049 0.941316    -1.996189
2454292.011662 0.579691 0.819272    -0.594411
2454304.552998 -1.163667 0.697228     1.116107
2454317.094334 -2.907025 0.575185     2.209971
2454329.635670 -4.650383 0.453141     2.091459
2454342.177006 -6.393741 0.331097     0.796397
2454354.718342 6.147595 0.209053    -0.970258
2454367.259678 4.404237 0.087010    -2.189422
2454379.801014 2.660879 0.964966    -2.156840
2454392.342350 0.917521 0.842922    -0.919920
2454404.883686 -0.825837 0.720878     0.806205
2454417.425022 -2.569195 0.598834     2.081764
2454429.966358 -4.312553 0.476791     2.217613
2454442.507695 -6.055911 0.354747     1.113921
2454455.049031 6.485425 0.232703    -0.639370
2454467.590367 4.742067 0.110659    -2.038301
2454480.131703 2.998709 0.988616    -2.270105
2454492.673039 1.255351 0.866572    -1.226387
2454505.214375 -0.488007 0.744528     0.478570
2454517.755711 -2.231365 0.622484     1.908897
2454530.297047 -3.974723 0.500440     2.294982
2454542.838383 -5.718081 0.378397     1.405640
2454555.379719 6.823255 0.256353    -0.294563
2454567.921055 5.079897 0.134309    -1.840991
2454580.462391 3.336539 0.012265    -2.333111
2454593.003727 1.593181 0.890222    -1.507037
2454605.545063 -0.150177 0.768178     0.140068
2454618.086399 -1.893535 0.646134     1.695118
2454630.627735 -3.636893 0.524090     2.322217
2454643.169071 -5.380251 0.402047     1.665224
2454655.710407 -7.123609 0.280003     0.056195
2454668.251743 5.417727 0.157959    -1.601955
2454680.793079 3.674369 0.035915    -2.344112
2454693.334415 1.931011 0.913871    -1.755557
2454705.875751 0.187653 0.791828    -0.202171
2454718.417087 -1.555705 0.669784     1.444978
2454730.958423 -3.299063 0.547740     2.299031
2454743.499759 -5.042421 0.425696     1.887154
2454756.041095 -6.785779 0.303653     0.404859
2454768.582431 5.755557 0.181609    -1.326680
2454781.123767 4.012199 0.059565    -2.302557
2454793.665103 2.268841 0.937521    -1.966248
2454806.206439 0.525483 0.815477    -0.540879
2454818.747775 -1.217875 0.693434     1.163742
2454831.289111 -2.961233 0.571390     2.226180
2454843.830447 -4.704591 0.449346     2.066822
2454856.371783 -6.447949 0.327302     0.743507
2454868.913120 6.093387 0.205259    -1.021536
2454881.454456 4.350029 0.083215    -2.209130
2454893.995792 2.606671 0.961171    -2.134165
2454906.537128 0.863313 0.839127    -0.868791
2454919.078464 -0.880044 0.717083     0.857300
2454931.619800 -2.623402 0.595040     2.105429
2454944.161136 -4.366760 0.472996     2.200606
2454956.702472 -6.110118 0.350952     1.064535
2454969.243808 6.431218 0.228908    -0.693606
2454981.785144 4.687860 0.106865    -2.065761
2454994.326480 2.944502 0.984821    -2.255254
2455006.867816 1.201144 0.862777    -1.178779
2455019.409152 -0.542214 0.740733     0.532057
2455031.950488 -2.285572 0.618689     1.939498
2455044.491824 -4.028930 0.496646     2.285922
2455057.033160 -5.772288 0.374602     1.360840
2455069.574496 6.769048 0.252558    -0.350501
2455082.115832 5.025690 0.130514    -1.875591
2455094.657168 3.282332 0.008471    -2.326472
2455107.198504 1.538974 0.886427    -1.464011
2455119.739840 -0.204384 0.764383     0.194823
2455132.281176 -1.947742 0.642339     1.731998
2455144.822512 -3.691100 0.520295     2.321248
2455157.363848 -5.434458 0.398252     1.625975
2455169.905184 7.106878 0.276208    -0.000155
2455182.446520 5.363520 0.154164    -1.642906
2455194.987856 3.620162 0.032120    -2.345887
2455207.529192 1.876804 0.910077    -1.718088
2455220.070528 0.133446 0.788033    -0.147303
2455232.611864 -1.609912 0.665989     1.487354
2455245.153200 -3.353270 0.543945     2.306128
2455257.694536 -5.096628 0.421901     1.854282
2455270.235872 -6.839986 0.299858     0.349385
2455282.777208 5.701350 0.177814    -1.373038
2455295.318545 3.957992 0.055770    -2.312751
2455307.859881 2.214634 0.933726    -1.935203
2455320.401217 0.471276 0.811683    -0.487070
2455332.942553 -1.272082 0.689639     1.210727
2455345.483889 -3.015440 0.567595     2.241153
2455358.025225 -4.758798 0.445551     2.041001
2455370.566561 -6.502156 0.323508     0.690162
2455383.107897 6.039180 0.201464    -1.072225
2455395.649233 4.295822 0.079420    -2.227550
2455408.190569 2.552464 0.957376    -2.110281
2455420.731905 0.809106 0.835332    -0.817199
2455433.273241 -0.934252 0.713289     0.907910
2455445.814577 -2.677610 0.591245     2.127930
2455458.355913 -4.420968 0.469201     2.182349
2455470.897249 -6.164326 0.347157     1.014510
2455483.438585 6.377010 0.225114    -0.747450
2455495.979921 4.633652 0.103070    -2.092015
2455508.521257 2.890294 0.981026    -2.239117
2455521.062593 1.146936 0.858982    -1.130533
2455533.603929 -0.596422 0.736938     0.585234
2455546.145265 -2.339780 0.614895     1.969027
2455558.686601 -4.083138 0.492851     2.275572
2455571.227937 -5.826496 0.370807     1.315236
2455583.769273 6.714840 0.248763    -0.406252
2455596.310609 4.971482 0.126720    -1.909094
2455608.851945 3.228124 0.004676    -2.318498
2455621.393281 1.484766 0.882632    -1.420181
2455633.934617 -0.258592 0.760588     0.249452
2455646.475953 -2.001950 0.638544     1.767919
2455659.017289 -3.745308 0.516501     2.318978
2455671.558625 -5.488666 0.394457     1.585775
2455684.099961 7.052670 0.272413    -0.056526
2455696.641297 5.309312 0.150369    -1.682897
2455709.182633 3.565954 0.028326    -2.346306
2455721.723970 1.822596 0.906282    -1.679665
2455734.265306 0.079238 0.784238    -0.092375
2455746.806642 -1.664120 0.662194     1.528906
2455759.347978 -3.407478 0.540150     2.311940
2455771.889314 -5.150836 0.418107     1.820337
2455784.430650 -6.894194 0.296063     0.293684
2455796.971986 5.647142 0.174019    -1.418597
2455809.513322 3.903784 0.051975    -2.321602
2455822.054658 2.160426 0.929932    -1.903074
2455834.595994 0.417068 0.807888    -0.433012
2455847.137330 -1.326290 0.685844     1.257036
2455859.678666 -3.069648 0.563800     2.254883
2455872.220002 -4.813006 0.441756     2.014010
2455884.761338 -6.556364 0.319713     0.636393
2455897.302674 5.984972 0.197669    -1.122297
2455909.844010 4.241614 0.075625    -2.244672
2455922.385346 2.498256 0.953581    -2.085205
2455934.926682 0.754898 0.831538    -0.765174
2455947.468018 -0.988460 0.709494     0.958007
2455960.009354 -2.731818 0.587450     2.149252
2455972.550690 -4.475176 0.465406     2.162851
2455985.092026 -6.218534 0.343363     0.963877
2455997.633362 6.322802 0.221319    -0.800871
2456010.174698 4.579444 0.099275    -2.117045
2456022.716034 2.836086 0.977231    -2.221704
2456035.257370 1.092728 0.855187    -1.081676
2456047.798706 -0.650630 0.733144     0.638073
2456060.340042 -2.393988 0.611100     1.997468
2456072.881378 -4.137346 0.489056     2.263938
2456085.422714 -5.880704 0.367012     1.268853
2456097.964050 6.660632 0.244969    -0.461783
2456110.505386 4.917275 0.122925    -1.941480
2456123.046722 3.173917 0.000881    -2.309193
2456135.588058 1.430559 0.878837    -1.375574
2456148.129394 -0.312799 0.756793     0.303925
2456160.670731 -2.056157 0.634750     1.802863
2456173.212067 -3.799515 0.512706     2.315408
2456185.753403 -5.542873 0.390662     1.544647
2456198.294739 6.998463 0.268618    -0.112885
2456210.836075 5.255105 0.146575    -1.721905
2456223.377411 3.511747 0.024531    -2.345371
2456235.918747 1.768389 0.902487    -1.640313
2456248.460083 0.025031 0.780443    -0.037417
2456261.001419 -1.718327 0.658399     1.569611
2456273.542755 -3.461685 0.536356     2.316462
2456286.084091 -5.205043 0.414312     1.785337
2456298.625427 -6.948401 0.292268     0.237789
2456311.166763 5.592935 0.170224    -1.463331
2456323.708099 3.849577 0.048181    -2.329106
2456336.249435 2.106219 0.926137    -1.869881
2456348.790771 0.362861 0.804093    -0.378735
2456361.332107 -1.380497 0.682049     1.302644
2456373.873443 -3.123855 0.560005     2.267359
2456386.414779 -4.867213 0.437962     1.985863
2456398.956115 -6.610571 0.315918     0.582231
2456411.497451 5.930765 0.193874    -1.171720
2456424.038787 4.187407 0.071830    -2.260485
2456436.580123 2.444049 0.949787    -2.058952
2456449.121459 0.700691 0.827743    -0.712746
2456461.662795 -1.042667 0.705699     1.007566
2456474.204131 -2.786025 0.583655     2.169385
2456486.745467 -4.529383 0.461611     2.142121
2456499.286803 -6.272741 0.339568     0.912662
2456511.828139 6.268595 0.217524    -0.853836
2456524.369475 4.525237 0.095480    -2.140839
2456536.910811 2.781879 0.973436    -2.203027
2456549.452147 1.038521 0.851393    -1.032236
2456561.993483 -0.704837 0.729349     0.690545
2456574.534819 -2.448195 0.607305     2.024805
2456587.076156 -4.191553 0.485261     2.251024
2456599.617492 -5.934911 0.363218     1.221717
2456612.158828 6.606425 0.241174    -0.517061
2456624.700164 4.863067 0.119130    -1.972731
2456637.241500 3.119709 0.997086    -2.298564
2456649.782836 1.376351 0.875042    -1.330214
2456662.324172 -0.367007 0.752999     0.358212
2456674.865508 -2.110365 0.630955     1.836810
2456687.406844 -3.853723 0.508911     2.310537
2456699.948180 -5.597081 0.386867     1.502614
2456712.489516 6.944255 0.264824    -0.169198
2456725.030852 5.200897 0.142780    -1.759907
2456737.572188 3.457539 0.020736    -2.343083
2456750.113524 1.714181 0.898692    -1.600053
2456762.654860 -0.029177 0.776648     0.017542
2456775.196196 -1.772535 0.654605     1.609446
2456787.737532 -3.515893 0.532561     2.319690
2456800.278868 -5.259251 0.410517     1.749301
2456812.820204 -7.002609 0.288473     0.181733
2456825.361540 5.538727 0.166430    -1.507212
2456837.902876 3.795369 0.044386    -2.335260
2456850.444212 2.052011 0.922342    -1.835643
2456862.985548 0.308653 0.800298    -0.324271
2456875.526884 -1.434705 0.678254     1.347528
2456888.068220 -3.178063 0.556211     2.278576
2456900.609556 -4.921421 0.434167     1.956573
2456913.150892 -6.664779 0.312123     0.527708
2456925.692228 5.876557 0.190079    -1.220465
2456938.233564 4.133199 0.068036    -2.274983
2456950.774900 2.389841 0.945992    -2.031538
2456963.316236 0.646483 0.823948    -0.659943
2456975.857572 -1.096875 0.701904     1.056558
2456988.398908 -2.840233 0.579860     2.188315
2457000.940244 -4.583591 0.457817     2.120170
2457013.481581 -6.326949 0.335773     0.860896
2457026.022917 6.214387 0.213729    -0.906314
2457038.564253 4.471029 0.091685    -2.163383
2457051.105589 2.727671 0.969642    -2.183098
2457063.646925 0.984313 0.847598    -0.982242
2457076.188261 -0.759045 0.725554     0.742622
2457088.729597 -2.502403 0.603510     2.051022
2457101.270933 -4.245761 0.481466     2.236836
2457113.812269 -5.989119 0.359423     1.173854
2457126.353605 6.552217 0.237379    -0.572053
2457138.894941 4.808859 0.115335    -2.002828
2457151.436277 3.065501 0.993291    -2.286620
2457163.977613 1.322143 0.871248    -1.284129
2457176.518949 -0.421215 0.749204     0.412284
2457189.060285 -2.164573 0.627160     1.869743
2457201.601621 -3.907931 0.505116     2.304367
2457214.142957 -5.651289 0.383072     1.459698
2457226.684293 6.890047 0.261029    -0.225432
2457239.225629 5.146689 0.138985    -1.796881
2457251.766965 3.403331 0.016941    -2.339445
2457264.308301 1.659973 0.894897    -1.558910
2457276.849637 -0.083385 0.772854     0.072472
2457289.390973 -1.826743 0.650810     1.648390
2457301.932309 -3.570101 0.528766     2.321622
2457314.473645 -5.313459 0.406722     1.712248
2457327.014981 -7.056816 0.284679     0.125550
2457339.556317 5.484520 0.162635    -1.550215
2457352.097653 3.741162 0.040591    -2.340060
2457364.638989 1.997804 0.918547    -1.800381
2457377.180325 0.254446 0.796503    -0.269648
2457389.721661 -1.488912 0.674460     1.391663
2457402.262997 -3.232270 0.552416     2.288524
2457414.804333 -4.975628 0.430372     1.926157
2457427.345669 -6.718986 0.308328     0.472854
2457439.887006 5.822350 0.186285    -1.268504
2457452.428342 4.078992 0.064241    -2.288156
2457464.969678 2.335634 0.942197    -2.002981
2457477.511014 0.592276 0.820153    -0.606795
2457490.052350 -1.151082 0.698109     1.104958
2457502.593686 -2.894440 0.576066     2.206033
2457515.135022 -4.637798 0.454022     2.097008
2457527.676358 -6.381156 0.331978     0.808608
2457540.217694 6.160180 0.209934    -0.958273
2457552.759030 4.416822 0.087891    -2.184664
2457565.300366 2.673464 0.965847    -2.161931
2457577.841702 0.930106 0.843803    -0.931721
2457590.383038 -0.813252 0.721759     0.794277
2457602.924374 -2.556610 0.599715     2.076104
2457615.465710 -4.299968 0.477672     2.221381
2457628.007046 -6.043326 0.355628     1.125292
2457640.548382 6.498010 0.233584    -0.626726
2457653.089718 4.754652 0.111540    -2.031755
2457665.631054 3.011294 0.989497    -2.273367
2457678.172390 1.267936 0.867453    -1.237346
2457690.713726 -0.475422 0.745409     0.466112
2457703.255062 -2.218780 0.623365     1.901641
2457715.796398 -3.962138 0.501321     2.296901
2457728.337734 -5.705496 0.379278     1.415923
2457740.879070 6.835840 0.257234    -0.281554
2457753.420406 5.092482 0.135190    -1.832804
2457765.961742 3.349124 0.013146    -2.334460
2457778.503078 1.605766 0.891103    -1.516908
2457791.044414 -0.137592 0.769059     0.127341
2457803.585750 -1.880950 0.647015     1.686422
2457816.127086 -3.624308 0.524971     2.322256
2457828.668422 -5.367666 0.402927     1.674198
2457841.209758 -7.111024 0.280884     0.069271
2457853.751094 5.430312 0.158840    -1.592314
2457866.292431 3.686954 0.036796    -2.343506
2457878.833767 1.943596 0.914752    -1.764117
2457891.375103 0.200238 0.792709    -0.214897
2457903.916439 -1.543120 0.670665     1.435024
2457916.457775 -3.286478 0.548621     2.297199
2457928.999111 -5.029836 0.426577     1.894631
2457941.540447 -6.773194 0.304534     0.417703
2457954.081783 5.768142 0.182490    -1.315807
2457966.623119 4.024784 0.060446    -2.299998
2457979.164455 2.281426 0.938402    -1.973298
2457991.705791 0.538068 0.816358    -0.553333
2458004.247127 -1.205290 0.694315     1.152740
2458016.788463 -2.948648 0.572271     2.222527
2458029.329799 -4.692006 0.450227     2.072648
2458041.871135 -6.435364 0.328183     0.755827
2458054.412471 6.105972 0.206140    -1.009682
2458066.953807 4.362614 0.084096    -2.204670
2458079.495143 2.619256 0.962052    -2.139537
2458092.036479 0.875898 0.840008    -0.880703
2458104.577815 -0.867460 0.717964     0.845480
2458117.119151 -2.610818 0.595921     2.100039
2458129.660487 -4.354176 0.473877     2.204666
2458142.201823 -6.097534 0.351833     1.076058
2458154.743159 6.443802 0.229789    -0.681048
2458167.284495 4.700444 0.107746    -2.059493
2458179.825831 2.957086 0.985702    -2.258817
2458192.367167 1.213728 0.863658    -1.189890
2458204.908503 -0.529630 0.741614     0.519666
2458217.449839 -2.272988 0.619570     1.932489
2458229.991175 -4.016346 0.497527     2.288140
2458242.532511 -5.759704 0.375483     1.371313
2458255.073847 6.781632 0.253439    -0.337530
2458267.615183 5.038274 0.131395    -1.867655
2458280.156519 3.294916 0.009352    -2.328133
2458292.697856 1.551558 0.887308    -1.474072
2458305.239192 -0.191800 0.765264     0.182122
2458317.780528 -1.935158 0.643220     1.723520
2458330.321864 -3.678516 0.521176     2.321589
2458342.863200 -5.421874 0.399133     1.635172
2458355.404536 7.119462 0.277089     0.012930
2458367.945872 5.376104 0.155045    -1.633484
2458380.487208 3.632746 0.033001    -2.345596
2458393.028544 1.889388 0.910958    -1.726872
2458405.569880 0.146030 0.788914    -0.160048
2458418.111216 -1.597328 0.666870     1.477589
2458430.652552 -3.340686 0.544826     2.304595
2458443.193888 -5.084044 0.422782     1.862010
2458455.735224 -6.827402 0.300739     0.362285
2458468.276560 5.713934 0.178695    -1.362346
2458480.817896 3.970576 0.056651    -2.310504
2458493.359232 2.227218 0.934607    -1.942508
2458505.900568 0.483860 0.812564    -0.499585
2458518.441904 -1.259497 0.690520     1.199878
2458530.983240 -3.002855 0.568476     2.237788
2458543.524576 -4.746213 0.446432     2.047101
2458556.065912 -6.489571 0.324389     0.702585
2458568.607248 6.051765 0.202345    -1.060511
2458581.148584 4.308407 0.080301    -2.223389
2458593.689920 2.565049 0.958257    -2.115933
2458606.231256 0.821691 0.836213    -0.829216
2458618.772592 -0.921667 0.714170     0.896205
2458631.313928 -2.665025 0.592126     2.122811
2458643.855264 -4.408383 0.470082     2.186698
2458656.396600 -6.151741 0.348038     1.026179
2458668.937936 6.389595 0.225995    -0.734986
2458681.479272 4.646237 0.103951    -2.086028
2458694.020608 2.902879 0.981907    -2.242977
2458706.561944 1.159521 0.859863    -1.141789
2458719.103281 -0.583837 0.737819     0.572917
2458731.644617 -2.327195 0.615776     1.962268
2458744.185953 -4.070553 0.493732     2.278090
2458756.727289 -5.813911 0.371688     1.325893
2458769.268625 6.727425 0.249644    -0.393327
2458781.809961 4.984067 0.127601    -1.901414
2458794.351297 3.240709 0.005557    -2.320468
2458806.892633 1.497351 0.883513    -1.430427
2458819.433969 -0.246007 0.761469     0.236783
2458831.975305 -1.989365 0.639425     1.759666
2458844.516641 -3.732723 0.517382     2.319621
2458857.057977 -5.476081 0.395338     1.595191
2458869.599313 7.065255 0.273294    -0.043439
2458882.140649 5.321897 0.151250    -1.673700
2458894.681985 3.578539 0.029207    -2.346330
2458907.223321 1.835181 0.907163    -1.688669
2458919.764657 0.091823 0.785119    -0.105131
2458932.305993 -1.651535 0.663075     1.519334
2458944.847329 -3.394893 0.541031     2.310706
2458957.388665 -5.138251 0.418988     1.828312
2458969.930001 -6.881609 0.296944     0.306633
2458982.471337 5.659727 0.174900    -1.408093
2458995.012673 3.916369 0.052856    -2.319667
2459007.554009 2.173011 0.930813    -1.910629
2459020.095345 0.429653 0.808769    -0.445582
2459032.636681 -1.313705 0.686725     1.246346
2459045.178017 -3.057063 0.564681     2.251807
2459057.719353 -4.800421 0.442637     2.020380
2459070.260689 -6.543779 0.320594     0.648912
2459082.802025 5.997557 0.198550    -1.110729
2459095.343361 4.254199 0.076506    -2.240813
2459107.884697 2.510841 0.954462    -2.091132
2459120.426033 0.767483 0.832419    -0.777289
2459132.967369 -0.975875 0.710375     0.946424
2459145.508706 -2.719233 0.588331     2.144408
2459158.050042 -4.462591 0.466287     2.167488
2459170.591378 -6.205949 0.344243     0.975684
2459183.132714 6.335387 0.222200    -0.788508
2459195.674050 4.592029 0.100156    -2.111344
2459208.215386 2.848671 0.978112    -2.225860
2459220.756722 1.105313 0.856068    -1.093072
2459233.298058 -0.638045 0.734025     0.625837
2459245.839394 -2.381403 0.611981     1.990963
2459258.380730 -4.124761 0.489937     2.266753
2459270.922066 -5.868119 0.367893     1.279689
2459283.463402 6.673217 0.245850    -0.448912
2459296.004738 4.929859 0.123806    -1.934062
2459308.546074 3.186501 0.001762    -2.311471
2459321.087410 1.443143 0.879718    -1.385998
2459333.628746 -0.300215 0.757674     0.291294
2459346.170082 -2.043573 0.635631     1.794839
2459358.711418 -3.786931 0.513587     2.316353
2459371.252754 -5.530289 0.391543     1.554277
2459383.794090 7.011047 0.269499    -0.099804
2459396.335426 5.267689 0.147456    -1.712938
2459408.876762 3.524331 0.025412    -2.345709
2459421.418098 1.780973 0.903368    -1.649530
2459433.959434 0.037615 0.781324    -0.050177
2459446.500770 -1.705743 0.659280     1.560237
2459459.042106 -3.449101 0.537237     2.315527
2459471.583442 -5.192459 0.415193     1.793555
2459484.124778 -6.935817 0.293149     0.250781
2459496.666114 5.605519 0.171105    -1.453020
2459509.207450 3.862161 0.049062    -2.327485
2459521.748786 2.118803 0.927018    -1.877680
2459534.290122 0.375445 0.804974    -0.391354
2459546.831458 -1.367913 0.682930     1.292120
2459559.372794 -3.111271 0.560886     2.264575
2459571.914130 -4.854629 0.438843     1.992500
2459584.455467 -6.597987 0.316799     0.594839
2459596.996803 5.943349 0.194755    -1.160305
2459609.538139 4.199991 0.072711    -2.256931
2459622.079475 2.456633 0.950668    -2.065150
2459634.620811 0.713275 0.828624    -0.724952
2459647.162147 -1.030083 0.706580     0.996110
2459659.703483 -2.773441 0.584536     2.164817
2459672.244819 -4.516799 0.462492     2.147043
2459684.786155 -6.260157 0.340449     0.924602
2459697.327491 6.281179 0.218405    -0.841582
2459709.868827 4.537822 0.096361    -2.135426
2459722.410163 2.794464 0.974317    -2.207475
2459734.951499 1.051106 0.852274    -1.043765
2459747.492835 -0.692252 0.730230     0.678397
2459760.034171 -2.435610 0.608186     2.018558
2459772.575507 -4.178968 0.486142     2.254136
2459785.116843 -5.922326 0.364098     1.232725
2459797.658179 6.619010 0.242055    -0.504252
2459810.199515 4.875652 0.120011    -1.965578
2459822.740851 3.132294 0.997967    -2.301149
2459835.282187 1.388936 0.875923    -1.340810
2459847.823523 -0.354422 0.753880     0.345627
2459860.364859 -2.097780 0.631836     1.829019
2459872.906195 -3.841138 0.509792     2.311783
2459885.447531 -5.584496 0.387748     1.512452
2459897.988867 6.956840 0.265705    -0.156130
2459910.530203 5.213482 0.143661    -1.751176
2459923.071539 3.470124 0.021617    -2.343735
2459935.612875 1.726766 0.899573    -1.609479
2459948.154211 -0.016592 0.777529     0.004785
2459960.695547 -1.759950 0.655486     1.600276
2459973.236883 -3.503308 0.533442     2.319056
2459985.778219 -5.246666 0.411398     1.757758
2459998.319555 -6.990024 0.289354     0.194760
2460010.860892 5.551312 0.167311    -1.497102
2460023.402228 3.807954 0.045267    -2.333952
2460035.943564 2.064596 0.923223    -1.843683
2460048.484900 0.321238 0.801179    -0.336930
2460061.026236 -1.422120 0.679135     1.337174
2460073.567572 -3.165478 0.557092     2.276084
2460086.108908 -4.908836 0.435048     1.963474
2460098.650244 -6.652194 0.313004     0.540396
2460111.191580 5.889142 0.190960    -1.209211
2460123.732916 4.145784 0.068917    -2.271735
2460136.274252 2.402426 0.946873    -2.038005
2460148.815588 0.659068 0.824829    -0.672233
2460161.356924 -1.084290 0.702785     1.045236
2460173.898260 -2.827648 0.580741     2.184028
2460186.439596 -4.571006 0.458698     2.125374
2460198.980932 -6.314364 0.336654     0.872961
2460211.522268 6.226972 0.214610    -0.894176
2460224.063604 4.483614 0.092566    -2.158261
2460236.604940 2.740256 0.970523    -2.187836
2460249.146276 0.996898 0.848479    -0.993896
2460261.687612 -0.746460 0.726435     0.730569
2460274.228948 -2.489818 0.604391     2.045036
2460286.770284 -4.233176 0.482347     2.240243
2460299.311620 -5.976534 0.360304     1.185029
2460311.852956 6.564802 0.238260    -0.559313
2460324.394292 4.821444 0.116216    -1.995945
2460336.935628 3.078086 0.994172    -2.289509
2460349.476964 1.334728 0.872129    -1.294892
2460362.018300 -0.408630 0.750085     0.399752
2460374.559636 -2.151988 0.628041     1.862189
2460387.100972 -3.895346 0.505997     2.305915
2460399.642308 -5.638704 0.383953     1.469738
2460412.183644 6.902632 0.261910    -0.212386
2460424.724980 5.159274 0.139866    -1.788390
2460437.266317 3.415916 0.017822    -2.340410
2460449.807653 1.672558 0.895778    -1.568539
2460462.348989 -0.070800 0.773735     0.059724
2460474.890325 -1.814158 0.651691     1.639429
2460487.431661 -3.557516 0.529647     2.321290
2460499.972997 -5.300874 0.407603     1.720939
2460512.514333 -7.044232 0.285560     0.138603
2460525.055669 5.497104 0.163516    -1.540311
2460537.597005 3.753746 0.041472    -2.339067
2460550.138341 2.010388 0.919428    -1.808657
2460562.679677 0.267030 0.797384    -0.282341
2460575.221013 -1.476328 0.675341     1.381484
2460587.762349 -3.219686 0.553297     2.286328
2460600.303685 -4.963044 0.431253     1.933318
2460612.845021 -6.706402 0.309209     0.485617
2460625.386357 5.834934 0.187166    -1.257416
2460637.927693 4.091576 0.065122    -2.285216
2460650.469029 2.348218 0.943078    -2.009711
2460663.010365 0.604860 0.821034    -0.619163
2460675.551701 -1.138498 0.698990     1.093776
2460688.093037 -2.881856 0.576947     2.202028
2460700.634373 -4.625214 0.454903     2.102493
2460713.175709 -6.368572 0.332859     0.820792
2460725.717045 6.172764 0.210815    -0.946258
2460738.258381 4.429406 0.088772    -2.179836
2460750.799717 2.686048 0.966728    -2.166955
2460763.341053 0.942690 0.844684    -0.943495
2460775.882389 -0.800668 0.722640     0.782324
2460788.423725 -2.544026 0.600596     2.070383
2460800.965061 -4.287384 0.478553     2.225082
2460813.506397 -6.030742 0.356509     1.136627
2460826.047733 6.510594 0.234465    -0.614064
2460838.589069 4.767236 0.112421    -2.025145
2460851.130405 3.023878 0.990378    -2.276560
2460863.671742 1.280520 0.868334    -1.248268
2460876.213078 -0.462838 0.746290     0.453639
2460888.754414 -2.206196 0.624246     1.894329
2460901.295750 -3.949554 0.502202     2.298749
2460913.837086 -5.692912 0.380159     1.426161
2460926.378422 6.848425 0.258115    -0.268537
2460938.919758 5.105067 0.136071    -1.824559
2460951.461094 3.361709 0.014027    -2.335737
2460964.002430 1.618351 0.891984    -1.526735
2460976.543766 -0.125007 0.769940     0.114610
2460989.085102 -1.868365 0.647896     1.677675
2461001.626438 -3.611723 0.525852     2.322225
2461014.167774 -5.355081 0.403808     1.683119
2461026.709110 -7.098439 0.281765     0.082343
2461039.250446 5.442897 0.159721    -1.582622
2461051.791782 3.699539 0.037677    -2.342827
2461064.333118 1.956181 0.915633    -1.772624
2461076.874454 0.212823 0.793590    -0.227617
2461089.415790 -1.530535 0.671546     1.425027
2461101.957126 -3.273893 0.549502     2.295299
2461114.498462 -5.017251 0.427458     1.902048
2461127.039798 -6.760609 0.305414     0.430531
2461139.581134 5.780727 0.183371    -1.304892
2461152.122470 4.037369 0.061327    -2.297368
2461164.663806 2.294011 0.939283    -1.980288
2461177.205142 0.550653 0.817239    -0.565771
2461189.746478 -1.192705 0.695196     1.141704
2461202.287814 -2.936063 0.573152     2.218807
2461214.829150 -4.679421 0.451108     2.078409
2461227.370486 -6.422779 0.329064     0.768123
2461239.911822 6.118557 0.207021    -0.997798
2461252.453158 4.375199 0.084977    -2.200139
2461264.994494 2.631841 0.962933    -2.144844
2461277.535830 0.888483 0.840889    -0.892590
2461290.077167 -0.854875 0.718845     0.833634
2461302.618503 -2.598233 0.596802     2.094585
2461315.159839 -4.341591 0.474758     2.208658
2461327.701175 -6.084949 0.352714     1.087547
2461340.242511 6.456387 0.230670    -0.668470
2461352.783847 4.713029 0.108627    -2.053160
2461365.325183 2.969671 0.986583    -2.262310
2461377.866519 1.226313 0.864539    -1.200966
2461390.407855 -0.517045 0.742495     0.507259
2461402.949191 -2.260403 0.620451     1.925422
2461415.490527 -4.003761 0.498408     2.290289
2461428.031863 -5.747119 0.376364     1.381743
2461440.573199 6.794217 0.254320    -0.324550
2461453.114535 5.050859 0.132276    -1.859661
2461465.655871 3.307501 0.010233    -2.329721
2461478.197207 1.564143 0.888189    -1.484090
2461490.738543 -0.179215 0.766145     0.169414
2461503.279879 -1.922573 0.644101     1.714992
2461515.821215 -3.665931 0.522057     2.321860
2461528.362551 -5.409289 0.400014     1.644318
2461540.903887 7.132047 0.277970     0.026014
2461553.445223 5.388689 0.155926    -1.624010
2461565.986559 3.645331 0.033882    -2.345231
2461578.527895 1.901973 0.911839    -1.735605
2461591.069231 0.158615 0.789795    -0.172788
2461603.610567 -1.584743 0.667751     1.467779
2461616.151903 -3.328101 0.545707     2.302992
2461628.693239 -5.071459 0.423663     1.869680
2461641.234575 -6.814817 0.301620     0.375172
2461653.775911 5.726519 0.179576    -1.351611
2461666.317247 3.983161 0.057532    -2.308184
2461678.858583 2.239803 0.935488    -1.949753
2461691.399919 0.496445 0.813445    -0.512087
2461703.941255 -1.246913 0.691401     1.188993
2461716.482592 -2.990271 0.569357     2.234355
2461729.023928 -4.733629 0.447313     2.053137
2461741.565264 -6.476987 0.325269     0.714985
2461754.106600 6.064349 0.203226    -1.048764
2461766.647936 4.320991 0.081182    -2.219159
2461779.189272 2.577633 0.959138    -2.121520
2461791.730608 0.834275 0.837094    -0.841209
2461804.271944 -0.909083 0.715051     0.884473
2461816.813280 -2.652441 0.593007     2.117628
2461829.354616 -4.395799 0.470963     2.190981
2461841.895952 -6.139157 0.348919     1.037815
2461854.437288 6.402179 0.226876    -0.722500
2461866.978624 4.658821 0.104832    -2.079976
2461879.519960 2.915463 0.982788    -2.246769
2461892.061296 1.172105 0.860744    -1.153012
2461904.602632 -0.571253 0.738700     0.560583
2461917.143968 -2.314611 0.616657     1.955451
2461929.685304 -4.057969 0.494613     2.280538
2461942.226640 -5.801327 0.372569     1.336509
2461954.767976 6.740009 0.250525    -0.380391
2461967.309312 4.996651 0.128482    -1.893675
2461979.850648 3.253293 0.006438    -2.322366
2461992.391984 1.509935 0.884394    -1.440630
2462004.933320 -0.233423 0.762350     0.224105
2462017.474656 -1.976781 0.640306     1.751361
2462030.015992 -3.720139 0.518263     2.320194
2462042.557328 -5.463497 0.396219     1.604557
2462055.098664 7.077839 0.274175    -0.030352
2462067.640000 5.334481 0.152131    -1.664449
2462080.181336 3.591123 0.030088    -2.346280
2462092.722672 1.847765 0.908044    -1.697623
2462105.264008 0.104407 0.786000    -0.117885
2462117.805344 -1.638951 0.663956     1.509717
2462130.346680 -3.382308 0.541912     2.309402
2462142.888017 -5.125666 0.419869     1.836230
2462155.429353 -6.869024 0.297825     0.319572
2462167.970689 5.672312 0.175781    -1.397544
2462180.512025 3.928954 0.053737    -2.317660
2462193.053361 2.185596 0.931694    -1.918125
2462205.594697 0.442238 0.809650    -0.458141
2462218.136033 -1.301120 0.687606     1.235619
2462230.677369 -3.044478 0.565562     2.248663
2462243.218705 -4.787836 0.443518     2.026687
2462255.760041 -6.531194 0.321475     0.661409
2462268.301377 6.010142 0.199431    -1.099126
2462280.842713 4.266784 0.077387    -2.236884
2462293.384049 2.523426 0.955343    -2.096995
2462305.925385 0.780068 0.833300    -0.789382
2462318.466721 -0.963290 0.711256     0.934812
2462331.008057 -2.706648 0.589212     2.139499
2462343.549393 -4.450006 0.467168     2.172058
2462356.090729 -6.193364 0.345124     0.987461
2462368.632065 6.347972 0.223081    -0.776121
2462381.173401 4.604614 0.101037    -2.105576
2462393.714737 2.861256 0.978993    -2.229947
2462406.256073 1.117898 0.856949    -1.104435
2462418.797409 -0.625460 0.734906     0.613583
2462431.338745 -2.368818 0.612862     1.984399
2462443.880081 -4.112176 0.490818     2.269500
2462456.421417 -5.855534 0.368774     1.290484
2462468.962753 6.685802 0.246731    -0.436028
2462481.504089 4.942444 0.124687    -1.926583
2462494.045425 3.199086 0.002643    -2.313678
2462506.586761 1.455728 0.880599    -1.396381
2462519.128097 -0.287630 0.758555     0.278654
2462531.669433 -2.030988 0.636512     1.786761
2462544.210769 -3.774346 0.514468     2.317227
2462556.752105 -5.517704 0.392424     1.563857
2462569.293442 7.023632 0.270380    -0.086720
2462581.834778 5.280274 0.148337    -1.703917
2462594.376114 3.536916 0.026293    -2.345974
2462606.917450 1.793558 0.904249    -1.658699
2462619.458786 0.050200 0.782205    -0.062937
2462632.000122 -1.693158 0.660161     1.550818
2462644.541458 -3.436516 0.538118     2.314523
2462657.082794 -5.179874 0.416074     1.801718
2462669.624130 -6.923232 0.294030     0.263764
2462682.165466 5.618104 0.171986    -1.442665
2462694.706802 3.874746 0.049943    -2.325790
2462707.248138 2.131388 0.927899    -1.885424
2462719.789474 0.388030 0.805855    -0.403962
2462732.330810 -1.355328 0.683811     1.281556
2462744.872146 -3.098686 0.561767     2.261723
2462757.413482 -4.842044 0.439724     1.999075
2462769.954818 -6.585402 0.317680     0.607426
2462782.496154 5.955934 0.195636    -1.148854
2462795.037490 4.212576 0.073592    -2.253306
2462807.578826 2.469218 0.951549    -2.071287
2462820.120162 0.725860 0.829505    -0.737137
2462832.661498 -1.017498 0.707461     0.984624
2462845.202834 -2.760856 0.585417     2.160186
2462857.744170 -4.504214 0.463373     2.151899
2462870.285506 -6.247572 0.341330     0.936512
2462882.826842 6.293764 0.219286    -0.829302
2462895.368178 4.550406 0.097242    -2.129946
2462907.909514 2.807048 0.975198    -2.211856
2462920.450850 1.063690 0.853155    -1.055263
2462932.992186 -0.679668 0.731111     0.666229
2462945.533522 -2.423026 0.609067     2.012250
2462958.074858 -4.166384 0.487023     2.257179
2462970.616194 -5.909742 0.364979     1.243694
2462983.157530 6.631594 0.242936    -0.491428
2462995.698866 4.888236 0.120892    -1.958363
2463008.240203 3.144878 0.998848    -2.303663
2463020.781539 1.401520 0.876804    -1.351367
2463033.322875 -0.341838 0.754761     0.333031
2463045.864211 -2.085196 0.632717     1.821173
2463058.405547 -3.828554 0.510673     2.312960
2463070.946883 -5.571912 0.388629     1.522242
2463083.488219 6.969424 0.266585    -0.143059
2463096.029555 5.226066 0.144542    -1.742389
2463108.570891 3.482708 0.022498    -2.344314
2463121.112227 1.739350 0.900454    -1.618857
2463133.653563 -0.004008 0.778410    -0.007974
2463146.194899 -1.747366 0.656367     1.591059
2463158.736235 -3.490724 0.534323     2.318352
2463171.277571 -5.234082 0.412279     1.766160
2463183.818907 -6.977440 0.290235     0.207779
2463196.360243 5.563896 0.168192    -1.486945
2463208.901579 3.820538 0.046148    -2.332571
2463221.442915 2.077180 0.924104    -1.851668
2463233.984251 0.333822 0.802060    -0.349581
2463246.525587 -1.409536 0.680016     1.326780
2463259.066923 -3.152894 0.557973     2.273525
2463271.608259 -4.896252 0.435929     1.970314
2463284.149595 -6.639610 0.313885     0.553067
2463296.690931 5.901726 0.191841    -1.197918
2463309.232267 4.158368 0.069798    -2.268416
2463321.773603 2.415011 0.947754    -2.044410
2463334.314939 0.671653 0.825710    -0.684505
2463346.856275 -1.071705 0.703666     1.033882
2463359.397611 -2.815063 0.581622     2.179676
2463371.938947 -4.558421 0.459579     2.130513
2463384.480283 -6.301779 0.337535     0.884998
2463397.021619 6.239557 0.215491    -0.882010
2463409.562955 4.496199 0.093447    -2.153072
2463422.104291 2.752841 0.971404    -2.192507
2463434.645628 1.009483 0.849360    -1.005522
2463447.186964 -0.733875 0.727316     0.718493
2463459.728300 -2.477233 0.605272     2.038989
2463472.269636 -4.220591 0.483228     2.243582
2463484.810972 -5.963949 0.361185     1.196166
2463497.352308 6.577387 0.239141    -0.546557
2463509.893644 4.834029 0.117097    -1.988998
2463522.434980 3.090671 0.995053    -2.292329
2463534.976316 1.347313 0.873010    -1.305616
2463547.517652 -0.396045 0.750966     0.387206
2463560.058988 -2.139403 0.628922     1.854579
2463572.600324 -3.882761 0.506878     2.307393
2463585.141660 -5.626119 0.384834     1.479732
2463597.682996 6.915217 0.262791    -0.199334
2463610.224332 5.171859 0.140747    -1.779843
2463622.765668 3.428501 0.018703    -2.341302
2463635.307004 1.685143 0.896659    -1.578122
2463647.848340 -0.058215 0.774616     0.046973
2463660.389676 -1.801573 0.652572     1.630420
2463672.931012 -3.544931 0.530528     2.320887
2463685.472348 -5.288289 0.408484     1.729577
2463698.013684 -7.031647 0.286440     0.151650
2463710.555020 5.509689 0.164397    -1.530359
2463723.096356 3.766331 0.042353    -2.338000
2463735.637692 2.022973 0.920309    -1.816879
2463748.179028 0.279615 0.798265    -0.295028
2463760.720364 -1.463743 0.676222     1.371265
2463773.261700 -3.207101 0.554178     2.284063
2463785.803036 -4.950459 0.432134     1.940419
2463798.344372 -6.693817 0.310090     0.498362
2463810.885708 5.847519 0.188047    -1.246289
2463823.427044 4.104161 0.066003    -2.282204
2463835.968380 2.360803 0.943959    -2.016381
