# time Tc_folded Tref_folded model 
2449300.559923 718.580598 0.192806    -1.286065
2449313.101259 731.121934 0.199038    -1.306037
2449325.642595 743.663270 0.205270    -1.325526
2449338.183931 756.204606 0.211501    -1.344524
2449350.725267 768.745942 0.217733    -1.363022
2449363.266603 781.287278 0.223965    -1.381009
2449375.807939 793.828614 0.230196    -1.398472
2449388.349275 806.369950 0.236428    -1.415396
2449400.890611 818.911286 0.242660    -1.431767
2449413.431947 831.452622 0.248892    -1.447567
2449425.973283 843.993958 0.255123    -1.462776
2449438.514619 856.535294 0.261355    -1.477374
2449451.055955 869.076630 0.267587    -1.491338
2449463.597291 881.617966 0.273818    -1.504640
2449476.138627 894.159302 0.280050    -1.517254
2449488.679963 906.700638 0.286282    -1.529147
2449501.221299 919.241974 0.292514    -1.540286
2449513.762635 931.783310 0.298745    -1.550633
2449526.303971 944.324646 0.304977    -1.560148
2449538.845307 956.865982 0.311209    -1.568783
2449551.386643 969.407318 0.317440    -1.576491
2449563.927979 981.948654 0.323672    -1.583217
2449576.469315 994.489990 0.329904    -1.588902
2449589.010651 -1005.474261 0.336135    -1.593479
2449601.551987 -992.932925 0.342367    -1.596876
2449614.093323 -980.391589 0.348599    -1.599016
2449626.634659 -967.850253 0.354831    -1.599811
2449639.175995 -955.308917 0.361062    -1.599164
2449651.717331 -942.767581 0.367294    -1.596971
2449664.258667 -930.226245 0.373526    -1.593116
2449676.800003 -917.684909 0.379757    -1.587470
2449689.341339 -905.143573 0.385989    -1.579892
2449701.882675 -892.602237 0.392221    -1.570225
2449714.424011 -880.060901 0.398452    -1.558296
2449726.965347 -867.519565 0.404684    -1.543914
2449739.506684 -854.978228 0.410916    -1.526865
2449752.048020 -842.436892 0.417148    -1.506914
2449764.589356 -829.895556 0.423379    -1.483800
2449777.130692 -817.354220 0.429611    -1.457233
2449789.672028 -804.812884 0.435843    -1.426890
2449802.213364 -792.271548 0.442074    -1.392413
2449814.754700 -779.730212 0.448306    -1.353405
2449827.296036 -767.188876 0.454538    -1.309424
2449839.837372 -754.647540 0.460769    -1.259982
2449852.378708 -742.106204 0.467001    -1.204537
2449864.920044 -729.564868 0.473233    -1.142494
2449877.461380 -717.023532 0.479465    -1.073196
2449890.002716 -704.482196 0.485696    -0.995925
2449902.544052 -691.940860 0.491928    -0.909904
2449915.085388 -679.399524 0.498160    -0.814295
2449927.626724 -666.858188 0.504391    -0.708209
2449940.168060 -654.316852 0.510623    -0.590723
2449952.709396 -641.775516 0.516855    -0.460897
2449965.250732 -629.234180 0.523087    -0.317817
2449977.792068 -616.692844 0.529318    -0.160643
2449990.333404 -604.151508 0.535550     0.011315
2450002.874740 -591.610172 0.541782     0.198500
2450015.416076 -579.068836 0.548013     0.400981
2450027.957412 -566.527500 0.554245     0.618307
2450040.498748 -553.986164 0.560477     0.849336
2450053.040084 -541.444828 0.566708     1.092069
2450065.581420 -528.903492 0.572940     1.343512
2450078.122756 -516.362156 0.579172     1.599606
2450090.664092 -503.820820 0.585404     1.855279
2450103.205428 -491.279484 0.591635     2.104645
2450115.746764 -478.738148 0.597867     2.341379
2450128.288100 -466.196812 0.604099     2.559230
2450140.829436 -453.655476 0.610330     2.752882
2450153.370772 -441.114140 0.616562     2.917369
2450165.912109 -428.572803 0.622794     3.050112
2450178.453445 -416.031467 0.629025     3.149929
2450190.994781 -403.490131 0.635257     3.217274
2450203.536117 -390.948795 0.641489     3.253965
2450216.077453 -378.407459 0.647721     3.262812
2450228.618789 -365.866123 0.653952     3.247219
2450241.160125 -353.324787 0.660184     3.210824
2450253.701461 -340.783451 0.666416     3.157229
2450266.242797 -328.242115 0.672647     3.089800
2450278.784133 -315.700779 0.678879     3.011558
2450291.325469 -303.159443 0.685111     2.925129
2450303.866805 -290.618107 0.691342     2.832740
2450316.408141 -278.076771 0.697574     2.736239
2450328.949477 -265.535435 0.703806     2.637135
2450341.490813 -252.994099 0.710038     2.536638
2450354.032149 -240.452763 0.716269     2.435709
2450366.573485 -227.911427 0.722501     2.335098
2450379.114821 -215.370091 0.728733     2.235382
2450391.656157 -202.828755 0.734964     2.136998
2450404.197493 -190.287419 0.741196     2.040270
2450416.738829 -177.746083 0.747428     1.945431
2450429.280165 -165.204747 0.753660     1.852645
2450441.821501 -152.663411 0.759891     1.762015
2450454.362837 -140.122075 0.766123     1.673605
2450466.904173 -127.580739 0.772355     1.587441
2450479.445509 -115.039403 0.778586     1.503525
2450491.986845 -102.498067 0.784818     1.421837
2450504.528181 -89.956731 0.791050     1.342344
2450517.069517 -77.415395 0.797281     1.265001
2450529.610853 -64.874059 0.803513     1.189755
2450542.152189 -52.332723 0.809745     1.116547
2450554.693525 -39.791387 0.815977     1.045316
2450567.234861 -27.250051 0.822208     0.975997
2450579.776197 -14.708715 0.828440     0.908525
2450592.317534 -2.167378 0.834672     0.842836
2450604.858870 10.373958 0.840903     0.778864
2450617.400206 22.915294 0.847135     0.716547
2450629.941542 35.456630 0.853367     0.655823
2450642.482878 47.997966 0.859598     0.596631
2450655.024214 60.539302 0.865830     0.538914
2450667.565550 73.080638 0.872062     0.482615
2450680.106886 85.621974 0.878294     0.427680
2450692.648222 98.163310 0.884525     0.374057
2450705.189558 110.704646 0.890757     0.321698
2450717.730894 123.245982 0.896989     0.270553
2450730.272230 135.787318 0.903220     0.220579
2450742.813566 148.328654 0.909452     0.171731
2450755.354902 160.869990 0.915684     0.123968
2450767.896238 173.411326 0.921915     0.077251
2450780.437574 185.952662 0.928147     0.031542
2450792.978910 198.493998 0.934379    -0.013195
2450805.520246 211.035334 0.940611    -0.056993
2450818.061582 223.576670 0.946842    -0.099885
2450830.602918 236.118006 0.953074    -0.141901
2450843.144254 248.659342 0.959306    -0.183072
2450855.685590 261.200678 0.965537    -0.223425
2450868.226926 273.742014 0.971769    -0.262986
2450880.768262 286.283350 0.978001    -0.301780
2450893.309598 298.824686 0.984232    -0.339831
2450905.850934 311.366022 0.990464    -0.377163
2450918.392270 323.907358 0.996696    -0.413795
2450930.933606 336.448694 0.002928    -0.449749
2450943.474942 348.990030 0.009159    -0.485044
2450956.016278 361.531366 0.015391    -0.519697
2450968.557614 374.072702 0.021623    -0.553727
2450981.098950 386.614038 0.027854    -0.587149
2450993.640286 399.155374 0.034086    -0.619979
2451006.181622 411.696710 0.040318    -0.652230
2451018.722959 424.238046 0.046550    -0.683918
2451031.264295 436.779383 0.052781    -0.715053
2451043.805631 449.320719 0.059013    -0.745649
2451056.346967 461.862055 0.065245    -0.775716
2451068.888303 474.403391 0.071476    -0.805264
2451081.429639 486.944727 0.077708    -0.834304
2451093.970975 499.486063 0.083940    -0.862843
2451106.512311 512.027399 0.090171    -0.890890
2451119.053647 524.568735 0.096403    -0.918453
2451131.594983 537.110071 0.102635    -0.945537
2451144.136319 549.651407 0.108867    -0.972197
2451156.677655 562.192743 0.115098    -0.998342
2451169.218991 574.734079 0.121330    -1.024024
2451181.760327 587.275415 0.127562    -1.049248
2451194.301663 599.816751 0.133793    -1.074016
2451206.842999 612.358087 0.140025    -1.098331
2451219.384335 624.899423 0.146257    -1.122194
2451231.925671 637.440759 0.152488    -1.145605
2451244.467007 649.982095 0.158720    -1.168565
2451257.008343 662.523431 0.164952    -1.191072
2451269.549679 675.064767 0.171184    -1.213124
2451282.091015 687.606103 0.177415    -1.234718
2451294.632351 700.147439 0.183647    -1.255851
2451307.173687 712.688775 0.189879    -1.276518
2451319.715023 725.230111 0.196110    -1.296714
2451332.256359 737.771447 0.202342    -1.316431
2451344.797695 750.312783 0.208574    -1.335661
2451357.339031 762.854119 0.214805    -1.354395
2451369.880367 775.395455 0.221037    -1.372624
2451382.421703 787.936791 0.227269    -1.390334
2451394.963039 800.478127 0.233501    -1.407513
2451407.504375 813.019463 0.239732    -1.424146
2451420.045711 825.560799 0.245964    -1.440216
2451432.587047 838.102135 0.252196    -1.455706
2451445.128384 850.643471 0.258427    -1.470594
2451457.669720 863.184808 0.264659    -1.484858
2451470.211056 875.726144 0.270891    -1.498475
2451482.752392 888.267480 0.277123    -1.511416
2451495.293728 900.808816 0.283354    -1.523652
2451507.835064 913.350152 0.289586    -1.535150
2451520.376400 925.891488 0.295818    -1.545874
2451532.917736 938.432824 0.302049    -1.555784
2451545.459072 950.974160 0.308281    -1.564839
2451558.000408 963.515496 0.314513    -1.572989
2451570.541744 976.056832 0.320744    -1.580184
2451583.083080 988.598168 0.326976    -1.586365
2451595.624416 1001.139504 0.333208    -1.591471
2451608.165752 -998.824747 0.339440    -1.595432
2451620.707088 -986.283411 0.345671    -1.598173
2451633.248424 -973.742075 0.351903    -1.599611
2451645.789760 -961.200739 0.358135    -1.599654
2451658.331096 -948.659403 0.364366    -1.598201
2451670.872432 -936.118067 0.370598    -1.595142
2451683.413768 -923.576731 0.376830    -1.590354
2451695.955104 -911.035395 0.383061    -1.583703
2451708.496440 -898.494059 0.389293    -1.575037
2451721.037776 -885.952723 0.395525    -1.564194
2451733.579112 -873.411387 0.401757    -1.550989
2451746.120448 -860.870051 0.407988    -1.535221
2451758.661784 -848.328715 0.414220    -1.516664
2451771.203120 -835.787379 0.420452    -1.495071
2451783.744456 -823.246043 0.426683    -1.470164
2451796.285792 -810.704707 0.432915    -1.441637
2451808.827128 -798.163371 0.439147    -1.409149
2451821.368464 -785.622035 0.445378    -1.372322
2451833.909800 -773.080699 0.451610    -1.330735
2451846.451136 -760.539363 0.457842    -1.283923
2451858.992472 -747.998027 0.464074    -1.231369
2451871.533809 -735.456691 0.470305    -1.172504
2451884.075145 -722.915355 0.476537    -1.106699
2451896.616481 -710.374018 0.482769    -1.033267
2451909.157817 -697.832682 0.489000    -0.951458
2451921.699153 -685.291346 0.495232    -0.860461
2451934.240489 -672.750010 0.501464    -0.759410
2451946.781825 -660.208674 0.507696    -0.647397
2451959.323161 -647.667338 0.513927    -0.523484
2451971.864497 -635.126002 0.520159    -0.386741
2451984.405833 -622.584666 0.526391    -0.236285
2451996.947169 -610.043330 0.532622    -0.071346
2452009.488505 -597.501994 0.538854     0.108651
2452022.029841 -584.960658 0.545086     0.303966
2452034.571177 -572.419322 0.551317     0.514414
2452047.112513 -559.877986 0.557549     0.739199
2452059.653849 -547.336650 0.563781     0.976743
2452072.195185 -534.795314 0.570013     1.224534
2452084.736521 -522.253978 0.576244     1.479016
2452097.277857 -509.712642 0.582476     1.735577
2452109.819193 -497.171306 0.588708     1.988677
2452122.360529 -484.629970 0.594939     2.232142
2452134.901865 -472.088634 0.601171     2.459615
2452147.443201 -459.547298 0.607403     2.665408
2452159.984537 -447.005962 0.613634     2.843911
2452172.525873 -434.464626 0.619866     2.991819
2452185.067209 -421.923290 0.626098     3.107143
2452197.608545 -409.381954 0.632330     3.189592
2452210.149881 -396.840618 0.638561     3.240386
2452222.691217 -384.299282 0.644793     3.261917
2452235.232553 -371.757946 0.651025     3.257359
2452247.773889 -359.216610 0.657256     3.230280
2452260.315225 -346.675274 0.663488     3.184329
2452272.856561 -334.133938 0.669720     3.123000
2452285.397897 -321.592602 0.675951     3.049486
2452297.939234 -309.051266 0.682183     2.966601
2452310.480570 -296.509930 0.688415     2.876760
2452323.021906 -283.968593 0.694647     2.781983
2452335.563242 -271.427257 0.700878     2.683934
2452348.104578 -258.885921 0.707110     2.583958
2452360.645914 -246.344585 0.713342     2.483126
2452373.187250 -233.803249 0.719573     2.382284
2452385.728586 -221.261913 0.725805     2.282085
2452398.269922 -208.720577 0.732037     2.183029
2452410.811258 -196.179241 0.738268     2.085489
2452423.352594 -183.637905 0.744500     1.989739
2452435.893930 -171.096569 0.750732     1.895972
2452448.435266 -158.555233 0.756964     1.804319
2452460.976602 -146.013897 0.763195     1.714861
2452473.517938 -133.472561 0.769427     1.627640
2452486.059274 -120.931225 0.775659     1.542669
2452498.600610 -108.389889 0.781890     1.459938
2452511.141946 -95.848553 0.788122     1.379419
2452523.683282 -83.307217 0.794354     1.301072
2452536.224618 -70.765881 0.800586     1.224847
2452548.765954 -58.224545 0.806817     1.150689
2452561.307290 -45.683209 0.813049     1.078537
2452573.848626 -33.141873 0.819281     1.008328
2452586.389962 -20.600537 0.825512     0.939997
2452598.931298 -8.059201 0.831744     0.873478
2452611.472634 4.482135 0.837976     0.808708
2452624.013970 17.023471 0.844207     0.745621
2452636.555306 29.564807 0.850439     0.684157
2452649.096642 42.106143 0.856671     0.624252
2452661.637978 54.647479 0.862903     0.565849
2452674.179314 67.188815 0.869134     0.508890
2452686.720650 79.730151 0.875366     0.453321
2452699.261986 92.271487 0.881598     0.399088
2452711.803322 104.812823 0.887829     0.346142
2452724.344658 117.354159 0.894061     0.294432
2452736.885995 129.895495 0.900293     0.243913
2452749.427331 142.436832 0.906524     0.194541
2452761.968667 154.978168 0.912756     0.146274
2452774.510003 167.519504 0.918988     0.099070
2452787.051339 180.060840 0.925220     0.052892
2452799.592675 192.602176 0.931451     0.007703
2452812.134011 205.143512 0.937683    -0.036531
2452824.675347 217.684848 0.943915    -0.079845
2452837.216683 230.226184 0.950146    -0.122269
2452849.758019 242.767520 0.956378    -0.163834
2452862.299355 255.308856 0.962610    -0.204568
2452874.840691 267.850192 0.968841    -0.244497
2452887.382027 280.391528 0.975073    -0.283649
2452899.923363 292.932864 0.981305    -0.322046
2452912.464699 305.474200 0.987537    -0.359713
2452925.006035 318.015536 0.993768    -0.396671
2452937.547371 330.556872 1.000000    -0.432941
2452950.088707 343.098208 0.006232    -0.468543
2452962.630043 355.639544 0.012463    -0.503496
2452975.171379 368.180880 0.018695    -0.537817
2452987.712715 380.722216 0.024927    -0.571522
2453000.254051 393.263552 0.031159    -0.604628
2453012.795387 405.804888 0.037390    -0.637150
2453025.336723 418.346224 0.043622    -0.669101
2453037.878059 430.887560 0.049854    -0.700494
2453050.419395 443.428896 0.056085    -0.731342
2453062.960731 455.970232 0.062317    -0.761656
2453075.502067 468.511568 0.068549    -0.791446
2453088.043403 481.052904 0.074780    -0.820724
2453100.584739 493.594240 0.081012    -0.849497
2453113.126075 506.135576 0.087244    -0.877775
2453125.667411 518.676912 0.093476    -0.905564
2453138.208747 531.218248 0.099707    -0.932872
2453150.750083 543.759584 0.105939    -0.959705
2453163.291420 556.300920 0.112171    -0.986117
2453175.832756 568.842257 0.118402    -1.012016
2453188.374092 581.383593 0.124634    -1.037455
2453200.915428 593.924929 0.130866    -1.062437
2453213.456764 606.466265 0.137097    -1.086965
2453225.998100 619.007601 0.143329    -1.111040
2453238.539436 631.548937 0.149561    -1.134663
2453251.080772 644.090273 0.155793    -1.157835
2453263.622108 656.631609 0.162024    -1.180555
2453276.163444 669.172945 0.168256    -1.202821
2453288.704780 681.714281 0.174488    -1.224630
2453301.246116 694.255617 0.180719    -1.245981
2453313.787452 706.796953 0.186951    -1.266867
2453326.328788 719.338289 0.193183    -1.287285
2453338.870124 731.879625 0.199414    -1.307228
2453351.411460 744.420961 0.205646    -1.326688
2453363.952796 756.962297 0.211878    -1.345656
2453376.494132 769.503633 0.218110    -1.364124
2453389.035468 782.044969 0.224341    -1.382079
2453401.576804 794.586305 0.230573    -1.399509
2453414.118140 807.127641 0.236805    -1.416401
2453426.659476 819.668977 0.243036    -1.432738
2453439.200812 832.210313 0.249268    -1.448502
2453451.742148 844.751649 0.255500    -1.463676
2453464.283484 857.292985 0.261732    -1.478236
2453476.824820 869.834321 0.267963    -1.492160
2453489.366156 882.375657 0.274195    -1.505422
2453501.907492 894.916993 0.280427    -1.517993
2453514.448828 907.458329 0.286658    -1.529842
2453526.990164 919.999665 0.292890    -1.540934
2453539.531500 932.541001 0.299122    -1.551232
2453552.072836 945.082337 0.305353    -1.560695
2453564.614172 957.623673 0.311585    -1.569276
2453577.155508 970.165009 0.317817    -1.576926
2453589.696845 982.706345 0.324049    -1.583591
2453602.238181 995.247682 0.330280    -1.589210
2453614.779517 -1004.716569 0.336512    -1.593718
2453627.320853 -992.175233 0.342744    -1.597042
2453639.862189 -979.633897 0.348975    -1.599103
2453652.403525 -967.092561 0.355207    -1.599813
2453664.944861 -954.551225 0.361439    -1.599077
2453677.486197 -942.009889 0.367670    -1.596787
2453690.027533 -929.468553 0.373902    -1.592827
2453702.568869 -916.927217 0.380134    -1.587069
2453715.110205 -904.385881 0.386366    -1.579369
2453727.651541 -891.844545 0.392597    -1.569571
2453740.192877 -879.303209 0.398829    -1.557499
2453752.734213 -866.761873 0.405061    -1.542961
2453765.275549 -854.220537 0.411292    -1.525744
2453777.816885 -841.679201 0.417524    -1.505610
2453790.358221 -829.137865 0.423756    -1.482296
2453802.899557 -816.596529 0.429987    -1.455511
2453815.440893 -804.055193 0.436219    -1.424928
2453827.982229 -791.513857 0.442451    -1.390189
2453840.523565 -778.972521 0.448683    -1.350893
2453853.064901 -766.431185 0.454914    -1.306597
2453865.606237 -753.889849 0.461146    -1.256808
2453878.147573 -741.348513 0.467378    -1.200983
2453890.688909 -728.807177 0.473609    -1.138520
2453903.230245 -716.265841 0.479841    -1.068761
2453915.771581 -703.724505 0.486073    -0.990985
2453928.312917 -691.183169 0.492304    -0.904409
2453940.854253 -678.641833 0.498536    -0.808192
2453953.395589 -666.100497 0.504768    -0.701444
2453965.936925 -653.559161 0.511000    -0.583239
2453978.478261 -641.017825 0.517231    -0.452638
2453991.019597 -628.476489 0.523463    -0.308729
2454003.560933 -615.935153 0.529695    -0.150679
2454016.102270 -603.393817 0.535926     0.022189
2454028.643606 -590.852481 0.542158     0.210300
2454041.184942 -578.311144 0.548390     0.413697
2454053.726278 -565.769808 0.554622     0.631891
2454066.267614 -553.228472 0.560853     0.863694
2454078.808950 -540.687136 0.567085     1.107049
2454091.350286 -528.145800 0.573317     1.358898
2454103.891622 -515.604464 0.579548     1.615120
2454116.432958 -503.063128 0.585780     1.870586
2454128.974294 -490.521792 0.592012     2.119370
2454141.515630 -477.980456 0.598243     2.355137
2454154.056966 -465.439120 0.604475     2.571658
2454166.598302 -452.897784 0.610707     2.763676
2454179.139638 -440.356448 0.616939     2.926310
2454191.680974 -427.815112 0.623170     3.057080
2454204.222310 -415.273776 0.629402     3.154907
2454216.763646 -402.732440 0.635634     3.220337
2454229.304982 -390.191104 0.641865     3.255258
2454241.846318 -377.649768 0.648097     3.262528
2454254.387654 -365.108432 0.654329     3.245573
2454266.928990 -352.567096 0.660560     3.208039
2454279.470326 -340.025760 0.666792     3.153516
2454292.011662 -327.484424 0.673024     3.085352
2454304.552998 -314.943088 0.679256     3.006544
2454317.094334 -302.401752 0.685487     2.919696
2454329.635670 -289.860416 0.691719     2.827010
2454342.177006 -277.319080 0.697951     2.730312
2454354.718342 -264.777744 0.704182     2.631092
2454367.259678 -252.236408 0.710414     2.530544
2454379.801014 -239.695072 0.716646     2.429615
2454392.342350 -227.153736 0.722877     2.329043
2454404.883686 -214.612400 0.729109     2.229396
2454417.425022 -202.071064 0.735341     2.131104
2454429.966358 -189.529728 0.741573     2.034485
2454442.507695 -176.988392 0.747804     1.939766
2454455.049031 -164.447056 0.754036     1.847107
2454467.590367 -151.905719 0.760268     1.756611
2454480.131703 -139.364383 0.766499     1.668335
2454492.673039 -126.823047 0.772731     1.582308
2454505.214375 -114.281711 0.778963     1.498527
2454517.755711 -101.740375 0.785195     1.416973
2454530.297047 -89.199039 0.791426     1.337611
2454542.838383 -76.657703 0.797658     1.260396
2454555.379719 -64.116367 0.803890     1.185275
2454567.921055 -51.575031 0.810121     1.112188
2454580.462391 -39.033695 0.816353     1.041074
2454593.003727 -26.492359 0.822585     0.971869
2454605.545063 -13.951023 0.828816     0.904507
2454618.086399 -1.409687 0.835048     0.838923
2454630.627735 11.131649 0.841280     0.775053
2454643.169071 23.672985 0.847512     0.712834
2454655.710407 36.214321 0.853743     0.652204
2454668.251743 48.755657 0.859975     0.593103
2454680.793079 61.296993 0.866207     0.535473
2454693.334415 73.838329 0.872438     0.479258
2454705.875751 86.379665 0.878670     0.424403
2454718.417087 98.921001 0.884902     0.370859
2454730.958423 111.462337 0.891133     0.318574
2454743.499759 124.003673 0.897365     0.267501
2454756.041095 136.545009 0.903597     0.217596
2454768.582431 149.086345 0.909829     0.168815
2454781.123767 161.627681 0.916060     0.121116
2454793.665103 174.169017 0.922292     0.074461
2454806.206439 186.710353 0.928524     0.028812
2454818.747775 199.251689 0.934755    -0.015867
2454831.289111 211.793025 0.940987    -0.059609
2454843.830447 224.334361 0.947219    -0.102448
2454856.371783 236.875697 0.953450    -0.144412
2454868.913120 249.417033 0.959682    -0.185533
2454881.454456 261.958369 0.965914    -0.225837
2454893.995792 274.499706 0.972146    -0.265351
2454906.537128 287.041042 0.978377    -0.304100
2454919.078464 299.582378 0.984609    -0.342107
2454931.619800 312.123714 0.990841    -0.379395
2454944.161136 324.665050 0.997072    -0.415986
2454956.702472 337.206386 0.003304    -0.451900
2454969.243808 349.747722 0.009536    -0.487155
2454981.785144 362.289058 0.015768    -0.521771
2454994.326480 374.830394 0.021999    -0.555763
2455006.867816 387.371730 0.028231    -0.589149
2455019.409152 399.913066 0.034463    -0.621943
2455031.950488 412.454402 0.040694    -0.654161
2455044.491824 424.995738 0.046926    -0.685814
2455057.033160 437.537074 0.053158    -0.716917
2455069.574496 450.078410 0.059389    -0.747480
2455082.115832 462.619746 0.065621    -0.777516
2455094.657168 475.161082 0.071853    -0.807033
2455107.198504 487.702418 0.078085    -0.836042
2455119.739840 500.243754 0.084316    -0.864551
2455132.281176 512.785090 0.090548    -0.892569
2455144.822512 525.326426 0.096780    -0.920102
2455157.363848 537.867762 0.103011    -0.947158
2455169.905184 550.409098 0.109243    -0.973790
2455182.446520 562.950434 0.115475    -0.999906
2455194.987856 575.491770 0.121706    -1.025561
2455207.529192 588.033106 0.127938    -1.050757
2455220.070528 600.574442 0.134170    -1.075498
2455232.611864 613.115778 0.140402    -1.099786
2455245.153200 625.657114 0.146633    -1.123621
2455257.694536 638.198450 0.152865    -1.147005
2455270.235872 650.739786 0.159097    -1.169937
2455282.777208 663.281122 0.165328    -1.192417
2455295.318545 675.822458 0.171560    -1.214441
2455307.859881 688.363794 0.177792    -1.236008
2455320.401217 700.905131 0.184023    -1.257113
2455332.942553 713.446467 0.190255    -1.277752
2455345.483889 725.987803 0.196487    -1.297919
2455358.025225 738.529139 0.202719    -1.317606
2455370.566561 751.070475 0.208950    -1.336807
2455383.107897 763.611811 0.215182    -1.355511
2455395.649233 776.153147 0.221414    -1.373708
2455408.190569 788.694483 0.227645    -1.391387
2455420.731905 801.235819 0.233877    -1.408534
2455433.273241 813.777155 0.240109    -1.425133
2455445.814577 826.318491 0.246340    -1.441169
2455458.355913 838.859827 0.252572    -1.456622
2455470.897249 851.401163 0.258804    -1.471474
2455483.438585 863.942499 0.265036    -1.485700
2455495.979921 876.483835 0.271267    -1.499276
2455508.521257 889.025171 0.277499    -1.512175
2455521.062593 901.566507 0.283731    -1.524368
2455533.603929 914.107843 0.289962    -1.535820
2455546.145265 926.649179 0.296194    -1.546496
2455558.686601 939.190515 0.302426    -1.556356
2455571.227937 951.731851 0.308658    -1.565357
2455583.769273 964.273187 0.314889    -1.573452
2455596.310609 976.814523 0.321121    -1.580586
2455608.851945 989.355859 0.327353    -1.586705
2455621.393281 1001.897195 0.333584    -1.591743
2455633.934617 -998.067056 0.339816    -1.595633
2455646.475953 -985.525720 0.346048    -1.598298
2455659.017289 -972.984384 0.352279    -1.599654
2455671.558625 -960.443048 0.358511    -1.599609
2455684.099961 -947.901712 0.364743    -1.598063
2455696.641297 -935.360376 0.370975    -1.594903
2455709.182633 -922.819040 0.377206    -1.590007
2455721.723970 -910.277704 0.383438    -1.583238
2455734.265306 -897.736368 0.389670    -1.574446
2455746.806642 -885.195032 0.395901    -1.563465
2455759.347978 -872.653695 0.402133    -1.550111
2455771.889314 -860.112359 0.408365    -1.534181
2455784.430650 -847.571023 0.414596    -1.515448
2455796.971986 -835.029687 0.420828    -1.493663
2455809.513322 -822.488351 0.427060    -1.468547
2455822.054658 -809.947015 0.433292    -1.439790
2455834.595994 -797.405679 0.439523    -1.407051
2455847.137330 -784.864343 0.445755    -1.369949
2455859.678666 -772.323007 0.451987    -1.328060
2455872.220002 -759.781671 0.458218    -1.280916
2455884.761338 -747.240335 0.464450    -1.227998
2455897.302674 -734.698999 0.470682    -1.168732
2455909.844010 -722.157663 0.476913    -1.102487
2455922.385346 -709.616327 0.483145    -1.028570
2455934.926682 -697.074991 0.489377    -0.946230
2455947.468018 -684.533655 0.495609    -0.854650
2455960.009354 -671.992319 0.501840    -0.752963
2455972.550690 -659.450983 0.508072    -0.640257
2455985.092026 -646.909647 0.514304    -0.515596
2455997.633362 -634.368311 0.520535    -0.378049
2456010.174698 -621.826975 0.526767    -0.226738
2456022.716034 -609.285639 0.532999    -0.060903
2456035.257370 -596.744303 0.539231     0.120015
2456047.798706 -584.202967 0.545462     0.316256
2456060.340042 -571.661631 0.551694     0.527600
2456072.881378 -559.120295 0.557926     0.753209
2456085.422714 -546.578959 0.564157     0.991453
2456097.964050 -534.037623 0.570389     1.239760
2456110.505386 -521.496287 0.576621     1.494508
2456123.046722 -508.954951 0.582852     1.751026
2456135.588058 -496.413615 0.589084     2.003724
2456148.129394 -483.872279 0.595316     2.246402
2456160.670731 -471.330943 0.601548     2.472710
2456173.212067 -458.789607 0.607779     2.677001
2456185.753403 -446.248270 0.614011     2.853744
2456198.294739 -433.706934 0.620243     2.999722
2456210.836075 -421.165598 0.626474     3.113052
2456223.377411 -408.624262 0.632706     3.193541
2456235.918747 -396.082926 0.638938     3.242488
2456248.460083 -383.541590 0.645169     3.262347
2456261.001419 -371.000254 0.651401     3.256325
2456273.542755 -358.458918 0.657633     3.228004
2456286.084091 -345.917582 0.663865     3.181027
2456298.625427 -333.376246 0.670096     3.118874
2456311.166763 -320.834910 0.676328     3.044718
2456323.708099 -308.293574 0.682560     2.961349
2456336.249435 -295.752238 0.688791     2.871156
2456348.790771 -283.210902 0.695023     2.776138
2456361.332107 -270.669566 0.701255     2.677937
2456373.873443 -258.128230 0.707486     2.577881
2456386.414779 -245.586894 0.713718     2.477027
2456398.956115 -233.045558 0.719950     2.376207
2456411.497451 -220.504222 0.726182     2.276064
2456424.038787 -207.962886 0.732413     2.177090
2456436.580123 -195.421550 0.738645     2.079651
2456449.121459 -182.880214 0.744877     1.984016
2456461.662795 -170.338878 0.751108     1.890373
2456474.204131 -157.797542 0.757340     1.798851
2456486.745467 -145.256206 0.763572     1.709527
2456499.286803 -132.714870 0.769804     1.622442
2456511.828139 -120.173534 0.776035     1.537607
2456524.369475 -107.632198 0.782267     1.455011
2456536.910811 -95.090862 0.788499     1.374624
2456549.452147 -82.549526 0.794730     1.296407
2456561.993483 -70.008190 0.800962     1.220309
2456574.534819 -57.466854 0.807194     1.146274
2456587.076156 -44.925518 0.813425     1.074241
2456599.617492 -32.384182 0.819657     1.004147
2456612.158828 -19.842846 0.825889     0.935927
2456624.700164 -7.301509 0.832121     0.869516
2456637.241500 5.239827 0.838352     0.804849
2456649.782836 17.781163 0.844584     0.741863
2456662.324172 30.322499 0.850816     0.680494
2456674.865508 42.863835 0.857047     0.620682
2456687.406844 55.405171 0.863279     0.562368
2456699.948180 67.946507 0.869511     0.505494
2456712.489516 80.487843 0.875742     0.450007
2456725.030852 93.029179 0.881974     0.395854
2456737.572188 105.570515 0.888206     0.342983
2456750.113524 118.111851 0.894438     0.291347
2456762.654860 130.653187 0.900669     0.240898
2456775.196196 143.194523 0.906901     0.191594
2456787.737532 155.735859 0.913133     0.143392
2456800.278868 168.277195 0.919364     0.096252
2456812.820204 180.818531 0.925596     0.050134
2456825.361540 193.359867 0.931828     0.005004
2456837.902876 205.901203 0.938059    -0.039174
2456850.444212 218.442539 0.944291    -0.082433
2456862.985548 230.983875 0.950523    -0.124805
2456875.526884 243.525211 0.956755    -0.166318
2456888.068220 256.066547 0.962986    -0.207003
2456900.609556 268.607883 0.969218    -0.246884
2456913.150892 281.149219 0.975450    -0.285990
2456925.692228 293.690555 0.981681    -0.324342
2456938.233564 306.231891 0.987913    -0.361966
2456950.774900 318.773227 0.994145    -0.398882
2456963.316236 331.314563 0.000376    -0.435111
2456975.857572 343.855899 0.006608    -0.470673
2456988.398908 356.397235 0.012840    -0.505587
2457000.940244 368.938571 0.019072    -0.539870
2457013.481581 381.479907 0.025303    -0.573539
2457026.022917 394.021243 0.031535    -0.606610
2457038.564253 406.562579 0.037767    -0.639096
2457051.105589 419.103916 0.043998    -0.671013
2457063.646925 431.645252 0.050230    -0.702373
2457076.188261 444.186588 0.056462    -0.733188
2457088.729597 456.727924 0.062694    -0.763470
2457101.270933 469.269260 0.068925    -0.793230
2457113.812269 481.810596 0.075157    -0.822477
2457126.353605 494.351932 0.081389    -0.851220
2457138.894941 506.893268 0.087620    -0.879467
2457151.436277 519.434604 0.093852    -0.907227
2457163.977613 531.975940 0.100084    -0.934507
2457176.518949 544.517276 0.106315    -0.961360
2457189.060285 557.058612 0.112547    -0.987695
2457201.601621 569.599948 0.118779    -1.013566
2457214.142957 582.141284 0.125011    -1.038977
2457226.684293 594.682620 0.131242    -1.063932
2457239.225629 607.223956 0.137474    -1.088432
2457251.766965 619.765292 0.143706    -1.112480
2457264.308301 632.306628 0.149937    -1.136076
2457276.849637 644.847964 0.156169    -1.159220
2457289.390973 657.389300 0.162401    -1.181913
2457301.932309 669.930636 0.168632    -1.204151
2457314.473645 682.471972 0.174864    -1.225933
2457327.014981 695.013308 0.181096    -1.247256
2457339.556317 707.554644 0.187328    -1.268114
2457352.097653 720.095980 0.193559    -1.288504
2457364.638989 732.637316 0.199791    -1.308417
2457377.180325 745.178652 0.206023    -1.327848
2457389.721661 757.719988 0.212254    -1.346786
2457402.262997 770.261324 0.218486    -1.365223
2457414.804333 782.802660 0.224718    -1.383147
2457427.345669 795.343996 0.230949    -1.400545
2457439.887006 807.885332 0.237181    -1.417404
2457452.428342 820.426668 0.243413    -1.433707
2457464.969678 832.968004 0.249645    -1.449436
2457477.511014 845.509341 0.255876    -1.464573
2457490.052350 858.050677 0.262108    -1.479096
2457502.593686 870.592013 0.268340    -1.492981
2457515.135022 883.133349 0.274571    -1.506202
2457527.676358 895.674685 0.280803    -1.518730
2457540.217694 908.216021 0.287035    -1.530534
2457552.759030 920.757357 0.293267    -1.541579
2457565.300366 933.298693 0.299498    -1.551828
2457577.841702 945.840029 0.305730    -1.561239
2457590.383038 958.381365 0.311962    -1.569765
2457602.924374 970.922701 0.318193    -1.577357
2457615.465710 983.464037 0.324425    -1.583961
2457628.007046 996.005373 0.330657    -1.589515
2457640.548382 -1003.958878 0.336888    -1.593953
2457653.089718 -991.417542 0.343120    -1.597203
2457665.631054 -978.876206 0.349352    -1.599185
2457678.172390 -966.334870 0.355584    -1.599811
2457690.713726 -953.793534 0.361815    -1.598983
2457703.255062 -941.252198 0.368047    -1.596596
2457715.796398 -928.710862 0.374279    -1.592532
2457728.337734 -916.169526 0.380510    -1.586660
2457740.879070 -903.628190 0.386742    -1.578838
2457753.420406 -891.086854 0.392974    -1.568908
2457765.961742 -878.545518 0.399205    -1.556693
2457778.503078 -866.004182 0.405437    -1.542000
2457791.044414 -853.462846 0.411669    -1.524613
2457803.585750 -840.921510 0.417901    -1.504295
2457816.127086 -828.380174 0.424132    -1.480780
2457828.668422 -815.838838 0.430364    -1.453774
2457841.209758 -803.297502 0.436596    -1.422951
2457853.751094 -790.756166 0.442827    -1.387949
2457866.292431 -778.214830 0.449059    -1.348364
2457878.833767 -765.673494 0.455291    -1.303750
2457891.375103 -753.132158 0.461522    -1.253613
2457903.916439 -740.590822 0.467754    -1.197404
2457916.457775 -728.049485 0.473986    -1.134520
2457928.999111 -715.508149 0.480218    -1.064297
2457941.540447 -702.966813 0.486449    -0.986012
2457954.081783 -690.425477 0.492681    -0.898878
2457966.623119 -677.884141 0.498913    -0.802051
2457979.164455 -665.342805 0.505144    -0.694637
2457991.705791 -652.801469 0.511376    -0.575710
2458004.247127 -640.260133 0.517608    -0.444330
2458016.788463 -627.718797 0.523839    -0.299589
2458029.329799 -615.177461 0.530071    -0.140662
2458041.871135 -602.636125 0.536303     0.033119
2458054.412471 -590.094789 0.542535     0.222157
2458066.953807 -577.553453 0.548766     0.426468
2458079.495143 -565.012117 0.554998     0.645526
2458092.036479 -552.470781 0.561230     0.878094
2458104.577815 -539.929445 0.567461     1.122059
2458117.119151 -527.388109 0.573693     1.374301
2458129.660487 -514.846773 0.579925     1.630632
2458142.201823 -502.305437 0.586157     1.885868
2458154.743159 -489.764101 0.592388     2.134048
2458167.284495 -477.222765 0.598620     2.368824
2458179.825831 -464.681429 0.604852     2.583996
2458192.367167 -452.140093 0.611083     2.774363
2458204.908503 -439.598757 0.617315     2.935134
2458217.449839 -427.057421 0.623547     3.063927
2458229.991175 -414.516085 0.629778     3.159767
2458242.532511 -401.974749 0.636010     3.223288
2458255.073847 -389.433413 0.642242     3.256450
2458267.615183 -376.892077 0.648474     3.262155
2458280.156519 -364.350741 0.654705     3.243853
2458292.697856 -351.809405 0.660937     3.205193
2458305.239192 -339.268069 0.667169     3.149753
2458317.780528 -326.726733 0.673400     3.080864
2458330.321864 -314.185397 0.679632     3.001501
2458342.863200 -301.644060 0.685864     2.914242
2458355.404536 -289.102724 0.692095     2.821265
2458367.945872 -276.561388 0.698327     2.724376
2458380.487208 -264.020052 0.704559     2.625044
2458393.028544 -251.478716 0.710791     2.524449
2458405.569880 -238.937380 0.717022     2.423522
2458418.111216 -226.396044 0.723254     2.322992
2458430.652552 -213.854708 0.729486     2.223416
2458443.193888 -201.313372 0.735717     2.125217
2458455.735224 -188.772036 0.741949     2.028706
2458468.276560 -176.230700 0.748181     1.934108
2458480.817896 -163.689364 0.754412     1.841578
2458493.359232 -151.148028 0.760644     1.751214
2458505.900568 -138.606692 0.766876     1.663074
2458518.441904 -126.065356 0.773108     1.577182
2458530.983240 -113.524020 0.779339     1.493537
2458543.524576 -100.982684 0.785571     1.412116
2458556.065912 -88.441348 0.791803     1.332885
2458568.607248 -75.900012 0.798034     1.255799
2458581.148584 -63.358676 0.804266     1.180802
2458593.689920 -50.817340 0.810498     1.107836
2458606.231256 -38.276004 0.816730     1.036839
2458618.772592 -25.734668 0.822961     0.967747
2458631.313928 -13.193332 0.829193     0.900494
2458643.855264 -0.651996 0.835425     0.835016
2458656.396600 11.889340 0.841656     0.771248
2458668.937936 24.430676 0.847888     0.709127
2458681.479272 36.972012 0.854120     0.648591
2458694.020608 49.513348 0.860351     0.589580
2458706.561944 62.054684 0.866583     0.532037
2458719.103281 74.596020 0.872815     0.475905
2458731.644617 87.137356 0.879047     0.421132
2458744.185953 99.678692 0.885278     0.367664
2458756.727289 112.220028 0.891510     0.315454
2458769.268625 124.761365 0.897742     0.264453
2458781.809961 137.302701 0.903973     0.214617
2458794.351297 149.844037 0.910205     0.165903
2458806.892633 162.385373 0.916437     0.118268
2458819.433969 174.926709 0.922668     0.071675
2458831.975305 187.468045 0.928900     0.026085
2458844.516641 200.009381 0.935132    -0.018536
2458857.057977 212.550717 0.941364    -0.062223
2458869.599313 225.092053 0.947595    -0.105007
2458882.140649 237.633389 0.953827    -0.146920
2458894.681985 250.174725 0.960059    -0.187991
2458907.223321 262.716061 0.966290    -0.228247
2458919.764657 275.257397 0.972522    -0.267714
2458932.305993 287.798733 0.978754    -0.306417
2458944.847329 300.340069 0.984985    -0.344380
2458957.388665 312.881405 0.991217    -0.381626
2458969.930001 325.422741 0.997449    -0.418175
2458982.471337 337.964077 0.003681    -0.454048
2458995.012673 350.505413 0.009912    -0.489265
2459007.554009 363.046749 0.016144    -0.523842
2459020.095345 375.588085 0.022376    -0.557797
2459032.636681 388.129421 0.028607    -0.591147
2459045.178017 400.670757 0.034839    -0.623906
2459057.719353 413.212093 0.041071    -0.656089
2459070.260689 425.753429 0.047303    -0.687709
2459082.802025 438.294765 0.053534    -0.718778
2459095.343361 450.836101 0.059766    -0.749310
2459107.884697 463.377437 0.065998    -0.779313
2459120.426033 475.918773 0.072229    -0.808800
2459132.967369 488.460109 0.078461    -0.837779
2459145.508706 501.001445 0.084693    -0.866258
2459158.050042 513.542781 0.090924    -0.894246
2459170.591378 526.084117 0.097156    -0.921751
2459183.132714 538.625453 0.103388    -0.948777
2459195.674050 551.166790 0.109620    -0.975381
2459208.215386 563.708126 0.115851    -1.001469
2459220.756722 576.249462 0.122083    -1.027096
2459233.298058 588.790798 0.128315    -1.052265
2459245.839394 601.332134 0.134546    -1.076978
2459258.380730 613.873470 0.140778    -1.101238
2459270.922066 626.414806 0.147010    -1.125047
2459283.463402 638.956142 0.153241    -1.148403
2459296.004738 651.497478 0.159473    -1.171308
2459308.546074 664.038814 0.165705    -1.193760
2459321.087410 676.580150 0.171937    -1.215757
2459333.628746 689.121486 0.178168    -1.237296
2459346.170082 701.662822 0.184400    -1.258373
2459358.711418 714.204158 0.190632    -1.278984
2459371.252754 726.745494 0.196863    -1.299122
2459383.794090 739.286830 0.203095    -1.318780
2459396.335426 751.828166 0.209327    -1.337951
2459408.876762 764.369502 0.215558    -1.356625
2459421.418098 776.910838 0.221790    -1.374791
2459433.959434 789.452174 0.228022    -1.392438
2459446.500770 801.993510 0.234254    -1.409552
2459459.042106 814.534846 0.240485    -1.426118
2459471.583442 827.076182 0.246717    -1.442119
2459484.124778 839.617518 0.252949    -1.457537
2459496.666114 852.158854 0.259180    -1.472351
2459509.207450 864.700190 0.265412    -1.486539
2459521.748786 877.241526 0.271644    -1.500075
2459534.290122 889.782862 0.277875    -1.512932
2459546.831458 902.324198 0.284107    -1.525081
2459559.372794 914.865534 0.290339    -1.536487
2459571.914130 927.406870 0.296571    -1.547115
2459584.455467 939.948206 0.302802    -1.556925
2459596.996803 952.489542 0.309034    -1.565873
2459609.538139 965.030878 0.315266    -1.573910
2459622.079475 977.572215 0.321497    -1.580986
2459634.620811 990.113551 0.327729    -1.587040
2459647.162147 1002.654887 0.333961    -1.592012
2459659.703483 -997.309364 0.340193    -1.595829
2459672.244819 -984.768028 0.346424    -1.598418
2459684.786155 -972.226692 0.352656    -1.599692
2459697.327491 -959.685356 0.358888    -1.599560
2459709.868827 -947.144020 0.365119    -1.597919
2459722.410163 -934.602684 0.371351    -1.594658
2459734.951499 -922.061348 0.377583    -1.589652
2459747.492835 -909.520012 0.383814    -1.582766
2459760.034171 -896.978676 0.390046    -1.573846
2459772.575507 -884.437340 0.396278    -1.562727
2459785.116843 -871.896004 0.402510    -1.549224
2459797.658179 -859.354668 0.408741    -1.533131
2459810.199515 -846.813332 0.414973    -1.514222
2459822.740851 -834.271996 0.421205    -1.492243
2459835.282187 -821.730660 0.427436    -1.466916
2459847.823523 -809.189324 0.433668    -1.437929
2459860.364859 -796.647988 0.439900    -1.404938
2459872.906195 -784.106652 0.446131    -1.367559
2459885.447531 -771.565316 0.452363    -1.325366
2459897.988867 -759.023980 0.458595    -1.277888
2459910.530203 -746.482644 0.464827    -1.224603
2459923.071539 -733.941308 0.471058    -1.164934
2459935.612875 -721.399972 0.477290    -1.098246
2459948.154211 -708.858636 0.483522    -1.023843
2459960.695547 -696.317300 0.489753    -0.940967
2459973.236883 -683.775964 0.495985    -0.848802
2459985.778219 -671.234628 0.502217    -0.746476
2459998.319555 -658.693292 0.508448    -0.633075
2460010.860892 -646.151956 0.514680    -0.507661
2460023.402228 -633.610620 0.520912    -0.369306
2460035.943564 -621.069284 0.527144    -0.217138
2460048.484900 -608.527948 0.533375    -0.050405
2460061.026236 -595.986611 0.539607     0.131436
2460073.567572 -583.445275 0.545839     0.328601
2460086.108908 -570.903939 0.552070     0.540837
2460098.650244 -558.362603 0.558302     0.767265
2460111.191580 -545.821267 0.564534     1.006200
2460123.732916 -533.279931 0.570766     1.255010
2460136.274252 -520.738595 0.576997     1.510008
2460148.815588 -508.197259 0.583229     1.766461
2460161.356924 -495.655923 0.589461     2.018734
2460173.898260 -483.114587 0.595692     2.260602
2460186.439596 -470.573251 0.601924     2.485724
2460198.980932 -458.031915 0.608156     2.688494
2460211.522268 -445.490579 0.614387     2.863464
2460224.063604 -432.949243 0.620619     3.007506
2460236.604940 -420.407907 0.626851     3.118841
2460249.146276 -407.866571 0.633083     3.197373
2460261.687612 -395.325235 0.639314     3.244484
2460274.228948 -382.783899 0.645546     3.262683
2460286.770284 -370.242563 0.651778     3.255210
2460299.311620 -357.701227 0.658009     3.225659
2460311.852956 -345.159891 0.664241     3.177669
2460324.394292 -332.618555 0.670473     3.114705
2460336.935628 -320.077219 0.676704     3.039917
2460349.476964 -307.535883 0.682936     2.956072
2460362.018300 -294.994547 0.689168     2.865534
2460374.559636 -282.453211 0.695400     2.770280
2460387.100972 -269.911875 0.701631     2.671933
2460399.642308 -257.370539 0.707863     2.571801
2460412.183644 -244.829203 0.714095     2.470927
2460424.724980 -232.287867 0.720326     2.370132
2460437.266317 -219.746531 0.726558     2.270047
2460449.807653 -207.205195 0.732790     2.171156
2460462.348989 -194.663859 0.739021     2.073820
2460474.890325 -182.122523 0.745253     1.978300
2460487.431661 -169.581186 0.751485     1.884783
2460499.972997 -157.039850 0.757717     1.793392
2460512.514333 -144.498514 0.763948     1.704202
2460525.055669 -131.957178 0.770180     1.617253
2460537.597005 -119.415842 0.776412     1.532554
2460550.138341 -106.874506 0.782643     1.450092
2460562.679677 -94.333170 0.788875     1.369837
2460575.221013 -81.791834 0.795107     1.291750
2460587.762349 -69.250498 0.801339     1.215778
2460600.303685 -56.709162 0.807570     1.141866
2460612.845021 -44.167826 0.813802     1.069952
2460625.386357 -31.626490 0.820034     0.999973
2460637.927693 -19.085154 0.826265     0.931864
2460650.469029 -6.543818 0.832497     0.865560
2460663.010365 5.997518 0.838729     0.800997
2460675.551701 18.538854 0.844960     0.738110
2460688.093037 31.080190 0.851192     0.676836
2460700.634373 43.621526 0.857424     0.617117
2460713.175709 56.162862 0.863656     0.558891
2460725.717045 68.704198 0.869887     0.502103
2460738.258381 81.245534 0.876119     0.446698
2460750.799717 93.786870 0.882351     0.392623
2460763.341053 106.328206 0.888582     0.339829
2460775.882389 118.869542 0.894814     0.288265
2460788.423725 131.410878 0.901046     0.237888
2460800.965061 143.952214 0.907277     0.188651
2460813.506397 156.493550 0.913509     0.140514
2460826.047733 169.034886 0.919741     0.093437
2460838.589069 181.576222 0.925973     0.047380
2460851.130405 194.117558 0.932204     0.002308
2460863.671742 206.658894 0.938436    -0.041813
2460876.213078 219.200230 0.944668    -0.085018
2460888.754414 231.741566 0.950899    -0.127337
2460901.295750 244.282902 0.957131    -0.168800
2460913.837086 256.824239 0.963363    -0.209435
2460926.378422 269.365575 0.969594    -0.249269
2460938.919758 281.906911 0.975826    -0.288328
2460951.461094 294.448247 0.982058    -0.326636
2460964.002430 306.989583 0.988290    -0.364216
2460976.543766 319.530919 0.994521    -0.401090
2460989.085102 332.072255 0.000753    -0.437278
2461001.626438 344.613591 0.006985    -0.472801
2461014.167774 357.154927 0.013216    -0.507676
2461026.709110 369.696263 0.019448    -0.541922
2461039.250446 382.237599 0.025680    -0.575554
2461051.791782 394.778935 0.031911    -0.608589
2461064.333118 407.320271 0.038143    -0.641040
2461076.874454 419.861607 0.044375    -0.672923
2461089.415790 432.402943 0.050607    -0.704250
2461101.957126 444.944279 0.056838    -0.735033
2461114.498462 457.485615 0.063070    -0.765283
2461127.039798 470.026951 0.069302    -0.795011
2461139.581134 482.568287 0.075533    -0.824227
2461152.122470 495.109623 0.081765    -0.852940
2461164.663806 507.650959 0.087997    -0.881158
2461177.205142 520.192295 0.094229    -0.908889
2461189.746478 532.733631 0.100460    -0.936139
2461202.287814 545.274967 0.106692    -0.962964
2461214.829150 557.816303 0.112924    -0.989271
2461227.370486 570.357639 0.119155    -1.015114
2461239.911822 582.898975 0.125387    -1.040498
2461252.453158 595.440311 0.131619    -1.065425
2461264.994494 607.981647 0.137850    -1.089898
2461277.535830 620.522983 0.144082    -1.113918
2461290.077167 633.064319 0.150314    -1.137487
2461302.618503 645.605655 0.156546    -1.160604
2461315.159839 658.146991 0.162777    -1.183269
2461327.701175 670.688327 0.169009    -1.205480
2461340.242511 683.229663 0.175241    -1.227235
2461352.783847 695.771000 0.181472    -1.248529
2461365.325183 708.312336 0.187704    -1.269360
2461377.866519 720.853672 0.193936    -1.289720
2461390.407855 733.395008 0.200167    -1.309605
2461402.949191 745.936344 0.206399    -1.329006
2461415.490527 758.477680 0.212631    -1.347915
2461428.031863 771.019016 0.218863    -1.366321
2461440.573199 783.560352 0.225094    -1.384213
2461453.114535 796.101688 0.231326    -1.401579
2461465.655871 808.643024 0.237558    -1.418405
2461478.197207 821.184360 0.243789    -1.434673
2461490.738543 833.725696 0.250021    -1.450368
2461503.279879 846.267032 0.256253    -1.465468
2461515.821215 858.808368 0.262484    -1.479953
2461528.362551 871.349704 0.268716    -1.493798
2461540.903887 883.891040 0.274948    -1.506978
2461553.445223 896.432376 0.281180    -1.519464
2461565.986559 908.973712 0.287411    -1.531223
2461578.527895 921.515048 0.293643    -1.542222
2461591.069231 934.056384 0.299875    -1.552421
2461603.610567 946.597720 0.306106    -1.561779
2461616.151903 959.139056 0.312338    -1.570251
2461628.693239 971.680392 0.318570    -1.577785
2461641.234575 984.221728 0.324802    -1.584327
2461653.775911 996.763064 0.331033    -1.589815
2461666.317247 -1003.201187 0.337265    -1.594184
2461678.858583 -990.659851 0.343497    -1.597360
2461691.399919 -978.118515 0.349728    -1.599263
2461703.941255 -965.577179 0.355960    -1.599803
2461716.482592 -953.035843 0.362192    -1.598885
2461729.023928 -940.494507 0.368423    -1.596400
2461741.565264 -927.953171 0.374655    -1.592230
2461754.106600 -915.411835 0.380887    -1.586245
2461766.647936 -902.870499 0.387119    -1.578300
2461779.189272 -890.329162 0.393350    -1.568236
2461791.730608 -877.787826 0.399582    -1.555877
2461804.271944 -865.246490 0.405814    -1.541028
2461816.813280 -852.705154 0.412045    -1.523471
2461829.354616 -840.163818 0.418277    -1.502968
2461841.895952 -827.622482 0.424509    -1.479250
2461854.437288 -815.081146 0.430740    -1.452024
2461866.978624 -802.539810 0.436972    -1.420959
2461879.519960 -789.998474 0.443204    -1.385692
2461892.061296 -777.457138 0.449436    -1.345816
2461904.602632 -764.915802 0.455667    -1.300883
2461917.143968 -752.374466 0.461899    -1.250395
2461929.685304 -739.833130 0.468131    -1.193800
2461942.226640 -727.291794 0.474362    -1.130492
2461954.767976 -714.750458 0.480594    -1.059804
2461967.309312 -702.209122 0.486826    -0.981007
2461979.850648 -689.667786 0.493057    -0.893312
2461992.391984 -677.126450 0.499289    -0.795871
2462004.933320 -664.585114 0.505521    -0.687789
2462017.474656 -652.043778 0.511753    -0.568135
2462030.015992 -639.502442 0.517984    -0.435973
2462042.557328 -626.961106 0.524216    -0.290398
2462055.098664 -614.419770 0.530448    -0.130590
2462067.640000 -601.878434 0.536679     0.044104
2462080.181336 -589.337098 0.542911     0.234069
2462092.722672 -576.795762 0.549143     0.439292
2462105.264008 -564.254426 0.555375     0.659210
2462117.805344 -551.713090 0.561606     0.892536
2462130.346680 -539.171754 0.567838     1.137100
2462142.888017 -526.630418 0.574070     1.389718
2462155.429353 -514.089082 0.580301     1.646140
2462167.970689 -501.547746 0.586533     1.901125
2462180.512025 -489.006410 0.592765     2.148676
2462193.053361 -476.465074 0.598996     2.382440
2462205.594697 -463.923738 0.605228     2.596241
2462218.136033 -451.382401 0.611460     2.784942
2462230.677369 -438.841065 0.617692     2.943841
2462243.218705 -426.299729 0.623923     3.070654
2462255.760041 -413.758393 0.630155     3.164508
2462268.301377 -401.217057 0.636387     3.226127
2462280.842713 -388.675721 0.642618     3.257541
2462293.384049 -376.134385 0.648850     3.261694
2462305.925385 -363.593049 0.655082     3.242059
2462318.466721 -351.051713 0.661313     3.202285
2462331.008057 -338.510377 0.667545     3.145941
2462343.549393 -325.969041 0.673777     3.076339
2462356.090729 -313.427705 0.680009     2.996430
2462368.632065 -300.886369 0.686240     2.908767
2462381.173401 -288.345033 0.692472     2.815506
2462393.714737 -275.803697 0.698704     2.718431
2462406.256073 -263.262361 0.704935     2.618992
2462418.797409 -250.721025 0.711167     2.518352
2462431.338745 -238.179689 0.717399     2.417431
2462443.880081 -225.638353 0.723630     2.316944
2462456.421417 -213.097017 0.729862     2.217440
2462468.962753 -200.555681 0.736094     2.119335
2462481.504089 -188.014345 0.742326     2.022935
2462494.045425 -175.473009 0.748557     1.928458
2462506.586761 -162.931673 0.754789     1.836056
2462519.128097 -150.390337 0.761021     1.745825
2462531.669433 -137.849001 0.767252     1.657821
2462544.210769 -125.307665 0.773484     1.572065
2462556.752105 -112.766329 0.779716     1.488555
2462569.293442 -100.224993 0.785947     1.407268
2462581.834778 -87.683657 0.792179     1.328168
2462594.376114 -75.142321 0.798411     1.251209
2462606.917450 -62.600985 0.804643     1.176337
2462619.458786 -50.059649 0.810874     1.103492
2462632.000122 -37.518313 0.817106     1.032612
2462644.541458 -24.976976 0.823338     0.963632
2462657.082794 -12.435640 0.829569     0.896489
2462669.624130 0.105696 0.835801     0.831116
2462682.165466 12.647032 0.842033     0.767449
2462694.706802 25.188368 0.848265     0.705425
2462707.248138 37.729704 0.854496     0.644983
2462719.789474 50.271040 0.860728     0.586063
2462732.330810 62.812376 0.866960     0.528606
2462744.872146 75.353712 0.873191     0.472558
2462757.413482 87.895048 0.879423     0.417865
2462769.954818 100.436384 0.885655     0.364475
2462782.496154 112.977720 0.891886     0.312339
2462795.037490 125.519056 0.898118     0.261410
2462807.578826 138.060392 0.904350     0.211643
2462820.120162 150.601728 0.910582     0.162994
2462832.661498 163.143064 0.916813     0.115424
2462845.202834 175.684400 0.923045     0.068892
2462857.744170 188.225736 0.929277     0.023362
2462870.285506 200.767072 0.935508    -0.021202
2462882.826842 213.308408 0.941740    -0.064833
2462895.368178 225.849744 0.947972    -0.107564
2462907.909514 238.391080 0.954203    -0.149425
2462920.450850 250.932416 0.960435    -0.190446
2462932.992186 263.473752 0.966667    -0.230653
2462945.533522 276.015088 0.972899    -0.270073
2462958.074858 288.556424 0.979130    -0.308731
2462970.616194 301.097760 0.985362    -0.346650
2462983.157530 313.639096 0.991594    -0.383853
2462995.698866 326.180432 0.997825    -0.420361
2463008.240203 338.721768 0.004057    -0.456194
2463020.781539 351.263104 0.010289    -0.491372
2463033.322875 363.804440 0.016520    -0.525911
2463045.864211 376.345776 0.022752    -0.559829
2463058.405547 388.887112 0.028984    -0.593143
2463070.946883 401.428449 0.035216    -0.625867
2463083.488219 413.969785 0.041447    -0.658015
2463096.029555 426.511121 0.047679    -0.689601
2463108.570891 439.052457 0.053911    -0.720638
2463121.112227 451.593793 0.060142    -0.751137
2463133.653563 464.135129 0.066374    -0.781109
2463146.194899 476.676465 0.072606    -0.810565
2463158.736235 489.217801 0.078838    -0.839513
2463171.277571 501.759137 0.085069    -0.867963
2463183.818907 514.300473 0.091301    -0.895922
2463196.360243 526.841809 0.097533    -0.923397
2463208.901579 539.383145 0.103764    -0.950395
2463221.442915 551.924481 0.109996    -0.976970
2463233.984251 564.465817 0.116228    -1.003031
2463246.525587 577.007153 0.122459    -1.028630
2463259.066923 589.548489 0.128691    -1.053771
2463271.608259 602.089825 0.134923    -1.078457
2463284.149595 614.631161 0.141155    -1.102690
2463296.690931 627.172497 0.147386    -1.126471
2463309.232267 639.713833 0.153618    -1.149800
2463321.773603 652.255169 0.159850    -1.172678
2463334.314939 664.796505 0.166081    -1.195102
2463346.856275 677.337841 0.172313    -1.217072
2463359.397611 689.879177 0.178545    -1.238583
2463371.938947 702.420513 0.184776    -1.259632
2463384.480283 714.961849 0.191008    -1.280214
2463397.021619 727.503185 0.197240    -1.300323
2463409.562955 740.044521 0.203472    -1.319952
2463422.104291 752.585857 0.209703    -1.339093
2463434.645628 765.127193 0.215935    -1.357737
2463447.186964 777.668529 0.222167    -1.375872
2463459.728300 790.209865 0.228398    -1.393487
2463472.269636 802.751201 0.234630    -1.410569
2463484.810972 815.292537 0.240862    -1.427101
2463497.352308 827.833874 0.247093    -1.443067
2463509.893644 840.375210 0.253325    -1.458449
2463522.434980 852.916546 0.259557    -1.473226
2463534.976316 865.457882 0.265789    -1.487375
2463547.517652 877.999218 0.272020    -1.500871
2463560.058988 890.540554 0.278252    -1.513687
2463572.600324 903.081890 0.284484    -1.525791
2463585.141660 915.623226 0.290715    -1.537152
2463597.682996 928.164562 0.296947    -1.547731
2463610.224332 940.705898 0.303179    -1.557490
2463622.765668 953.247234 0.309411    -1.566385
2463635.307004 965.788570 0.315642    -1.574366
2463647.848340 978.329906 0.321874    -1.581381
2463660.389676 990.871242 0.328106    -1.587372
2463672.931012 1003.412578 0.334337    -1.592276
2463685.472348 -996.551673 0.340569    -1.596022
2463698.013684 -984.010337 0.346801    -1.598533
2463710.555020 -971.469001 0.353032    -1.599725
2463723.096356 -958.927665 0.359264    -1.599504
2463735.637692 -946.386329 0.365496    -1.597769
2463748.179028 -933.844993 0.371728    -1.594407
2463760.720364 -921.303657 0.377959    -1.589291
2463773.261700 -908.762321 0.384191    -1.582286
2463785.803036 -896.220985 0.390423    -1.573239
2463798.344372 -883.679649 0.396654    -1.561981
2463810.885708 -871.138313 0.402886    -1.548327
2463823.427044 -858.596977 0.409118    -1.532071
2463835.968380 -846.055641 0.415349    -1.512983
