# time Tc_folded Tref_folded value value_err offset model full_model val_compare val_compare_err residuals residuals_err jitter jitter_flag offset_flag subset_flag 
2460042.883932 14.946704 0.367135 0.500000 0.100000 -1.059121 -0.441709 0.107883 -0.049591 0.100000 0.392117 0.100000 1.082483  -1  -1  -1 
2460042.889532 14.952304 0.367302 0.200000 0.100000 -1.059121 -0.440455 0.113021 -0.353476 0.100000 0.086979 0.100000 1.082483  -1  -1  -1 
2460043.870973 15.933745 0.396497 0.300000 0.100000 -1.059121 -0.219829 0.831101 -0.750930 0.100000 -0.531101 0.100000 1.082483  -1  -1  -1 
2460043.876677 15.939449 0.396667 0.200000 0.100000 -1.059121 -0.218542 0.834133 -0.852674 0.100000 -0.634133 0.100000 1.082483  -1  -1  -1 
2460044.793251 -16.760067 0.423933 1.900000 0.100000 -1.059121 -0.011283 1.136668 0.752050 0.100000 0.763332 0.100000 1.082483  -1  -1  -1 
2460044.798982 -16.754336 0.424103 1.700000 0.100000 -1.059121 -0.009985 1.137397 0.552619 0.100000 0.562603 0.100000 1.082483  -1  -1  -1 
2460045.773704 -15.779614 0.453099 -0.900000 0.300000 -1.059121 0.210962 1.059518 -1.748556 0.300000 -1.959518 0.300000 1.082483  -1  -1  -1 
2460045.779649 -15.773669 0.453276 -0.700000 0.200000 -1.059121 0.212309 1.057872 -1.545563 0.200000 -1.757872 0.200000 1.082483  -1  -1  -1 
2460046.786658 -14.766660 0.483232 1.400000 0.100000 -1.059121 0.440342 0.607090 1.233252 0.100000 0.792910 0.100000 1.082483  -1  -1  -1 
2460046.792204 -14.761114 0.483397 0.500000 0.100000 -1.059121 0.441595 0.603781 0.337814 0.100000 -0.103781 0.100000 1.082483  -1  -1  -1 
2460047.789500 -13.763818 0.513064 -0.000000 0.100000 -1.059121 0.666193 -0.087608 0.753801 0.100000 0.087608 0.100000 1.082483  -1  -1  -1 
2460047.795047 -13.758271 0.513229 -0.300000 0.100000 -1.059121 0.667437 -0.091830 0.459267 0.100000 -0.208170 0.100000 1.082483  -1  -1  -1 
2460048.783364 -12.769954 0.542629 -0.500000 0.100000 -1.059121 0.887475 -0.851627 1.239102 0.100000 0.351627 0.100000 1.082483  -1  -1  -1 
2460048.789012 -12.764306 0.542797 0.000000 0.100000 -1.059121 0.888722 -0.855837 1.744559 0.100000 0.855837 0.100000 1.082483  -1  -1  -1 
2460049.801102 -11.752216 0.572905 -0.800000 0.100000 -1.059121 1.109470 -1.523242 1.832711 0.100000 0.723242 0.100000 1.082483  -1  -1  -1 
2460049.806533 -11.746785 0.573066 -1.000000 0.100000 -1.059121 1.110637 -1.526195 1.636832 0.100000 0.526195 0.100000 1.082483  -1  -1  -1 
2460050.776767 -10.776551 0.601928 -2.800000 0.100000 -1.059121 1.315187 -1.899167 0.414354 0.100000 -0.900833 0.100000 1.082483  -1  -1  -1 
2460050.782471 -10.770847 0.602098 -2.500000 0.100000 -1.059121 1.316363 -1.900339 0.716702 0.100000 -0.599661 0.100000 1.082483  -1  -1  -1 
2460068.823617 7.270299 0.138780 0.600000 0.100000 -1.059121 -1.903273 -3.459352 2.156079 0.100000 4.059352 0.100000 1.082483  -1  -1  -1 
2460068.829253 7.275935 0.138948 -0.100000 0.200000 -1.059121 -1.902679 -3.453091 1.450412 0.200000 3.353091 0.200000 1.082483  -1  -1  -1 
2460073.775251 12.221933 0.286079 -0.600000 0.100000 -1.059121 -1.038449 0.459614 -2.098063 0.100000 -1.059614 0.100000 1.082483  -1  -1  -1 
2460073.780774 12.227456 0.286244 -0.500000 0.100000 -1.059121 -1.037278 0.459272 -1.996550 0.100000 -0.959272 0.100000 1.082483  -1  -1  -1 
2460076.728213 15.174895 0.373923 -0.600000 0.100000 -1.059121 -0.390577 -1.076141 0.085564 0.100000 0.476141 0.100000 1.082483  -1  -1  -1 
2460076.733797 15.180479 0.374089 -0.300000 0.100000 -1.059121 -0.389324 -1.080457 0.391133 0.100000 0.780457 0.100000 1.082483  -1  -1  -1 
2460077.755001 16.201683 0.404468 -1.700000 0.200000 -1.059121 -0.159333 -1.837649 -0.021684 0.200000 0.137649 0.200000 1.082483  -1  -1  -1 
2460077.760768 16.207450 0.404639 -1.800000 0.200000 -1.059121 -0.158030 -1.841554 -0.116476 0.200000 0.041554 0.200000 1.082483  -1  -1  -1 
2460078.818364 -16.351043 0.436100 -2.000000 0.100000 -1.059121 0.081406 -2.418854 0.500261 0.100000 0.418854 0.100000 1.082483  -1  -1  -1 
2460078.823976 -16.345431 0.436267 -2.600000 0.100000 -1.059121 0.082678 -2.421015 -0.096307 0.100000 -0.178985 0.100000 1.082483  -1  -1  -1 
2460079.846559 -15.322848 0.466687 -1.700000 0.100000 -1.059121 0.314479 -2.608892 1.223371 0.100000 0.908892 0.100000 1.082483  -1  -1  -1 
2460079.852048 -15.317359 0.466850 -1.500000 0.100000 -1.059121 0.315722 -2.608708 1.424430 0.100000 1.108708 0.100000 1.082483  -1  -1  -1 
2460080.730235 -14.439172 0.492974 -1.700000 0.100000 -1.059121 0.514288 -2.402339 1.216627 0.100000 0.702339 0.100000 1.082483  -1  -1  -1 
2460080.735864 -14.433543 0.493141 -1.500000 0.100000 -1.059121 0.515558 -2.399876 1.415434 0.100000 0.899876 0.100000 1.082483  -1  -1  -1 
2460082.755256 -12.414151 0.553214 -1.000000 0.100000 -1.059121 0.965739 -0.698709 0.664448 0.100000 -0.301291 0.100000 1.082483  -1  -1  -1 
2460082.760842 -12.408565 0.553380 -0.400000 0.100000 -1.059121 0.966963 -0.692214 1.259177 0.100000 0.292214 0.100000 1.082483  -1  -1  -1 
2460086.748603 -8.420804 0.672006 4.300000 0.100000 -1.059121 1.755496 3.478755 2.576742 0.100000 0.821245 0.100000 1.082483  -1  -1  -1 
2460086.754324 -8.415083 0.672177 3.800000 0.100000 -1.059121 1.756413 3.481387 2.075026 0.100000 0.318613 0.100000 1.082483  -1  -1  -1 
2460199.601214 3.583538 0.029107 0.200000 0.200000 -1.059121 -1.770356 1.293562 -2.863918 0.200000 -1.093562 0.200000 1.082483  -1  -1  -1 
2460199.607025 3.589349 0.029280 -1.200000 0.200000 -1.059121 -1.771750 1.296970 -4.268719 0.200000 -2.496970 0.200000 1.082483  -1  -1  -1 
2460201.515076 5.497400 0.086040 1.500000 0.100000 -1.059121 -1.995334 1.988572 -2.483905 0.100000 -0.488572 0.100000 1.082483  -1  -1  -1 
2460201.520627 5.502951 0.086205 1.700000 0.100000 -1.059121 -1.995408 1.988957 -2.284365 0.100000 -0.288957 0.100000 1.082483  -1  -1  -1 
2460202.533617 6.515941 0.116340 2.400000 0.100000 -1.059121 -1.967619 1.874778 -1.442397 0.100000 0.525222 0.100000 1.082483  -1  -1  -1 
2460202.539273 6.521597 0.116508 2.600000 0.100000 -1.059121 -1.967259 1.873120 -1.240378 0.100000 0.726880 0.100000 1.082483  -1  -1  -1 
2460203.571018 7.553342 0.147200 2.200000 0.200000 -1.059121 -1.871644 1.399198 -1.070842 0.200000 0.800802 0.200000 1.082483  -1  -1  -1 
2460203.577196 7.559520 0.147384 2.400000 0.200000 -1.059121 -1.870914 1.395432 -0.866346 0.200000 1.004568 0.200000 1.082483  -1  -1  -1 
2460204.530857 8.513181 0.175753 0.600000 0.100000 -1.059121 -1.740607 0.717608 -1.858215 0.100000 -0.117608 0.100000 1.082483  -1  -1  -1 
2460204.536387 8.518711 0.175917 1.300000 0.100000 -1.059121 -1.739761 0.713243 -1.153003 0.100000 0.586757 0.100000 1.082483  -1  -1  -1 
2460205.516019 9.498343 0.205059 -0.100000 0.100000 -1.059121 -1.577110 -0.088479 -1.588631 0.100000 -0.011521 0.100000 1.082483  -1  -1  -1 
2460205.521490 9.503814 0.205222 0.300000 0.100000 -1.059121 -1.576138 -0.092958 -1.183180 0.100000 0.392958 0.100000 1.082483  -1  -1  -1 
2460206.534104 10.516428 0.235345 0.100000 0.100000 -1.059121 -1.387013 -0.860643 -0.426370 0.100000 0.960643 0.100000 1.082483  -1  -1  -1 
2460206.539634 10.521958 0.235509 0.700000 0.100000 -1.059121 -1.385936 -0.864330 0.178394 0.100000 1.564330 0.100000 1.082483  -1  -1  -1 
2460208.612713 12.595037 0.297178 0.200000 0.100000 -1.059121 -0.958862 -1.523379 0.764517 0.100000 1.723379 0.100000 1.082483  -1  -1  -1 
2460208.618030 12.600354 0.297337 -0.000000 0.100000 -1.059121 -0.957721 -1.522792 0.565071 0.100000 1.522792 0.100000 1.082483  -1  -1  -1 
2460209.504007 13.486331 0.323692 -0.300000 0.200000 -1.059121 -0.765492 -1.241717 0.176225 0.200000 0.941717 0.200000 1.082483  -1  -1  -1 
2460209.509978 13.492302 0.323870 -0.700000 0.200000 -1.059121 -0.764184 -1.238595 -0.225588 0.200000 0.538595 0.200000 1.082483  -1  -1  -1 
2460210.587394 14.569718 0.355921 -0.200000 0.100000 -1.059121 -0.525913 -0.428971 -0.296941 0.100000 0.228971 0.100000 1.082483  -1  -1  -1 
2460210.593026 14.575350 0.356088 0.200000 0.100000 -1.059121 -0.524658 -0.423566 0.098909 0.100000 0.623566 0.100000 1.082483  -1  -1  -1 
2460211.516295 15.498619 0.383553 -1.000000 0.200000 -1.059121 -0.317857 0.586469 -1.904326 0.200000 -1.586469 0.200000 1.082483  -1  -1  -1 
2460211.522268 15.504592 0.383731 -0.700000 0.200000 -1.059121 -0.316513 0.593654 -1.610167 0.200000 -1.293654 0.200000 1.082483  -1  -1  -1 
