# time Tc_folded Tref_folded value value_err offset model full_model val_compare val_compare_err residuals residuals_err jitter jitter_flag offset_flag subset_flag 
2460042.883932 -614.128915 0.530592 0.500000 0.100000 -1.059121 -0.126709 0.107883 0.265408 0.100000 0.392117 0.100000 1.082483  -1  -1  -1 
2460042.889532 -614.123315 0.530595 0.200000 0.100000 -1.059121 -0.126634 0.113021 -0.039655 0.100000 0.086979 0.100000 1.082483  -1  -1  -1 
2460043.870973 -613.141874 0.531083 0.300000 0.100000 -1.059121 -0.113479 0.831101 -0.644580 0.100000 -0.531101 0.100000 1.082483  -1  -1  -1 
2460043.876677 -613.136170 0.531086 0.200000 0.100000 -1.059121 -0.113403 0.834133 -0.747535 0.100000 -0.634133 0.100000 1.082483  -1  -1  -1 
2460044.793251 -612.219596 0.531541 1.900000 0.100000 -1.059121 -0.101034 1.136668 0.662298 0.100000 0.763332 0.100000 1.082483  -1  -1  -1 
2460044.798982 -612.213865 0.531544 1.700000 0.100000 -1.059121 -0.100957 1.137397 0.461647 0.100000 0.562603 0.100000 1.082483  -1  -1  -1 
2460045.773704 -611.239143 0.532028 -0.900000 0.300000 -1.059121 -0.087715 1.059518 -2.047233 0.300000 -1.959518 0.300000 1.082483  -1  -1  -1 
2460045.779649 -611.233198 0.532031 -0.700000 0.200000 -1.059121 -0.087634 1.057872 -1.845506 0.200000 -1.757872 0.200000 1.082483  -1  -1  -1 
2460046.786658 -610.226189 0.532531 1.400000 0.100000 -1.059121 -0.073858 0.607090 0.719052 0.100000 0.792910 0.100000 1.082483  -1  -1  -1 
2460046.792204 -610.220643 0.532534 0.500000 0.100000 -1.059121 -0.073782 0.603781 -0.177563 0.100000 -0.103781 0.100000 1.082483  -1  -1  -1 
2460047.789500 -609.223347 0.533030 -0.000000 0.100000 -1.059121 -0.060042 -0.087608 0.027566 0.100000 0.087608 0.100000 1.082483  -1  -1  -1 
2460047.795047 -609.217800 0.533033 -0.300000 0.100000 -1.059121 -0.059965 -0.091830 -0.268135 0.100000 -0.208170 0.100000 1.082483  -1  -1  -1 
2460048.783364 -608.229483 0.533524 -0.500000 0.100000 -1.059121 -0.046254 -0.851627 0.305373 0.100000 0.351627 0.100000 1.082483  -1  -1  -1 
2460048.789012 -608.223835 0.533526 0.000000 0.100000 -1.059121 -0.046176 -0.855837 0.809662 0.100000 0.855837 0.100000 1.082483  -1  -1  -1 
2460049.801102 -607.211745 0.534029 -0.800000 0.100000 -1.059121 -0.032037 -1.523242 0.691205 0.100000 0.723242 0.100000 1.082483  -1  -1  -1 
2460049.806533 -607.206314 0.534032 -1.000000 0.100000 -1.059121 -0.031961 -1.526195 0.494234 0.100000 0.526195 0.100000 1.082483  -1  -1  -1 
2460050.776767 -606.236080 0.534514 -2.800000 0.100000 -1.059121 -0.018314 -1.899167 -0.919147 0.100000 -0.900833 0.100000 1.082483  -1  -1  -1 
2460050.782471 -606.230376 0.534517 -2.500000 0.100000 -1.059121 -0.018233 -1.900339 -0.617894 0.100000 -0.599661 0.100000 1.082483  -1  -1  -1 
2460068.823617 -588.189230 0.543481 0.600000 0.100000 -1.059121 0.252222 -3.459352 4.311574 0.100000 4.059352 0.100000 1.082483  -1  -1  -1 
2460068.829253 -588.183594 0.543484 -0.100000 0.200000 -1.059121 0.252312 -3.453091 3.605402 0.200000 3.353091 0.200000 1.082483  -1  -1  -1 
2460073.775251 -583.237596 0.545942 -0.600000 0.100000 -1.059121 0.331994 0.459614 -0.727620 0.100000 -1.059614 0.100000 1.082483  -1  -1  -1 
2460073.780774 -583.232073 0.545945 -0.500000 0.100000 -1.059121 0.332084 0.459272 -0.627188 0.100000 -0.959272 0.100000 1.082483  -1  -1  -1 
2460076.728213 -580.284634 0.547409 -0.600000 0.100000 -1.059121 0.380690 -1.076141 0.856831 0.100000 0.476141 0.100000 1.082483  -1  -1  -1 
2460076.733797 -580.279050 0.547412 -0.300000 0.100000 -1.059121 0.380783 -1.080457 1.161240 0.100000 0.780457 0.100000 1.082483  -1  -1  -1 
2460077.755001 -579.257846 0.547919 -1.700000 0.200000 -1.059121 0.397817 -1.837649 0.535466 0.200000 0.137649 0.200000 1.082483  -1  -1  -1 
2460077.760768 -579.252079 0.547922 -1.800000 0.200000 -1.059121 0.397914 -1.841554 0.439468 0.200000 0.041554 0.200000 1.082483  -1  -1  -1 
2460078.818364 -578.194483 0.548448 -2.000000 0.100000 -1.059121 0.415660 -2.418854 0.834514 0.100000 0.418854 0.100000 1.082483  -1  -1  -1 
2460078.823976 -578.188871 0.548451 -2.600000 0.100000 -1.059121 0.415754 -2.421015 0.236769 0.100000 -0.178985 0.100000 1.082483  -1  -1  -1 
2460079.846559 -577.166288 0.548959 -1.700000 0.100000 -1.059121 0.433014 -2.608892 1.341906 0.100000 0.908892 0.100000 1.082483  -1  -1  -1 
2460079.852048 -577.160799 0.548961 -1.500000 0.100000 -1.059121 0.433107 -2.608708 1.541815 0.100000 1.108708 0.100000 1.082483  -1  -1  -1 
2460080.730235 -576.282612 0.549398 -1.700000 0.100000 -1.059121 0.448008 -2.402339 1.150347 0.100000 0.702339 0.100000 1.082483  -1  -1  -1 
2460080.735864 -576.276983 0.549401 -1.500000 0.100000 -1.059121 0.448104 -2.399876 1.347980 0.100000 0.899876 0.100000 1.082483  -1  -1  -1 
2460082.755256 -574.257591 0.550404 -1.000000 0.100000 -1.059121 0.482644 -0.698709 0.181353 0.100000 -0.301291 0.100000 1.082483  -1  -1  -1 
2460082.760842 -574.252005 0.550407 -0.400000 0.100000 -1.059121 0.482740 -0.692214 0.774954 0.100000 0.292214 0.100000 1.082483  -1  -1  -1 
2460086.748603 -570.264244 0.552388 4.300000 0.100000 -1.059121 0.552054 3.478755 1.373299 0.100000 0.821245 0.100000 1.082483  -1  -1  -1 
2460086.754324 -570.258523 0.552391 3.800000 0.100000 -1.059121 0.552154 3.481387 0.870768 0.100000 0.318613 0.100000 1.082483  -1  -1  -1 
2460199.601214 -457.411633 0.608464 0.200000 0.200000 -1.059121 2.697829 1.293562 1.604266 0.200000 -1.093562 0.200000 1.082483  -1  -1  -1 
2460199.607025 -457.405822 0.608467 -1.200000 0.200000 -1.059121 2.697916 1.296970 0.200946 0.200000 -2.496970 0.200000 1.082483  -1  -1  -1 
2460201.515076 -455.497771 0.609415 1.500000 0.100000 -1.059121 2.726198 1.988572 2.237627 0.100000 -0.488572 0.100000 1.082483  -1  -1  -1 
2460201.520627 -455.492220 0.609418 1.700000 0.100000 -1.059121 2.726280 1.988957 2.437322 0.100000 -0.288957 0.100000 1.082483  -1  -1  -1 
2460202.533617 -454.479230 0.609921 2.400000 0.100000 -1.059121 2.741027 1.874778 3.266249 0.100000 0.525222 0.100000 1.082483  -1  -1  -1 
2460202.539273 -454.473574 0.609924 2.600000 0.100000 -1.059121 2.741109 1.873120 3.467990 0.100000 0.726880 0.100000 1.082483  -1  -1  -1 
2460203.571018 -453.441829 0.610437 2.200000 0.200000 -1.059121 2.755936 1.399198 3.556738 0.200000 0.800802 0.200000 1.082483  -1  -1  -1 
2460203.577196 -453.435651 0.610440 2.400000 0.200000 -1.059121 2.756025 1.395432 3.760593 0.200000 1.004568 0.200000 1.082483  -1  -1  -1 
2460204.530857 -452.481990 0.610913 0.600000 0.100000 -1.059121 2.769554 0.717608 2.651945 0.100000 -0.117608 0.100000 1.082483  -1  -1  -1 
2460204.536387 -452.476460 0.610916 1.300000 0.100000 -1.059121 2.769632 0.713243 3.356389 0.100000 0.586757 0.100000 1.082483  -1  -1  -1 
2460205.516019 -451.496828 0.611403 -0.100000 0.100000 -1.059121 2.783352 -0.088479 2.771831 0.100000 -0.011521 0.100000 1.082483  -1  -1  -1 
2460205.521490 -451.491357 0.611406 0.300000 0.100000 -1.059121 2.783428 -0.092958 3.176386 0.100000 0.392958 0.100000 1.082483  -1  -1  -1 
2460206.534104 -450.478743 0.611909 0.100000 0.100000 -1.059121 2.797419 -0.860643 3.758061 0.100000 0.960643 0.100000 1.082483  -1  -1  -1 
2460206.539634 -450.473213 0.611912 0.700000 0.100000 -1.059121 2.797495 -0.864330 4.361824 0.100000 1.564330 0.100000 1.082483  -1  -1  -1 
2460208.612713 -448.400134 0.612942 0.200000 0.100000 -1.059121 2.825526 -1.523379 4.548904 0.100000 1.723379 0.100000 1.082483  -1  -1  -1 
2460208.618030 -448.394817 0.612944 -0.000000 0.100000 -1.059121 2.825597 -1.522792 4.348389 0.100000 1.522792 0.100000 1.082483  -1  -1  -1 
2460209.504007 -447.508840 0.613385 -0.300000 0.200000 -1.059121 2.837323 -1.241717 3.779040 0.200000 0.941717 0.200000 1.082483  -1  -1  -1 
2460209.509978 -447.502869 0.613388 -0.700000 0.200000 -1.059121 2.837402 -1.238595 3.375997 0.200000 0.538595 0.200000 1.082483  -1  -1  -1 
2460210.587394 -446.425453 0.613923 -0.200000 0.100000 -1.059121 2.851454 -0.428971 3.080426 0.100000 0.228971 0.100000 1.082483  -1  -1  -1 
2460210.593026 -446.419821 0.613926 0.200000 0.100000 -1.059121 2.851527 -0.423566 3.475094 0.100000 0.623566 0.100000 1.082483  -1  -1  -1 
2460211.516295 -445.496552 0.614384 -1.000000 0.200000 -1.059121 2.863387 0.586469 1.276918 0.200000 -1.586469 0.200000 1.082483  -1  -1  -1 
2460211.522268 -445.490579 0.614387 -0.700000 0.200000 -1.059121 2.863464 0.593654 1.569810 0.200000 -1.293654 0.200000 1.082483  -1  -1  -1 
