# Tc_folded model 
-1.500000 -0.489898 
-1.499000 -0.483935 
-1.498000 -0.477963 
-1.497000 -0.471983 
-1.496000 -0.465994 
-1.495000 -0.459996 
-1.494000 -0.453990 
-1.493000 -0.447974 
-1.492000 -0.441950 
-1.491000 -0.435916 
-1.490000 -0.429874 
-1.489000 -0.423822 
-1.488000 -0.417761 
-1.487000 -0.411692 
-1.486000 -0.405613 
-1.485000 -0.399525 
-1.484000 -0.393427 
-1.483000 -0.387320 
-1.482000 -0.381204 
-1.481000 -0.375079 
-1.480000 -0.368944 
-1.479000 -0.362799 
-1.478000 -0.356645 
-1.477000 -0.350482 
-1.476000 -0.344309 
-1.475000 -0.338126 
-1.474000 -0.331933 
-1.473000 -0.325731 
-1.472000 -0.319519 
-1.471000 -0.313297 
-1.470000 -0.307065 
-1.469000 -0.300823 
-1.468000 -0.294571 
-1.467000 -0.288309 
-1.466000 -0.282037 
-1.465000 -0.275755 
-1.464000 -0.269463 
-1.463000 -0.263160 
-1.462000 -0.256847 
-1.461000 -0.250524 
-1.460000 -0.244191 
-1.459000 -0.237846 
-1.458000 -0.231492 
-1.457000 -0.225127 
-1.456000 -0.218751 
-1.455000 -0.212365 
-1.454000 -0.205968 
-1.453000 -0.199560 
-1.452000 -0.193141 
-1.451000 -0.186712 
-1.450000 -0.180271 
-1.449000 -0.173820 
-1.448000 -0.167357 
-1.447000 -0.160884 
-1.446000 -0.154399 
-1.445000 -0.147903 
-1.444000 -0.141396 
-1.443000 -0.134877 
-1.442000 -0.128347 
-1.441000 -0.121806 
-1.440000 -0.115253 
-1.439000 -0.108689 
-1.438000 -0.102113 
-1.437000 -0.095525 
-1.436000 -0.088925 
-1.435000 -0.082314 
-1.434000 -0.075691 
-1.433000 -0.069056 
-1.432000 -0.062409 
-1.431000 -0.055750 
-1.430000 -0.049079 
-1.429000 -0.042396 
-1.428000 -0.035700 
-1.427000 -0.028993 
-1.426000 -0.022272 
-1.425000 -0.015540 
-1.424000 -0.008795 
-1.423000 -0.002037 
-1.422000 0.004733 
-1.421000 0.011516 
-1.420000 0.018312 
-1.419000 0.025120 
-1.418000 0.031941 
-1.417000 0.038776 
-1.416000 0.045623 
-1.415000 0.052483 
-1.414000 0.059357 
-1.413000 0.066244 
-1.412000 0.073144 
-1.411000 0.080057 
-1.410000 0.086984 
-1.409000 0.093925 
-1.408000 0.100879 
-1.407000 0.107846 
-1.406000 0.114828 
-1.405000 0.121823 
-1.404000 0.128832 
-1.403000 0.135855 
-1.402000 0.142892 
-1.401000 0.149943 
-1.400000 0.157009 
-1.399000 0.164088 
-1.398000 0.171182 
-1.397000 0.178290 
-1.396000 0.185413 
-1.395000 0.192551 
-1.394000 0.199703 
-1.393000 0.206869 
-1.392000 0.214051 
-1.391000 0.221247 
-1.390000 0.228459 
-1.389000 0.235685 
-1.388000 0.242926 
-1.387000 0.250183 
-1.386000 0.257455 
-1.385000 0.264742 
-1.384000 0.272045 
-1.383000 0.279364 
-1.382000 0.286697 
-1.381000 0.294047 
-1.380000 0.301413 
-1.379000 0.308794 
-1.378000 0.316191 
-1.377000 0.323604 
-1.376000 0.331034 
-1.375000 0.338480 
-1.374000 0.345942 
-1.373000 0.353420 
-1.372000 0.360915 
-1.371000 0.368426 
-1.370000 0.375954 
-1.369000 0.383499 
-1.368000 0.391061 
-1.367000 0.398639 
-1.366000 0.406235 
-1.365000 0.413848 
-1.364000 0.421478 
-1.363000 0.429125 
-1.362000 0.436790 
-1.361000 0.444472 
-1.360000 0.452172 
-1.359000 0.459890 
-1.358000 0.467625 
-1.357000 0.475378 
-1.356000 0.483150 
-1.355000 0.490939 
-1.354000 0.498746 
-1.353000 0.506572 
-1.352000 0.514416 
-1.351000 0.522279 
-1.350000 0.530160 
-1.349000 0.538060 
-1.348000 0.545979 
-1.347000 0.553917 
-1.346000 0.561873 
-1.345000 0.569849 
-1.344000 0.577844 
-1.343000 0.585858 
-1.342000 0.593892 
-1.341000 0.601945 
-1.340000 0.610018 
-1.339000 0.618110 
-1.338000 0.626222 
-1.337000 0.634355 
-1.336000 0.642507 
-1.335000 0.650679 
-1.334000 0.658872 
-1.333000 0.667085 
-1.332000 0.675319 
-1.331000 0.683573 
-1.330000 0.691848 
-1.329000 0.700144 
-1.328000 0.708461 
-1.327000 0.716798 
-1.326000 0.725157 
-1.325000 0.733538 
-1.324000 0.741939 
-1.323000 0.750362 
-1.322000 0.758807 
-1.321000 0.767273 
-1.320000 0.775762 
-1.319000 0.784272 
-1.318000 0.792804 
-1.317000 0.801359 
-1.316000 0.809936 
-1.315000 0.818535 
-1.314000 0.827157 
-1.313000 0.835801 
-1.312000 0.844469 
-1.311000 0.853159 
-1.310000 0.861872 
-1.309000 0.870609 
-1.308000 0.879369 
-1.307000 0.888152 
-1.306000 0.896958 
-1.305000 0.905789 
-1.304000 0.914643 
-1.303000 0.923521 
-1.302000 0.932422 
-1.301000 0.941349 
-1.300000 0.950299 
-1.299000 0.959274 
-1.298000 0.968273 
-1.297000 0.977297 
-1.296000 0.986345 
-1.295000 0.995418 
-1.294000 1.004517 
-1.293000 1.013640 
-1.292000 1.022789 
-1.291000 1.031963 
-1.290000 1.041163 
-1.289000 1.050388 
-1.288000 1.059639 
-1.287000 1.068916 
-1.286000 1.078219 
-1.285000 1.087548 
-1.284000 1.096903 
-1.283000 1.106285 
-1.282000 1.115693 
-1.281000 1.125127 
-1.280000 1.134589 
-1.279000 1.144077 
-1.278000 1.153592 
-1.277000 1.163134 
-1.276000 1.172704 
-1.275000 1.182301 
-1.274000 1.191925 
-1.273000 1.201577 
-1.272000 1.211256 
-1.271000 1.220964 
-1.270000 1.230699 
-1.269000 1.240463 
-1.268000 1.250254 
-1.267000 1.260074 
-1.266000 1.269922 
-1.265000 1.279799 
-1.264000 1.289705 
-1.263000 1.299639 
-1.262000 1.309602 
-1.261000 1.319594 
-1.260000 1.329615 
-1.259000 1.339666 
-1.258000 1.349745 
-1.257000 1.359854 
-1.256000 1.369993 
-1.255000 1.380161 
-1.254000 1.390359 
-1.253000 1.400586 
-1.252000 1.410844 
-1.251000 1.421132 
-1.250000 1.431449 
-1.249000 1.441797 
-1.248000 1.452175 
-1.247000 1.462584 
-1.246000 1.473023 
-1.245000 1.483492 
-1.244000 1.493992 
-1.243000 1.504523 
-1.242000 1.515084 
-1.241000 1.525676 
-1.240000 1.536300 
-1.239000 1.546954 
-1.238000 1.557639 
-1.237000 1.568355 
-1.236000 1.579102 
-1.235000 1.589881 
-1.234000 1.600690 
-1.233000 1.611531 
-1.232000 1.622403 
-1.231000 1.633307 
-1.230000 1.644242 
-1.229000 1.655208 
-1.228000 1.666205 
-1.227000 1.677234 
-1.226000 1.688295 
-1.225000 1.699386 
-1.224000 1.710509 
-1.223000 1.721664 
-1.222000 1.732850 
-1.221000 1.744067 
-1.220000 1.755315 
-1.219000 1.766595 
-1.218000 1.777906 
-1.217000 1.789248 
-1.216000 1.800621 
-1.215000 1.812025 
-1.214000 1.823460 
-1.213000 1.834926 
-1.212000 1.846422 
-1.211000 1.857949 
-1.210000 1.869507 
-1.209000 1.881095 
-1.208000 1.892713 
-1.207000 1.904362 
-1.206000 1.916040 
-1.205000 1.927748 
-1.204000 1.939485 
-1.203000 1.951252 
-1.202000 1.963048 
-1.201000 1.974873 
-1.200000 1.986726 
-1.199000 1.998608 
-1.198000 2.010518 
-1.197000 2.022456 
-1.196000 2.034421 
-1.195000 2.046413 
-1.194000 2.058432 
-1.193000 2.070478 
-1.192000 2.082549 
-1.191000 2.094647 
-1.190000 2.106769 
-1.189000 2.118917 
-1.188000 2.131088 
-1.187000 2.143284 
-1.186000 2.155503 
-1.185000 2.167744 
-1.184000 2.180008 
-1.183000 2.192294 
-1.182000 2.204600 
-1.181000 2.216927 
-1.180000 2.229273 
-1.179000 2.241639 
-1.178000 2.254022 
-1.177000 2.266423 
-1.176000 2.278841 
-1.175000 2.291274 
-1.174000 2.303723 
-1.173000 2.316185 
-1.172000 2.328661 
-1.171000 2.341149 
-1.170000 2.353647 
-1.169000 2.366156 
-1.168000 2.378673 
-1.167000 2.391198 
-1.166000 2.403730 
-1.165000 2.416267 
-1.164000 2.428808 
-1.163000 2.441351 
-1.162000 2.453895 
-1.161000 2.466439 
-1.160000 2.478981 
-1.159000 2.491520 
-1.158000 2.504053 
-1.157000 2.516580 
-1.156000 2.529098 
-1.155000 2.541606 
-1.154000 2.554101 
-1.153000 2.566582 
-1.152000 2.579046 
-1.151000 2.591492 
-1.150000 2.603917 
-1.149000 2.616319 
-1.148000 2.628696 
-1.147000 2.641044 
-1.146000 2.653362 
-1.145000 2.665647 
-1.144000 2.677896 
-1.143000 2.690106 
-1.142000 2.702274 
-1.141000 2.714398 
-1.140000 2.726474 
-1.139000 2.738498 
-1.138000 2.750468 
-1.137000 2.762379 
-1.136000 2.774229 
-1.135000 2.786014 
-1.134000 2.797729 
-1.133000 2.809370 
-1.132000 2.820934 
-1.131000 2.832416 
-1.130000 2.843812 
-1.129000 2.855117 
-1.128000 2.866326 
-1.127000 2.877435 
-1.126000 2.888438 
-1.125000 2.899330 
-1.124000 2.910106 
-1.123000 2.920760 
-1.122000 2.931286 
-1.121000 2.941679 
-1.120000 2.951933 
-1.119000 2.962040 
-1.118000 2.971995 
-1.117000 2.981791 
-1.116000 2.991421 
-1.115000 3.000878 
-1.114000 3.010154 
-1.113000 3.019243 
-1.112000 3.028135 
-1.111000 3.036824 
-1.110000 3.045300 
-1.109000 3.053556 
-1.108000 3.061583 
-1.107000 3.069372 
-1.106000 3.076914 
-1.105000 3.084199 
-1.104000 3.091218 
-1.103000 3.097960 
-1.102000 3.104416 
-1.101000 3.110576 
-1.100000 3.116427 
-1.099000 3.121961 
-1.098000 3.127164 
-1.097000 3.132027 
-1.096000 3.136537 
-1.095000 3.140683 
-1.094000 3.144451 
-1.093000 3.147831 
-1.092000 3.150808 
-1.091000 3.153371 
-1.090000 3.155506 
-1.089000 3.157200 
-1.088000 3.158438 
-1.087000 3.159208 
-1.086000 3.159496 
-1.085000 3.159287 
-1.084000 3.158567 
-1.083000 3.157321 
-1.082000 3.155535 
-1.081000 3.153194 
-1.080000 3.150284 
-1.079000 3.146788 
-1.078000 3.142694 
-1.077000 3.137984 
-1.076000 3.132644 
-1.075000 3.126660 
-1.074000 3.120016 
-1.073000 3.112696 
-1.072000 3.104687 
-1.071000 3.095974 
-1.070000 3.086542 
-1.069000 3.076376 
-1.068000 3.065463 
-1.067000 3.053789 
-1.066000 3.041340 
-1.065000 3.028103 
-1.064000 3.014066 
-1.063000 2.999215 
-1.062000 2.983541 
-1.061000 2.967031 
-1.060000 2.949674 
-1.059000 2.931462 
-1.058000 2.912384 
-1.057000 2.892433 
-1.056000 2.871601 
-1.055000 2.849880 
-1.054000 2.827266 
-1.053000 2.803754 
-1.052000 2.779339 
-1.051000 2.754019 
-1.050000 2.727792 
-1.049000 2.700658 
-1.048000 2.672618 
-1.047000 2.643673 
-1.046000 2.613827 
-1.045000 2.583083 
-1.044000 2.551449 
-1.043000 2.518931 
-1.042000 2.485538 
-1.041000 2.451280 
-1.040000 2.416168 
-1.039000 2.380215 
-1.038000 2.343435 
-1.037000 2.305844 
-1.036000 2.267458 
-1.035000 2.228296 
-1.034000 2.188378 
-1.033000 2.147725 
-1.032000 2.106358 
-1.031000 2.064302 
-1.030000 2.021580 
-1.029000 1.978220 
-1.028000 1.934247 
-1.027000 1.889690 
-1.026000 1.844577 
-1.025000 1.798938 
-1.024000 1.752307 
-1.023000 1.705699 
-1.022000 1.658655 
-1.021000 1.611208 
-1.020000 1.563391 
-1.019000 1.515237 
-1.018000 1.466780 
-1.017000 1.418053 
-1.016000 1.369091 
-1.015000 1.319926 
-1.014000 1.270594 
-1.013000 1.221128 
-1.012000 1.171562 
-1.011000 1.121928 
-1.010000 1.072261 
-1.009000 1.022592 
-1.008000 0.972953 
-1.007000 0.923376 
-1.006000 0.873891 
-1.005000 0.824529 
-1.004000 0.775319 
-1.003000 0.726289 
-1.002000 0.677467 
-1.001000 0.628879 
-1.000000 0.580551 
-0.999000 0.532509 
-0.998000 0.484775 
-0.997000 0.437373 
-0.996000 0.390324 
-0.995000 0.343649 
-0.994000 0.297368 
-0.993000 0.251499 
-0.992000 0.206059 
-0.991000 0.161066 
-0.990000 0.116535 
-0.989000 0.072480 
-0.988000 0.028914 
-0.987000 -0.014151 
-0.986000 -0.056702 
-0.985000 -0.098730 
-0.984000 -0.140225 
-0.983000 -0.181178 
-0.982000 -0.221583 
-0.981000 -0.261432 
-0.980000 -0.300720 
-0.979000 -0.339441 
-0.978000 -0.377592 
-0.977000 -0.415168 
-0.976000 -0.452167 
-0.975000 -0.488587 
-0.974000 -0.524426 
-0.973000 -0.559684 
-0.972000 -0.594361 
-0.971000 -0.628456 
-0.970000 -0.661972 
-0.969000 -0.694909 
-0.968000 -0.727269 
-0.967000 -0.759055 
-0.966000 -0.790269 
-0.965000 -0.820915 
-0.964000 -0.850997 
-0.963000 -0.880518 
-0.962000 -0.909482 
-0.961000 -0.937895 
-0.960000 -0.965761 
-0.959000 -0.993084 
-0.958000 -1.019872 
-0.957000 -1.046128 
-0.956000 -1.071859 
-0.955000 -1.097071 
-0.954000 -1.121769 
-0.953000 -1.145960 
-0.952000 -1.169651 
-0.951000 -1.192847 
-0.950000 -1.215555 
-0.949000 -1.237782 
-0.948000 -1.259534 
-0.947000 -1.280819 
-0.946000 -1.301643 
-0.945000 -1.322012 
-0.944000 -1.341934 
-0.943000 -1.361415 
-0.942000 -1.380462 
-0.941000 -1.399082 
-0.940000 -1.417282 
-0.939000 -1.435068 
-0.938000 -1.452448 
-0.937000 -1.469428 
-0.936000 -1.486014 
-0.935000 -1.502214 
-0.934000 -1.518033 
-0.933000 -1.533479 
-0.932000 -1.548558 
-0.931000 -1.563276 
-0.930000 -1.577640 
-0.929000 -1.591656 
-0.928000 -1.605329 
-0.927000 -1.618667 
-0.926000 -1.631676 
-0.925000 -1.644360 
-0.924000 -1.656727 
-0.923000 -1.668781 
-0.922000 -1.680530 
-0.921000 -1.691977 
-0.920000 -1.703130 
-0.919000 -1.713993 
-0.918000 -1.724572 
-0.917000 -1.734872 
-0.916000 -1.744898 
-0.915000 -1.754656 
-0.914000 -1.764150 
-0.913000 -1.773386 
-0.912000 -1.782369 
-0.911000 -1.791103 
-0.910000 -1.799592 
-0.909000 -1.807843 
-0.908000 -1.815858 
-0.907000 -1.823643 
-0.906000 -1.831203 
-0.905000 -1.838541 
-0.904000 -1.845661 
-0.903000 -1.852568 
-0.902000 -1.859266 
-0.901000 -1.865759 
-0.900000 -1.872051 
-0.899000 -1.878146 
-0.898000 -1.884047 
-0.897000 -1.889758 
-0.896000 -1.895283 
-0.895000 -1.900626 
-0.894000 -1.905789 
-0.893000 -1.910777 
-0.892000 -1.915592 
-0.891000 -1.920239 
-0.890000 -1.924719 
-0.889000 -1.929037 
-0.888000 -1.933196 
-0.887000 -1.937198 
-0.886000 -1.941046 
-0.885000 -1.944744 
-0.884000 -1.948295 
-0.883000 -1.951700 
-0.882000 -1.954963 
-0.881000 -1.958087 
-0.880000 -1.961074 
-0.879000 -1.963927 
-0.878000 -1.966648 
-0.877000 -1.969240 
-0.876000 -1.971706 
-0.875000 -1.974047 
-0.874000 -1.976266 
-0.873000 -1.978365 
-0.872000 -1.980346 
-0.871000 -1.982213 
-0.870000 -1.983966 
-0.869000 -1.985608 
-0.868000 -1.987141 
-0.867000 -1.988567 
-0.866000 -1.989888 
-0.865000 -1.991106 
-0.864000 -1.992223 
-0.863000 -1.993241 
-0.862000 -1.994161 
-0.861000 -1.994986 
-0.860000 -1.995717 
-0.859000 -1.996355 
-0.858000 -1.996903 
-0.857000 -1.997362 
-0.856000 -1.997734 
-0.855000 -1.998021 
-0.854000 -1.998223 
-0.853000 -1.998342 
-0.852000 -1.998381 
-0.851000 -1.998339 
-0.850000 -1.998220 
-0.849000 -1.998023 
-0.848000 -1.997752 
-0.847000 -1.997406 
-0.846000 -1.996987 
-0.845000 -1.996497 
-0.844000 -1.995936 
-0.843000 -1.995307 
-0.842000 -1.994609 
-0.841000 -1.993846 
-0.840000 -1.993016 
-0.839000 -1.992123 
-0.838000 -1.991166 
-0.837000 -1.990147 
-0.836000 -1.989067 
-0.835000 -1.987927 
-0.834000 -1.986729 
-0.833000 -1.985472 
-0.832000 -1.984159 
-0.831000 -1.982789 
-0.830000 -1.981365 
-0.829000 -1.979886 
-0.828000 -1.978355 
-0.827000 -1.976771 
-0.826000 -1.975136 
-0.825000 -1.973450 
-0.824000 -1.971715 
-0.823000 -1.969931 
-0.822000 -1.968099 
-0.821000 -1.966220 
-0.820000 -1.964294 
-0.819000 -1.962323 
-0.818000 -1.960307 
-0.817000 -1.958246 
-0.816000 -1.956143 
-0.815000 -1.953996 
-0.814000 -1.951808 
-0.813000 -1.949578 
-0.812000 -1.947308 
-0.811000 -1.944998 
-0.810000 -1.942648 
-0.809000 -1.940260 
-0.808000 -1.937833 
-0.807000 -1.935369 
-0.806000 -1.932868 
-0.805000 -1.930331 
-0.804000 -1.927759 
-0.803000 -1.925151 
-0.802000 -1.922508 
-0.801000 -1.919831 
-0.800000 -1.917121 
-0.799000 -1.914378 
-0.798000 -1.911602 
-0.797000 -1.908795 
-0.796000 -1.905955 
-0.795000 -1.903085 
-0.794000 -1.900185 
-0.793000 -1.897254 
-0.792000 -1.894293 
-0.791000 -1.891304 
-0.790000 -1.888286 
-0.789000 -1.885239 
-0.788000 -1.882165 
-0.787000 -1.879063 
-0.786000 -1.875934 
-0.785000 -1.872779 
-0.784000 -1.869597 
-0.783000 -1.866389 
-0.782000 -1.863156 
-0.781000 -1.859898 
-0.780000 -1.856615 
-0.779000 -1.853308 
-0.778000 -1.849977 
-0.777000 -1.846622 
-0.776000 -1.843243 
-0.775000 -1.839842 
-0.774000 -1.836418 
-0.773000 -1.832972 
-0.772000 -1.829504 
-0.771000 -1.826014 
-0.770000 -1.822502 
-0.769000 -1.818970 
-0.768000 -1.815416 
-0.767000 -1.811842 
-0.766000 -1.808248 
-0.765000 -1.804634 
-0.764000 -1.801000 
-0.763000 -1.797347 
-0.762000 -1.793674 
-0.761000 -1.789983 
-0.760000 -1.786273 
-0.759000 -1.782544 
-0.758000 -1.778798 
-0.757000 -1.775033 
-0.756000 -1.771251 
-0.755000 -1.767451 
-0.754000 -1.763634 
-0.753000 -1.759800 
-0.752000 -1.755949 
-0.751000 -1.752082 
-0.750000 -1.748198 
-0.749000 -1.744298 
-0.748000 -1.740382 
-0.747000 -1.736451 
-0.746000 -1.732504 
-0.745000 -1.728541 
-0.744000 -1.724563 
-0.743000 -1.720571 
-0.742000 -1.716563 
-0.741000 -1.712541 
-0.740000 -1.708505 
-0.739000 -1.704454 
-0.738000 -1.700389 
-0.737000 -1.696310 
-0.736000 -1.692217 
-0.735000 -1.688111 
-0.734000 -1.683991 
-0.733000 -1.679858 
-0.732000 -1.675712 
-0.731000 -1.671553 
-0.730000 -1.667381 
-0.729000 -1.663196 
-0.728000 -1.658999 
-0.727000 -1.654789 
-0.726000 -1.650567 
-0.725000 -1.646333 
-0.724000 -1.642086 
-0.723000 -1.637828 
-0.722000 -1.633558 
-0.721000 -1.629277 
-0.720000 -1.624984 
-0.719000 -1.620679 
-0.718000 -1.616363 
-0.717000 -1.612036 
-0.716000 -1.607698 
-0.715000 -1.603349 
-0.714000 -1.598989 
-0.713000 -1.594619 
-0.712000 -1.590238 
-0.711000 -1.585846 
-0.710000 -1.581444 
-0.709000 -1.577031 
-0.708000 -1.572608 
-0.707000 -1.568176 
-0.706000 -1.563733 
-0.705000 -1.559280 
-0.704000 -1.554817 
-0.703000 -1.550345 
-0.702000 -1.545863 
-0.701000 -1.541371 
-0.700000 -1.536870 
-0.699000 -1.532359 
-0.698000 -1.527839 
-0.697000 -1.523310 
-0.696000 -1.518771 
-0.695000 -1.514224 
-0.694000 -1.509667 
-0.693000 -1.505102 
-0.692000 -1.500527 
-0.691000 -1.495944 
-0.690000 -1.491352 
-0.689000 -1.486751 
-0.688000 -1.482142 
-0.687000 -1.477524 
-0.686000 -1.472897 
-0.685000 -1.468262 
-0.684000 -1.463619 
-0.683000 -1.458967 
-0.682000 -1.454308 
-0.681000 -1.449640 
-0.680000 -1.444963 
-0.679000 -1.440279 
-0.678000 -1.435587 
-0.677000 -1.430886 
-0.676000 -1.426178 
-0.675000 -1.421462 
-0.674000 -1.416738 
-0.673000 -1.412006 
-0.672000 -1.407267 
-0.671000 -1.402520 
-0.670000 -1.397765 
-0.669000 -1.393002 
-0.668000 -1.388232 
-0.667000 -1.383455 
-0.666000 -1.378670 
-0.665000 -1.373877 
-0.664000 -1.369077 
-0.663000 -1.364270 
-0.662000 -1.359455 
-0.661000 -1.354634 
-0.660000 -1.349804 
-0.659000 -1.344968 
-0.658000 -1.340125 
-0.657000 -1.335274 
-0.656000 -1.330416 
-0.655000 -1.325551 
-0.654000 -1.320679 
-0.653000 -1.315800 
-0.652000 -1.310914 
-0.651000 -1.306021 
-0.650000 -1.301121 
-0.649000 -1.296214 
-0.648000 -1.291300 
-0.647000 -1.286379 
-0.646000 -1.281452 
-0.645000 -1.276517 
-0.644000 -1.271576 
-0.643000 -1.266628 
-0.642000 -1.261673 
-0.641000 -1.256712 
-0.640000 -1.251744 
-0.639000 -1.246769 
-0.638000 -1.241787 
-0.637000 -1.236798 
-0.636000 -1.231803 
-0.635000 -1.226802 
-0.634000 -1.221793 
-0.633000 -1.216779 
-0.632000 -1.211757 
-0.631000 -1.206729 
-0.630000 -1.201694 
-0.629000 -1.196653 
-0.628000 -1.191605 
-0.627000 -1.186551 
-0.626000 -1.181490 
-0.625000 -1.176423 
-0.624000 -1.171349 
-0.623000 -1.166268 
-0.622000 -1.161181 
-0.621000 -1.156088 
-0.620000 -1.150988 
-0.619000 -1.145882 
-0.618000 -1.140769 
-0.617000 -1.135650 
-0.616000 -1.130524 
-0.615000 -1.125392 
-0.614000 -1.120253 
-0.613000 -1.115108 
-0.612000 -1.109957 
-0.611000 -1.104799 
-0.610000 -1.099634 
-0.609000 -1.094463 
-0.608000 -1.089286 
-0.607000 -1.084102 
-0.606000 -1.078912 
-0.605000 -1.073716 
-0.604000 -1.068513 
-0.603000 -1.063303 
-0.602000 -1.058087 
-0.601000 -1.052865 
-0.600000 -1.047636 
-0.599000 -1.042401 
-0.598000 -1.037159 
-0.597000 -1.031911 
-0.596000 -1.026656 
-0.595000 -1.021395 
-0.594000 -1.016128 
-0.593000 -1.010854 
-0.592000 -1.005573 
-0.591000 -1.000286 
-0.590000 -0.994993 
-0.589000 -0.989693 
-0.588000 -0.984386 
-0.587000 -0.979073 
-0.586000 -0.973753 
-0.585000 -0.968427 
-0.584000 -0.963095 
-0.583000 -0.957755 
-0.582000 -0.952410 
-0.581000 -0.947057 
-0.580000 -0.941698 
-0.579000 -0.936333 
-0.578000 -0.930960 
-0.577000 -0.925582 
-0.576000 -0.920196 
-0.575000 -0.914804 
-0.574000 -0.909405 
-0.573000 -0.904000 
-0.572000 -0.898588 
-0.571000 -0.893169 
-0.570000 -0.887743 
-0.569000 -0.882311 
-0.568000 -0.876872 
-0.567000 -0.871426 
-0.566000 -0.865973 
-0.565000 -0.860514 
-0.564000 -0.855047 
-0.563000 -0.849574 
-0.562000 -0.844094 
-0.561000 -0.838608 
-0.560000 -0.833114 
-0.559000 -0.827613 
-0.558000 -0.822106 
-0.557000 -0.816591 
-0.556000 -0.811070 
-0.555000 -0.805541 
-0.554000 -0.800006 
-0.553000 -0.794463 
-0.552000 -0.788913 
-0.551000 -0.783357 
-0.550000 -0.777793 
-0.549000 -0.772222 
-0.548000 -0.766644 
-0.547000 -0.761059 
-0.546000 -0.755467 
-0.545000 -0.749867 
-0.544000 -0.744261 
-0.543000 -0.738646 
-0.542000 -0.733025 
-0.541000 -0.727397 
-0.540000 -0.721761 
-0.539000 -0.716117 
-0.538000 -0.710467 
-0.537000 -0.704809 
-0.536000 -0.699143 
-0.535000 -0.693470 
-0.534000 -0.687790 
-0.533000 -0.682102 
-0.532000 -0.676406 
-0.531000 -0.670703 
-0.530000 -0.664993 
-0.529000 -0.659274 
-0.528000 -0.653548 
-0.527000 -0.647815 
-0.526000 -0.642074 
-0.525000 -0.636324 
-0.524000 -0.630490 
-0.523000 -0.624725 
-0.522000 -0.618952 
-0.521000 -0.613172 
-0.520000 -0.607383 
-0.519000 -0.601587 
-0.518000 -0.595782 
-0.517000 -0.589970 
-0.516000 -0.584149 
-0.515000 -0.578321 
-0.514000 -0.572484 
-0.513000 -0.566639 
-0.512000 -0.560786 
-0.511000 -0.554925 
-0.510000 -0.549055 
-0.509000 -0.543177 
-0.508000 -0.537291 
-0.507000 -0.531397 
-0.506000 -0.525494 
-0.505000 -0.519582 
-0.504000 -0.513662 
-0.503000 -0.507734 
-0.502000 -0.501797 
-0.501000 -0.495852 
-0.500000 -0.489898 
-0.499000 -0.483935 
-0.498000 -0.477963 
-0.497000 -0.471983 
-0.496000 -0.465994 
-0.495000 -0.459996 
-0.494000 -0.453990 
-0.493000 -0.447974 
-0.492000 -0.441950 
-0.491000 -0.435916 
-0.490000 -0.429874 
-0.489000 -0.423822 
-0.488000 -0.417761 
-0.487000 -0.411692 
-0.486000 -0.405613 
-0.485000 -0.399525 
-0.484000 -0.393427 
-0.483000 -0.387320 
-0.482000 -0.381204 
-0.481000 -0.375079 
-0.480000 -0.368944 
-0.479000 -0.362799 
-0.478000 -0.356645 
-0.477000 -0.350482 
-0.476000 -0.344309 
-0.475000 -0.338126 
-0.474000 -0.331933 
-0.473000 -0.325731 
-0.472000 -0.319519 
-0.471000 -0.313297 
-0.470000 -0.307065 
-0.469000 -0.300823 
-0.468000 -0.294571 
-0.467000 -0.288309 
-0.466000 -0.282037 
-0.465000 -0.275755 
-0.464000 -0.269463 
-0.463000 -0.263160 
-0.462000 -0.256847 
-0.461000 -0.250524 
-0.460000 -0.244191 
-0.459000 -0.237846 
-0.458000 -0.231492 
-0.457000 -0.225127 
-0.456000 -0.218751 
-0.455000 -0.212365 
-0.454000 -0.205968 
-0.453000 -0.199560 
-0.452000 -0.193141 
-0.451000 -0.186712 
-0.450000 -0.180271 
-0.449000 -0.173820 
-0.448000 -0.167357 
-0.447000 -0.160884 
-0.446000 -0.154399 
-0.445000 -0.147903 
-0.444000 -0.141396 
-0.443000 -0.134877 
-0.442000 -0.128347 
-0.441000 -0.121806 
-0.440000 -0.115253 
-0.439000 -0.108689 
-0.438000 -0.102113 
-0.437000 -0.095525 
-0.436000 -0.088925 
-0.435000 -0.082314 
-0.434000 -0.075691 
-0.433000 -0.069056 
-0.432000 -0.062409 
-0.431000 -0.055750 
-0.430000 -0.049079 
-0.429000 -0.042396 
-0.428000 -0.035700 
-0.427000 -0.028993 
-0.426000 -0.022272 
-0.425000 -0.015540 
-0.424000 -0.008795 
-0.423000 -0.002037 
-0.422000 0.004733 
-0.421000 0.011516 
-0.420000 0.018312 
-0.419000 0.025120 
-0.418000 0.031941 
-0.417000 0.038776 
-0.416000 0.045623 
-0.415000 0.052483 
-0.414000 0.059357 
-0.413000 0.066244 
-0.412000 0.073144 
-0.411000 0.080057 
-0.410000 0.086984 
-0.409000 0.093925 
-0.408000 0.100879 
-0.407000 0.107846 
-0.406000 0.114828 
-0.405000 0.121823 
-0.404000 0.128832 
-0.403000 0.135855 
-0.402000 0.142892 
-0.401000 0.149943 
-0.400000 0.157009 
-0.399000 0.164088 
-0.398000 0.171182 
-0.397000 0.178290 
-0.396000 0.185413 
-0.395000 0.192551 
-0.394000 0.199703 
-0.393000 0.206869 
-0.392000 0.214051 
-0.391000 0.221247 
-0.390000 0.228459 
-0.389000 0.235685 
-0.388000 0.242926 
-0.387000 0.250183 
-0.386000 0.257455 
-0.385000 0.264742 
-0.384000 0.272045 
-0.383000 0.279364 
-0.382000 0.286697 
-0.381000 0.294047 
-0.380000 0.301413 
-0.379000 0.308794 
-0.378000 0.316191 
-0.377000 0.323604 
-0.376000 0.331034 
-0.375000 0.338480 
-0.374000 0.345942 
-0.373000 0.353420 
-0.372000 0.360915 
-0.371000 0.368426 
-0.370000 0.375954 
-0.369000 0.383499 
-0.368000 0.391061 
-0.367000 0.398639 
-0.366000 0.406235 
-0.365000 0.413848 
-0.364000 0.421478 
-0.363000 0.429125 
-0.362000 0.436790 
-0.361000 0.444472 
-0.360000 0.452172 
-0.359000 0.459890 
-0.358000 0.467625 
-0.357000 0.475378 
-0.356000 0.483150 
-0.355000 0.490939 
-0.354000 0.498746 
-0.353000 0.506572 
-0.352000 0.514416 
-0.351000 0.522279 
-0.350000 0.530160 
-0.349000 0.538060 
-0.348000 0.545979 
-0.347000 0.553917 
-0.346000 0.561873 
-0.345000 0.569849 
-0.344000 0.577844 
-0.343000 0.585858 
-0.342000 0.593892 
-0.341000 0.601945 
-0.340000 0.610018 
-0.339000 0.618110 
-0.338000 0.626222 
-0.337000 0.634355 
-0.336000 0.642507 
-0.335000 0.650679 
-0.334000 0.658872 
-0.333000 0.667085 
-0.332000 0.675319 
-0.331000 0.683573 
-0.330000 0.691848 
-0.329000 0.700144 
-0.328000 0.708461 
-0.327000 0.716798 
-0.326000 0.725157 
-0.325000 0.733538 
-0.324000 0.741939 
-0.323000 0.750362 
-0.322000 0.758807 
-0.321000 0.767273 
-0.320000 0.775762 
-0.319000 0.784272 
-0.318000 0.792804 
-0.317000 0.801359 
-0.316000 0.809936 
-0.315000 0.818535 
-0.314000 0.827157 
-0.313000 0.835801 
-0.312000 0.844469 
-0.311000 0.853159 
-0.310000 0.861872 
-0.309000 0.870609 
-0.308000 0.879369 
-0.307000 0.888152 
-0.306000 0.896958 
-0.305000 0.905789 
-0.304000 0.914643 
-0.303000 0.923521 
-0.302000 0.932422 
-0.301000 0.941349 
-0.300000 0.950299 
-0.299000 0.959274 
-0.298000 0.968273 
-0.297000 0.977297 
-0.296000 0.986345 
-0.295000 0.995418 
-0.294000 1.004517 
-0.293000 1.013640 
-0.292000 1.022789 
-0.291000 1.031963 
-0.290000 1.041163 
-0.289000 1.050388 
-0.288000 1.059639 
-0.287000 1.068916 
-0.286000 1.078219 
-0.285000 1.087548 
-0.284000 1.096903 
-0.283000 1.106285 
-0.282000 1.115693 
-0.281000 1.125127 
-0.280000 1.134589 
-0.279000 1.144077 
-0.278000 1.153592 
-0.277000 1.163134 
-0.276000 1.172704 
-0.275000 1.182301 
-0.274000 1.191925 
-0.273000 1.201577 
-0.272000 1.211256 
-0.271000 1.220964 
-0.270000 1.230699 
-0.269000 1.240463 
-0.268000 1.250254 
-0.267000 1.260074 
-0.266000 1.269922 
-0.265000 1.279799 
-0.264000 1.289705 
-0.263000 1.299639 
-0.262000 1.309602 
-0.261000 1.319594 
-0.260000 1.329615 
-0.259000 1.339666 
-0.258000 1.349745 
-0.257000 1.359854 
-0.256000 1.369993 
-0.255000 1.380161 
-0.254000 1.390359 
-0.253000 1.400586 
-0.252000 1.410844 
-0.251000 1.421132 
-0.250000 1.431449 
-0.249000 1.441797 
-0.248000 1.452175 
-0.247000 1.462584 
-0.246000 1.473023 
-0.245000 1.483492 
-0.244000 1.493992 
-0.243000 1.504523 
-0.242000 1.515084 
-0.241000 1.525676 
-0.240000 1.536300 
-0.239000 1.546954 
-0.238000 1.557639 
-0.237000 1.568355 
-0.236000 1.579102 
-0.235000 1.589881 
-0.234000 1.600690 
-0.233000 1.611531 
-0.232000 1.622403 
-0.231000 1.633307 
-0.230000 1.644242 
-0.229000 1.655208 
-0.228000 1.666205 
-0.227000 1.677234 
-0.226000 1.688295 
-0.225000 1.699386 
-0.224000 1.710509 
-0.223000 1.721664 
-0.222000 1.732850 
-0.221000 1.744067 
-0.220000 1.755315 
-0.219000 1.766595 
-0.218000 1.777906 
-0.217000 1.789248 
-0.216000 1.800621 
-0.215000 1.812025 
-0.214000 1.823460 
-0.213000 1.834926 
-0.212000 1.846422 
-0.211000 1.857949 
-0.210000 1.869507 
-0.209000 1.881095 
-0.208000 1.892713 
-0.207000 1.904362 
-0.206000 1.916040 
-0.205000 1.927748 
-0.204000 1.939485 
-0.203000 1.951252 
-0.202000 1.963048 
-0.201000 1.974873 
-0.200000 1.986726 
-0.199000 1.998608 
-0.198000 2.010518 
-0.197000 2.022456 
-0.196000 2.034421 
-0.195000 2.046413 
-0.194000 2.058432 
-0.193000 2.070478 
-0.192000 2.082549 
-0.191000 2.094647 
-0.190000 2.106769 
-0.189000 2.118917 
-0.188000 2.131088 
-0.187000 2.143284 
-0.186000 2.155503 
-0.185000 2.167744 
-0.184000 2.180008 
-0.183000 2.192294 
-0.182000 2.204600 
-0.181000 2.216927 
-0.180000 2.229273 
-0.179000 2.241639 
-0.178000 2.254022 
-0.177000 2.266423 
-0.176000 2.278841 
-0.175000 2.291274 
-0.174000 2.303723 
-0.173000 2.316185 
-0.172000 2.328661 
-0.171000 2.341149 
-0.170000 2.353647 
-0.169000 2.366156 
-0.168000 2.378673 
-0.167000 2.391198 
-0.166000 2.403730 
-0.165000 2.416267 
-0.164000 2.428808 
-0.163000 2.441351 
-0.162000 2.453895 
-0.161000 2.466439 
-0.160000 2.478981 
-0.159000 2.491520 
-0.158000 2.504053 
-0.157000 2.516580 
-0.156000 2.529098 
-0.155000 2.541606 
-0.154000 2.554101 
-0.153000 2.566582 
-0.152000 2.579046 
-0.151000 2.591492 
-0.150000 2.603917 
-0.149000 2.616319 
-0.148000 2.628696 
-0.147000 2.641044 
-0.146000 2.653362 
-0.145000 2.665647 
-0.144000 2.677896 
-0.143000 2.690106 
-0.142000 2.702274 
-0.141000 2.714398 
-0.140000 2.726474 
-0.139000 2.738498 
-0.138000 2.750468 
-0.137000 2.762379 
-0.136000 2.774229 
-0.135000 2.786014 
-0.134000 2.797729 
-0.133000 2.809370 
-0.132000 2.820934 
-0.131000 2.832416 
-0.130000 2.843812 
-0.129000 2.855117 
-0.128000 2.866326 
-0.127000 2.877435 
-0.126000 2.888438 
-0.125000 2.899330 
-0.124000 2.910106 
-0.123000 2.920760 
-0.122000 2.931286 
-0.121000 2.941679 
-0.120000 2.951933 
-0.119000 2.962040 
-0.118000 2.971995 
-0.117000 2.981791 
-0.116000 2.991421 
-0.115000 3.000878 
-0.114000 3.010154 
-0.113000 3.019243 
-0.112000 3.028135 
-0.111000 3.036824 
-0.110000 3.045300 
-0.109000 3.053556 
-0.108000 3.061583 
-0.107000 3.069372 
-0.106000 3.076914 
-0.105000 3.084199 
-0.104000 3.091218 
-0.103000 3.097960 
-0.102000 3.104416 
-0.101000 3.110576 
-0.100000 3.116427 
-0.099000 3.121961 
-0.098000 3.127164 
-0.097000 3.132027 
-0.096000 3.136537 
-0.095000 3.140683 
-0.094000 3.144451 
-0.093000 3.147831 
-0.092000 3.150808 
-0.091000 3.153371 
-0.090000 3.155506 
-0.089000 3.157200 
-0.088000 3.158438 
-0.087000 3.159208 
-0.086000 3.159496 
-0.085000 3.159287 
-0.084000 3.158567 
-0.083000 3.157321 
-0.082000 3.155535 
-0.081000 3.153194 
-0.080000 3.150284 
-0.079000 3.146788 
-0.078000 3.142694 
-0.077000 3.137984 
-0.076000 3.132644 
-0.075000 3.126660 
-0.074000 3.120016 
-0.073000 3.112696 
-0.072000 3.104687 
-0.071000 3.095974 
-0.070000 3.086542 
-0.069000 3.076376 
-0.068000 3.065463 
-0.067000 3.053789 
-0.066000 3.041340 
-0.065000 3.028103 
-0.064000 3.014066 
-0.063000 2.999215 
-0.062000 2.983541 
-0.061000 2.967031 
-0.060000 2.949674 
-0.059000 2.931462 
-0.058000 2.912384 
-0.057000 2.892433 
-0.056000 2.871601 
-0.055000 2.849880 
-0.054000 2.827266 
-0.053000 2.803754 
-0.052000 2.779339 
-0.051000 2.754019 
-0.050000 2.727792 
-0.049000 2.700658 
-0.048000 2.672618 
-0.047000 2.643673 
-0.046000 2.613827 
-0.045000 2.583083 
-0.044000 2.551449 
-0.043000 2.518931 
-0.042000 2.485538 
-0.041000 2.451280 
-0.040000 2.416168 
-0.039000 2.380215 
-0.038000 2.343435 
-0.037000 2.305844 
-0.036000 2.267458 
-0.035000 2.228296 
-0.034000 2.188378 
-0.033000 2.147725 
-0.032000 2.106358 
-0.031000 2.064302 
-0.030000 2.021580 
-0.029000 1.978220 
-0.028000 1.934247 
-0.027000 1.889690 
-0.026000 1.844577 
-0.025000 1.798938 
-0.024000 1.752307 
-0.023000 1.705699 
-0.022000 1.658655 
-0.021000 1.611208 
-0.020000 1.563391 
-0.019000 1.515237 
-0.018000 1.466780 
-0.017000 1.418053 
-0.016000 1.369091 
-0.015000 1.319926 
-0.014000 1.270594 
-0.013000 1.221128 
-0.012000 1.171562 
-0.011000 1.121928 
-0.010000 1.072261 
-0.009000 1.022592 
-0.008000 0.972953 
-0.007000 0.923376 
-0.006000 0.873891 
-0.005000 0.824529 
-0.004000 0.775319 
-0.003000 0.726289 
-0.002000 0.677467 
-0.001000 0.628879 
-0.000000 0.580551 
0.001000 0.532509 
0.002000 0.484775 
0.003000 0.437373 
0.004000 0.390324 
0.005000 0.343649 
0.006000 0.297368 
0.007000 0.251499 
0.008000 0.206059 
0.009000 0.161066 
0.010000 0.116535 
0.011000 0.072480 
0.012000 0.028914 
0.013000 -0.014151 
0.014000 -0.056702 
0.015000 -0.098730 
0.016000 -0.140225 
0.017000 -0.181178 
0.018000 -0.221583 
0.019000 -0.261432 
0.020000 -0.300720 
0.021000 -0.339441 
0.022000 -0.377592 
0.023000 -0.415168 
0.024000 -0.452167 
0.025000 -0.488587 
0.026000 -0.524426 
0.027000 -0.559684 
0.028000 -0.594361 
0.029000 -0.628456 
0.030000 -0.661972 
0.031000 -0.694909 
0.032000 -0.727269 
0.033000 -0.759055 
0.034000 -0.790269 
0.035000 -0.820915 
0.036000 -0.850997 
0.037000 -0.880518 
0.038000 -0.909482 
0.039000 -0.937895 
0.040000 -0.965761 
0.041000 -0.993084 
0.042000 -1.019872 
0.043000 -1.046128 
0.044000 -1.071859 
0.045000 -1.097071 
0.046000 -1.121769 
0.047000 -1.145960 
0.048000 -1.169651 
0.049000 -1.192847 
0.050000 -1.215555 
0.051000 -1.237782 
0.052000 -1.259534 
0.053000 -1.280819 
0.054000 -1.301643 
0.055000 -1.322012 
0.056000 -1.341934 
0.057000 -1.361415 
0.058000 -1.380462 
0.059000 -1.399082 
0.060000 -1.417282 
0.061000 -1.435068 
0.062000 -1.452448 
0.063000 -1.469428 
0.064000 -1.486014 
0.065000 -1.502214 
0.066000 -1.518033 
0.067000 -1.533479 
0.068000 -1.548558 
0.069000 -1.563276 
0.070000 -1.577640 
0.071000 -1.591656 
0.072000 -1.605329 
0.073000 -1.618667 
0.074000 -1.631676 
0.075000 -1.644360 
0.076000 -1.656727 
0.077000 -1.668781 
0.078000 -1.680530 
0.079000 -1.691977 
0.080000 -1.703130 
0.081000 -1.713993 
0.082000 -1.724572 
0.083000 -1.734872 
0.084000 -1.744898 
0.085000 -1.754656 
0.086000 -1.764150 
0.087000 -1.773386 
0.088000 -1.782369 
0.089000 -1.791103 
0.090000 -1.799592 
0.091000 -1.807843 
0.092000 -1.815858 
0.093000 -1.823643 
0.094000 -1.831203 
0.095000 -1.838541 
0.096000 -1.845661 
0.097000 -1.852568 
0.098000 -1.859266 
0.099000 -1.865759 
0.100000 -1.872051 
0.101000 -1.878146 
0.102000 -1.884047 
0.103000 -1.889758 
0.104000 -1.895283 
0.105000 -1.900626 
0.106000 -1.905789 
0.107000 -1.910777 
0.108000 -1.915592 
0.109000 -1.920239 
0.110000 -1.924719 
0.111000 -1.929037 
0.112000 -1.933196 
0.113000 -1.937198 
0.114000 -1.941046 
0.115000 -1.944744 
0.116000 -1.948295 
0.117000 -1.951700 
0.118000 -1.954963 
0.119000 -1.958087 
0.120000 -1.961074 
0.121000 -1.963927 
0.122000 -1.966648 
0.123000 -1.969240 
0.124000 -1.971706 
0.125000 -1.974047 
0.126000 -1.976266 
0.127000 -1.978365 
0.128000 -1.980346 
0.129000 -1.982213 
0.130000 -1.983966 
0.131000 -1.985608 
0.132000 -1.987141 
0.133000 -1.988567 
0.134000 -1.989888 
0.135000 -1.991106 
0.136000 -1.992223 
0.137000 -1.993241 
0.138000 -1.994161 
0.139000 -1.994986 
0.140000 -1.995717 
0.141000 -1.996355 
0.142000 -1.996903 
0.143000 -1.997362 
0.144000 -1.997734 
0.145000 -1.998021 
0.146000 -1.998223 
0.147000 -1.998342 
0.148000 -1.998381 
0.149000 -1.998339 
0.150000 -1.998220 
0.151000 -1.998023 
0.152000 -1.997752 
0.153000 -1.997406 
0.154000 -1.996987 
0.155000 -1.996497 
0.156000 -1.995936 
0.157000 -1.995307 
0.158000 -1.994609 
0.159000 -1.993846 
0.160000 -1.993016 
0.161000 -1.992123 
0.162000 -1.991166 
0.163000 -1.990147 
0.164000 -1.989067 
0.165000 -1.987927 
0.166000 -1.986729 
0.167000 -1.985472 
0.168000 -1.984159 
0.169000 -1.982789 
0.170000 -1.981365 
0.171000 -1.979886 
0.172000 -1.978355 
0.173000 -1.976771 
0.174000 -1.975136 
0.175000 -1.973450 
0.176000 -1.971715 
0.177000 -1.969931 
0.178000 -1.968099 
0.179000 -1.966220 
0.180000 -1.964294 
0.181000 -1.962323 
0.182000 -1.960307 
0.183000 -1.958246 
0.184000 -1.956143 
0.185000 -1.953996 
0.186000 -1.951808 
0.187000 -1.949578 
0.188000 -1.947308 
0.189000 -1.944998 
0.190000 -1.942648 
0.191000 -1.940260 
0.192000 -1.937833 
0.193000 -1.935369 
0.194000 -1.932868 
0.195000 -1.930331 
0.196000 -1.927759 
0.197000 -1.925151 
0.198000 -1.922508 
0.199000 -1.919831 
0.200000 -1.917121 
0.201000 -1.914378 
0.202000 -1.911602 
0.203000 -1.908795 
0.204000 -1.905955 
0.205000 -1.903085 
0.206000 -1.900185 
0.207000 -1.897254 
0.208000 -1.894293 
0.209000 -1.891304 
0.210000 -1.888286 
0.211000 -1.885239 
0.212000 -1.882165 
0.213000 -1.879063 
0.214000 -1.875934 
0.215000 -1.872779 
0.216000 -1.869597 
0.217000 -1.866389 
0.218000 -1.863156 
0.219000 -1.859898 
0.220000 -1.856615 
0.221000 -1.853308 
0.222000 -1.849977 
0.223000 -1.846622 
0.224000 -1.843243 
0.225000 -1.839842 
0.226000 -1.836418 
0.227000 -1.832972 
0.228000 -1.829504 
0.229000 -1.826014 
0.230000 -1.822502 
0.231000 -1.818970 
0.232000 -1.815416 
0.233000 -1.811842 
0.234000 -1.808248 
0.235000 -1.804634 
0.236000 -1.801000 
0.237000 -1.797347 
0.238000 -1.793674 
0.239000 -1.789983 
0.240000 -1.786273 
0.241000 -1.782544 
0.242000 -1.778798 
0.243000 -1.775033 
0.244000 -1.771251 
0.245000 -1.767451 
0.246000 -1.763634 
0.247000 -1.759800 
0.248000 -1.755949 
0.249000 -1.752082 
0.250000 -1.748198 
0.251000 -1.744298 
0.252000 -1.740382 
0.253000 -1.736451 
0.254000 -1.732504 
0.255000 -1.728541 
0.256000 -1.724563 
0.257000 -1.720571 
0.258000 -1.716563 
0.259000 -1.712541 
0.260000 -1.708505 
0.261000 -1.704454 
0.262000 -1.700389 
0.263000 -1.696310 
0.264000 -1.692217 
0.265000 -1.688111 
0.266000 -1.683991 
0.267000 -1.679858 
0.268000 -1.675712 
0.269000 -1.671553 
0.270000 -1.667381 
0.271000 -1.663196 
0.272000 -1.658999 
0.273000 -1.654789 
0.274000 -1.650567 
0.275000 -1.646333 
0.276000 -1.642086 
0.277000 -1.637828 
0.278000 -1.633558 
0.279000 -1.629277 
0.280000 -1.624984 
0.281000 -1.620679 
0.282000 -1.616363 
0.283000 -1.612036 
0.284000 -1.607698 
0.285000 -1.603349 
0.286000 -1.598989 
0.287000 -1.594619 
0.288000 -1.590238 
0.289000 -1.585846 
0.290000 -1.581444 
0.291000 -1.577031 
0.292000 -1.572608 
0.293000 -1.568176 
0.294000 -1.563733 
0.295000 -1.559280 
0.296000 -1.554817 
0.297000 -1.550345 
0.298000 -1.545863 
0.299000 -1.541371 
0.300000 -1.536870 
0.301000 -1.532359 
0.302000 -1.527839 
0.303000 -1.523310 
0.304000 -1.518771 
0.305000 -1.514224 
0.306000 -1.509667 
0.307000 -1.505102 
0.308000 -1.500527 
0.309000 -1.495944 
0.310000 -1.491352 
0.311000 -1.486751 
0.312000 -1.482142 
0.313000 -1.477524 
0.314000 -1.472897 
0.315000 -1.468262 
0.316000 -1.463619 
0.317000 -1.458967 
0.318000 -1.454308 
0.319000 -1.449640 
0.320000 -1.444963 
0.321000 -1.440279 
0.322000 -1.435587 
0.323000 -1.430886 
0.324000 -1.426178 
0.325000 -1.421462 
0.326000 -1.416738 
0.327000 -1.412006 
0.328000 -1.407267 
0.329000 -1.402520 
0.330000 -1.397765 
0.331000 -1.393002 
0.332000 -1.388232 
0.333000 -1.383455 
0.334000 -1.378670 
0.335000 -1.373877 
0.336000 -1.369077 
0.337000 -1.364270 
0.338000 -1.359455 
0.339000 -1.354634 
0.340000 -1.349804 
0.341000 -1.344968 
0.342000 -1.340125 
0.343000 -1.335274 
0.344000 -1.330416 
0.345000 -1.325551 
0.346000 -1.320679 
0.347000 -1.315800 
0.348000 -1.310914 
0.349000 -1.306021 
0.350000 -1.301121 
0.351000 -1.296214 
0.352000 -1.291300 
0.353000 -1.286379 
0.354000 -1.281452 
0.355000 -1.276517 
0.356000 -1.271576 
0.357000 -1.266628 
0.358000 -1.261673 
0.359000 -1.256712 
0.360000 -1.251744 
0.361000 -1.246769 
0.362000 -1.241787 
0.363000 -1.236798 
0.364000 -1.231803 
0.365000 -1.226802 
0.366000 -1.221793 
0.367000 -1.216779 
0.368000 -1.211757 
0.369000 -1.206729 
0.370000 -1.201694 
0.371000 -1.196653 
0.372000 -1.191605 
0.373000 -1.186551 
0.374000 -1.181490 
0.375000 -1.176423 
0.376000 -1.171349 
0.377000 -1.166268 
0.378000 -1.161181 
0.379000 -1.156088 
0.380000 -1.150988 
0.381000 -1.145882 
0.382000 -1.140769 
0.383000 -1.135650 
0.384000 -1.130524 
0.385000 -1.125392 
0.386000 -1.120253 
0.387000 -1.115108 
0.388000 -1.109957 
0.389000 -1.104799 
0.390000 -1.099634 
0.391000 -1.094463 
0.392000 -1.089286 
0.393000 -1.084102 
0.394000 -1.078912 
0.395000 -1.073716 
0.396000 -1.068513 
0.397000 -1.063303 
0.398000 -1.058087 
0.399000 -1.052865 
0.400000 -1.047636 
0.401000 -1.042401 
0.402000 -1.037159 
0.403000 -1.031911 
0.404000 -1.026656 
0.405000 -1.021395 
0.406000 -1.016128 
0.407000 -1.010854 
0.408000 -1.005573 
0.409000 -1.000286 
0.410000 -0.994993 
0.411000 -0.989693 
0.412000 -0.984386 
0.413000 -0.979073 
0.414000 -0.973753 
0.415000 -0.968427 
0.416000 -0.963095 
0.417000 -0.957755 
0.418000 -0.952410 
0.419000 -0.947057 
0.420000 -0.941698 
0.421000 -0.936333 
0.422000 -0.930960 
0.423000 -0.925582 
0.424000 -0.920196 
0.425000 -0.914804 
0.426000 -0.909405 
0.427000 -0.904000 
0.428000 -0.898588 
0.429000 -0.893169 
0.430000 -0.887743 
0.431000 -0.882311 
0.432000 -0.876872 
0.433000 -0.871426 
0.434000 -0.865973 
0.435000 -0.860514 
0.436000 -0.855047 
0.437000 -0.849574 
0.438000 -0.844094 
0.439000 -0.838608 
0.440000 -0.833114 
0.441000 -0.827613 
0.442000 -0.822106 
0.443000 -0.816591 
0.444000 -0.811070 
0.445000 -0.805541 
0.446000 -0.800006 
0.447000 -0.794463 
0.448000 -0.788913 
0.449000 -0.783357 
0.450000 -0.777793 
0.451000 -0.772222 
0.452000 -0.766644 
0.453000 -0.761059 
0.454000 -0.755467 
0.455000 -0.749867 
0.456000 -0.744261 
0.457000 -0.738646 
0.458000 -0.733025 
0.459000 -0.727397 
0.460000 -0.721761 
0.461000 -0.716117 
0.462000 -0.710467 
0.463000 -0.704809 
0.464000 -0.699143 
0.465000 -0.693470 
0.466000 -0.687790 
0.467000 -0.682102 
0.468000 -0.676406 
0.469000 -0.670703 
0.470000 -0.664993 
0.471000 -0.659274 
0.472000 -0.653548 
0.473000 -0.647815 
0.474000 -0.642074 
0.475000 -0.636324 
0.476000 -0.630490 
0.477000 -0.624725 
0.478000 -0.618952 
0.479000 -0.613172 
0.480000 -0.607383 
0.481000 -0.601587 
0.482000 -0.595782 
0.483000 -0.589970 
0.484000 -0.584149 
0.485000 -0.578321 
0.486000 -0.572484 
0.487000 -0.566639 
0.488000 -0.560786 
0.489000 -0.554925 
0.490000 -0.549055 
0.491000 -0.543177 
0.492000 -0.537291 
0.493000 -0.531397 
0.494000 -0.525494 
0.495000 -0.519582 
0.496000 -0.513662 
0.497000 -0.507734 
0.498000 -0.501797 
0.499000 -0.495852 
0.500000 -0.489898 
0.501000 -0.483935 
0.502000 -0.477963 
0.503000 -0.471983 
0.504000 -0.465994 
0.505000 -0.459996 
0.506000 -0.453990 
0.507000 -0.447974 
0.508000 -0.441950 
0.509000 -0.435916 
0.510000 -0.429874 
0.511000 -0.423822 
0.512000 -0.417761 
0.513000 -0.411692 
0.514000 -0.405613 
0.515000 -0.399525 
0.516000 -0.393427 
0.517000 -0.387320 
0.518000 -0.381204 
0.519000 -0.375079 
0.520000 -0.368944 
0.521000 -0.362799 
0.522000 -0.356645 
0.523000 -0.350482 
0.524000 -0.344309 
0.525000 -0.338126 
0.526000 -0.331933 
0.527000 -0.325731 
0.528000 -0.319519 
0.529000 -0.313297 
0.530000 -0.307065 
0.531000 -0.300823 
0.532000 -0.294571 
0.533000 -0.288309 
0.534000 -0.282037 
0.535000 -0.275755 
0.536000 -0.269463 
0.537000 -0.263160 
0.538000 -0.256847 
0.539000 -0.250524 
0.540000 -0.244191 
0.541000 -0.237846 
0.542000 -0.231492 
0.543000 -0.225127 
0.544000 -0.218751 
0.545000 -0.212365 
0.546000 -0.205968 
0.547000 -0.199560 
0.548000 -0.193141 
0.549000 -0.186712 
0.550000 -0.180271 
0.551000 -0.173820 
0.552000 -0.167357 
0.553000 -0.160884 
0.554000 -0.154399 
0.555000 -0.147903 
0.556000 -0.141396 
0.557000 -0.134877 
0.558000 -0.128347 
0.559000 -0.121806 
0.560000 -0.115253 
0.561000 -0.108689 
0.562000 -0.102113 
0.563000 -0.095525 
0.564000 -0.088925 
0.565000 -0.082314 
0.566000 -0.075691 
0.567000 -0.069056 
0.568000 -0.062409 
0.569000 -0.055750 
0.570000 -0.049079 
0.571000 -0.042396 
0.572000 -0.035700 
0.573000 -0.028993 
0.574000 -0.022272 
0.575000 -0.015540 
0.576000 -0.008795 
0.577000 -0.002037 
0.578000 0.004733 
0.579000 0.011516 
0.580000 0.018312 
0.581000 0.025120 
0.582000 0.031941 
0.583000 0.038776 
0.584000 0.045623 
0.585000 0.052483 
0.586000 0.059357 
0.587000 0.066244 
0.588000 0.073144 
0.589000 0.080057 
0.590000 0.086984 
0.591000 0.093925 
0.592000 0.100879 
0.593000 0.107846 
0.594000 0.114828 
0.595000 0.121823 
0.596000 0.128832 
0.597000 0.135855 
0.598000 0.142892 
0.599000 0.149943 
0.600000 0.157009 
0.601000 0.164088 
0.602000 0.171182 
0.603000 0.178290 
0.604000 0.185413 
0.605000 0.192551 
0.606000 0.199703 
0.607000 0.206869 
0.608000 0.214051 
0.609000 0.221247 
0.610000 0.228459 
0.611000 0.235685 
0.612000 0.242926 
0.613000 0.250183 
0.614000 0.257455 
0.615000 0.264742 
0.616000 0.272045 
0.617000 0.279364 
0.618000 0.286697 
0.619000 0.294047 
0.620000 0.301413 
0.621000 0.308794 
0.622000 0.316191 
0.623000 0.323604 
0.624000 0.331034 
0.625000 0.338480 
0.626000 0.345942 
0.627000 0.353420 
0.628000 0.360915 
0.629000 0.368426 
0.630000 0.375954 
0.631000 0.383499 
0.632000 0.391061 
0.633000 0.398639 
0.634000 0.406235 
0.635000 0.413848 
0.636000 0.421478 
0.637000 0.429125 
0.638000 0.436790 
0.639000 0.444472 
0.640000 0.452172 
0.641000 0.459890 
0.642000 0.467625 
0.643000 0.475378 
0.644000 0.483150 
0.645000 0.490939 
0.646000 0.498746 
0.647000 0.506572 
0.648000 0.514416 
0.649000 0.522279 
0.650000 0.530160 
0.651000 0.538060 
0.652000 0.545979 
0.653000 0.553917 
0.654000 0.561873 
0.655000 0.569849 
0.656000 0.577844 
0.657000 0.585858 
0.658000 0.593892 
0.659000 0.601945 
0.660000 0.610018 
0.661000 0.618110 
0.662000 0.626222 
0.663000 0.634355 
0.664000 0.642507 
0.665000 0.650679 
0.666000 0.658872 
0.667000 0.667085 
0.668000 0.675319 
0.669000 0.683573 
0.670000 0.691848 
0.671000 0.700144 
0.672000 0.708461 
0.673000 0.716798 
0.674000 0.725157 
0.675000 0.733538 
0.676000 0.741939 
0.677000 0.750362 
0.678000 0.758807 
0.679000 0.767273 
0.680000 0.775762 
0.681000 0.784272 
0.682000 0.792804 
0.683000 0.801359 
0.684000 0.809936 
0.685000 0.818535 
0.686000 0.827157 
0.687000 0.835801 
0.688000 0.844469 
0.689000 0.853159 
0.690000 0.861872 
0.691000 0.870609 
0.692000 0.879369 
0.693000 0.888152 
0.694000 0.896958 
0.695000 0.905789 
0.696000 0.914643 
0.697000 0.923521 
0.698000 0.932422 
0.699000 0.941349 
0.700000 0.950299 
0.701000 0.959274 
0.702000 0.968273 
0.703000 0.977297 
0.704000 0.986345 
0.705000 0.995418 
0.706000 1.004517 
0.707000 1.013640 
0.708000 1.022789 
0.709000 1.031963 
0.710000 1.041163 
0.711000 1.050388 
0.712000 1.059639 
0.713000 1.068916 
0.714000 1.078219 
0.715000 1.087548 
0.716000 1.096903 
0.717000 1.106285 
0.718000 1.115693 
0.719000 1.125127 
0.720000 1.134589 
0.721000 1.144077 
0.722000 1.153592 
0.723000 1.163134 
0.724000 1.172704 
0.725000 1.182301 
0.726000 1.191925 
0.727000 1.201577 
0.728000 1.211256 
0.729000 1.220964 
0.730000 1.230699 
0.731000 1.240463 
0.732000 1.250254 
0.733000 1.260074 
0.734000 1.269922 
0.735000 1.279799 
0.736000 1.289705 
0.737000 1.299639 
0.738000 1.309602 
0.739000 1.319594 
0.740000 1.329615 
0.741000 1.339666 
0.742000 1.349745 
0.743000 1.359854 
0.744000 1.369993 
0.745000 1.380161 
0.746000 1.390359 
0.747000 1.400586 
0.748000 1.410844 
0.749000 1.421132 
0.750000 1.431449 
0.751000 1.441797 
0.752000 1.452175 
0.753000 1.462584 
0.754000 1.473023 
0.755000 1.483492 
0.756000 1.493992 
0.757000 1.504523 
0.758000 1.515084 
0.759000 1.525676 
0.760000 1.536300 
0.761000 1.546954 
0.762000 1.557639 
0.763000 1.568355 
0.764000 1.579102 
0.765000 1.589881 
0.766000 1.600690 
0.767000 1.611531 
0.768000 1.622403 
0.769000 1.633307 
0.770000 1.644242 
0.771000 1.655208 
0.772000 1.666205 
0.773000 1.677234 
0.774000 1.688295 
0.775000 1.699386 
0.776000 1.710509 
0.777000 1.721664 
0.778000 1.732850 
0.779000 1.744067 
0.780000 1.755315 
0.781000 1.766595 
0.782000 1.777906 
0.783000 1.789248 
0.784000 1.800621 
0.785000 1.812025 
0.786000 1.823460 
0.787000 1.834926 
0.788000 1.846422 
0.789000 1.857949 
0.790000 1.869507 
0.791000 1.881095 
0.792000 1.892713 
0.793000 1.904362 
0.794000 1.916040 
0.795000 1.927748 
0.796000 1.939485 
0.797000 1.951252 
0.798000 1.963048 
0.799000 1.974873 
0.800000 1.986726 
0.801000 1.998608 
0.802000 2.010518 
0.803000 2.022456 
0.804000 2.034421 
0.805000 2.046413 
0.806000 2.058432 
0.807000 2.070478 
0.808000 2.082549 
0.809000 2.094647 
0.810000 2.106769 
0.811000 2.118917 
0.812000 2.131088 
0.813000 2.143284 
0.814000 2.155503 
0.815000 2.167744 
0.816000 2.180008 
0.817000 2.192294 
0.818000 2.204600 
0.819000 2.216927 
0.820000 2.229273 
0.821000 2.241639 
0.822000 2.254022 
0.823000 2.266423 
0.824000 2.278841 
0.825000 2.291274 
0.826000 2.303723 
0.827000 2.316185 
0.828000 2.328661 
0.829000 2.341149 
0.830000 2.353647 
0.831000 2.366156 
0.832000 2.378673 
0.833000 2.391198 
0.834000 2.403730 
0.835000 2.416267 
0.836000 2.428808 
0.837000 2.441351 
0.838000 2.453895 
0.839000 2.466439 
0.840000 2.478981 
0.841000 2.491520 
0.842000 2.504053 
0.843000 2.516580 
0.844000 2.529098 
0.845000 2.541606 
0.846000 2.554101 
0.847000 2.566582 
0.848000 2.579046 
0.849000 2.591492 
0.850000 2.603917 
0.851000 2.616319 
0.852000 2.628696 
0.853000 2.641044 
0.854000 2.653362 
0.855000 2.665647 
0.856000 2.677896 
0.857000 2.690106 
0.858000 2.702274 
0.859000 2.714398 
0.860000 2.726474 
0.861000 2.738498 
0.862000 2.750468 
0.863000 2.762379 
0.864000 2.774229 
0.865000 2.786014 
0.866000 2.797729 
0.867000 2.809370 
0.868000 2.820934 
0.869000 2.832416 
0.870000 2.843812 
0.871000 2.855117 
0.872000 2.866326 
0.873000 2.877435 
0.874000 2.888438 
0.875000 2.899330 
0.876000 2.910106 
0.877000 2.920760 
0.878000 2.931286 
0.879000 2.941679 
0.880000 2.951933 
0.881000 2.962040 
0.882000 2.971995 
0.883000 2.981791 
0.884000 2.991421 
0.885000 3.000878 
0.886000 3.010154 
0.887000 3.019243 
0.888000 3.028135 
0.889000 3.036824 
0.890000 3.045300 
0.891000 3.053556 
0.892000 3.061583 
0.893000 3.069372 
0.894000 3.076914 
0.895000 3.084199 
0.896000 3.091218 
0.897000 3.097960 
0.898000 3.104416 
0.899000 3.110576 
0.900000 3.116427 
0.901000 3.121961 
0.902000 3.127164 
0.903000 3.132027 
0.904000 3.136537 
0.905000 3.140683 
0.906000 3.144451 
0.907000 3.147831 
0.908000 3.150808 
0.909000 3.153371 
0.910000 3.155506 
0.911000 3.157200 
0.912000 3.158438 
0.913000 3.159208 
0.914000 3.159496 
0.915000 3.159287 
0.916000 3.158567 
0.917000 3.157321 
0.918000 3.155535 
0.919000 3.153194 
0.920000 3.150284 
0.921000 3.146788 
0.922000 3.142694 
0.923000 3.137984 
0.924000 3.132644 
0.925000 3.126660 
0.926000 3.120016 
0.927000 3.112696 
0.928000 3.104687 
0.929000 3.095974 
0.930000 3.086542 
0.931000 3.076376 
0.932000 3.065463 
0.933000 3.053789 
0.934000 3.041340 
0.935000 3.028103 
0.936000 3.014066 
0.937000 2.999215 
0.938000 2.983541 
0.939000 2.967031 
0.940000 2.949674 
0.941000 2.931462 
0.942000 2.912384 
0.943000 2.892433 
0.944000 2.871601 
0.945000 2.849880 
0.946000 2.827266 
0.947000 2.803754 
0.948000 2.779339 
0.949000 2.754019 
0.950000 2.727792 
0.951000 2.700658 
0.952000 2.672618 
0.953000 2.643673 
0.954000 2.613827 
0.955000 2.583083 
0.956000 2.551449 
0.957000 2.518931 
0.958000 2.485538 
0.959000 2.451280 
0.960000 2.416168 
0.961000 2.380215 
0.962000 2.343435 
0.963000 2.305844 
0.964000 2.267458 
0.965000 2.228296 
0.966000 2.188378 
0.967000 2.147725 
0.968000 2.106358 
0.969000 2.064302 
0.970000 2.021580 
0.971000 1.978220 
0.972000 1.934247 
0.973000 1.889690 
0.974000 1.844577 
0.975000 1.798938 
0.976000 1.752307 
0.977000 1.705699 
0.978000 1.658655 
0.979000 1.611208 
0.980000 1.563391 
0.981000 1.515237 
0.982000 1.466780 
0.983000 1.418053 
0.984000 1.369091 
0.985000 1.319926 
0.986000 1.270594 
0.987000 1.221128 
0.988000 1.171562 
0.989000 1.121928 
0.990000 1.072261 
0.991000 1.022592 
0.992000 0.972953 
0.993000 0.923376 
0.994000 0.873891 
0.995000 0.824529 
0.996000 0.775319 
0.997000 0.726289 
0.998000 0.677467 
0.999000 0.628879 
1.000000 0.580551 
1.001000 0.532509 
1.002000 0.484775 
1.003000 0.437373 
1.004000 0.390324 
1.005000 0.343649 
1.006000 0.297368 
1.007000 0.251499 
1.008000 0.206059 
1.009000 0.161066 
1.010000 0.116535 
1.011000 0.072480 
1.012000 0.028914 
1.013000 -0.014151 
1.014000 -0.056702 
1.015000 -0.098730 
1.016000 -0.140225 
1.017000 -0.181178 
1.018000 -0.221583 
1.019000 -0.261432 
1.020000 -0.300720 
1.021000 -0.339441 
1.022000 -0.377592 
1.023000 -0.415168 
1.024000 -0.452167 
1.025000 -0.488587 
1.026000 -0.524426 
1.027000 -0.559684 
1.028000 -0.594361 
1.029000 -0.628456 
1.030000 -0.661972 
1.031000 -0.694909 
1.032000 -0.727269 
1.033000 -0.759055 
1.034000 -0.790269 
1.035000 -0.820915 
1.036000 -0.850997 
1.037000 -0.880518 
1.038000 -0.909482 
1.039000 -0.937895 
1.040000 -0.965761 
1.041000 -0.993084 
1.042000 -1.019872 
1.043000 -1.046128 
1.044000 -1.071859 
1.045000 -1.097071 
1.046000 -1.121769 
1.047000 -1.145960 
1.048000 -1.169651 
1.049000 -1.192847 
1.050000 -1.215555 
1.051000 -1.237782 
1.052000 -1.259534 
1.053000 -1.280819 
1.054000 -1.301643 
1.055000 -1.322012 
1.056000 -1.341934 
1.057000 -1.361415 
1.058000 -1.380462 
1.059000 -1.399082 
1.060000 -1.417282 
1.061000 -1.435068 
1.062000 -1.452448 
1.063000 -1.469428 
1.064000 -1.486014 
1.065000 -1.502214 
1.066000 -1.518033 
1.067000 -1.533479 
1.068000 -1.548558 
1.069000 -1.563276 
1.070000 -1.577640 
1.071000 -1.591656 
1.072000 -1.605329 
1.073000 -1.618667 
1.074000 -1.631676 
1.075000 -1.644360 
1.076000 -1.656727 
1.077000 -1.668781 
1.078000 -1.680530 
1.079000 -1.691977 
1.080000 -1.703130 
1.081000 -1.713993 
1.082000 -1.724572 
1.083000 -1.734872 
1.084000 -1.744898 
1.085000 -1.754656 
1.086000 -1.764150 
1.087000 -1.773386 
1.088000 -1.782369 
1.089000 -1.791103 
1.090000 -1.799592 
1.091000 -1.807843 
1.092000 -1.815858 
1.093000 -1.823643 
1.094000 -1.831203 
1.095000 -1.838541 
1.096000 -1.845661 
1.097000 -1.852568 
1.098000 -1.859266 
1.099000 -1.865759 
1.100000 -1.872051 
1.101000 -1.878146 
1.102000 -1.884047 
1.103000 -1.889758 
1.104000 -1.895283 
1.105000 -1.900626 
1.106000 -1.905789 
1.107000 -1.910777 
1.108000 -1.915592 
1.109000 -1.920239 
1.110000 -1.924719 
1.111000 -1.929037 
1.112000 -1.933196 
1.113000 -1.937198 
1.114000 -1.941046 
1.115000 -1.944744 
1.116000 -1.948295 
1.117000 -1.951700 
1.118000 -1.954963 
1.119000 -1.958087 
1.120000 -1.961074 
1.121000 -1.963927 
1.122000 -1.966648 
1.123000 -1.969240 
1.124000 -1.971706 
1.125000 -1.974047 
1.126000 -1.976266 
1.127000 -1.978365 
1.128000 -1.980346 
1.129000 -1.982213 
1.130000 -1.983966 
1.131000 -1.985608 
1.132000 -1.987141 
1.133000 -1.988567 
1.134000 -1.989888 
1.135000 -1.991106 
1.136000 -1.992223 
1.137000 -1.993241 
1.138000 -1.994161 
1.139000 -1.994986 
1.140000 -1.995717 
1.141000 -1.996355 
1.142000 -1.996903 
1.143000 -1.997362 
1.144000 -1.997734 
1.145000 -1.998021 
1.146000 -1.998223 
1.147000 -1.998342 
1.148000 -1.998381 
1.149000 -1.998339 
1.150000 -1.998220 
1.151000 -1.998023 
1.152000 -1.997752 
1.153000 -1.997406 
1.154000 -1.996987 
1.155000 -1.996497 
1.156000 -1.995936 
1.157000 -1.995307 
1.158000 -1.994609 
1.159000 -1.993846 
1.160000 -1.993016 
1.161000 -1.992123 
1.162000 -1.991166 
1.163000 -1.990147 
1.164000 -1.989067 
1.165000 -1.987927 
1.166000 -1.986729 
1.167000 -1.985472 
1.168000 -1.984159 
1.169000 -1.982789 
1.170000 -1.981365 
1.171000 -1.979886 
1.172000 -1.978355 
1.173000 -1.976771 
1.174000 -1.975136 
1.175000 -1.973450 
1.176000 -1.971715 
1.177000 -1.969931 
1.178000 -1.968099 
1.179000 -1.966220 
1.180000 -1.964294 
1.181000 -1.962323 
1.182000 -1.960307 
1.183000 -1.958246 
1.184000 -1.956143 
1.185000 -1.953996 
1.186000 -1.951808 
1.187000 -1.949578 
1.188000 -1.947308 
1.189000 -1.944998 
1.190000 -1.942648 
1.191000 -1.940260 
1.192000 -1.937833 
1.193000 -1.935369 
1.194000 -1.932868 
1.195000 -1.930331 
1.196000 -1.927759 
1.197000 -1.925151 
1.198000 -1.922508 
1.199000 -1.919831 
1.200000 -1.917121 
1.201000 -1.914378 
1.202000 -1.911602 
1.203000 -1.908795 
1.204000 -1.905955 
1.205000 -1.903085 
1.206000 -1.900185 
1.207000 -1.897254 
1.208000 -1.894293 
1.209000 -1.891304 
1.210000 -1.888286 
1.211000 -1.885239 
1.212000 -1.882165 
1.213000 -1.879063 
1.214000 -1.875934 
1.215000 -1.872779 
1.216000 -1.869597 
1.217000 -1.866389 
1.218000 -1.863156 
1.219000 -1.859898 
1.220000 -1.856615 
1.221000 -1.853308 
1.222000 -1.849977 
1.223000 -1.846622 
1.224000 -1.843243 
1.225000 -1.839842 
1.226000 -1.836418 
1.227000 -1.832972 
1.228000 -1.829504 
1.229000 -1.826014 
1.230000 -1.822502 
1.231000 -1.818970 
1.232000 -1.815416 
1.233000 -1.811842 
1.234000 -1.808248 
1.235000 -1.804634 
1.236000 -1.801000 
1.237000 -1.797347 
1.238000 -1.793674 
1.239000 -1.789983 
1.240000 -1.786273 
1.241000 -1.782544 
1.242000 -1.778798 
1.243000 -1.775033 
1.244000 -1.771251 
1.245000 -1.767451 
1.246000 -1.763634 
1.247000 -1.759800 
1.248000 -1.755949 
1.249000 -1.752082 
1.250000 -1.748198 
1.251000 -1.744298 
1.252000 -1.740382 
1.253000 -1.736451 
1.254000 -1.732504 
1.255000 -1.728541 
1.256000 -1.724563 
1.257000 -1.720571 
1.258000 -1.716563 
1.259000 -1.712541 
1.260000 -1.708505 
1.261000 -1.704454 
1.262000 -1.700389 
1.263000 -1.696310 
1.264000 -1.692217 
1.265000 -1.688111 
1.266000 -1.683991 
1.267000 -1.679858 
1.268000 -1.675712 
1.269000 -1.671553 
1.270000 -1.667381 
1.271000 -1.663196 
1.272000 -1.658999 
1.273000 -1.654789 
1.274000 -1.650567 
1.275000 -1.646333 
1.276000 -1.642086 
1.277000 -1.637828 
1.278000 -1.633558 
1.279000 -1.629277 
1.280000 -1.624984 
1.281000 -1.620679 
1.282000 -1.616363 
1.283000 -1.612036 
1.284000 -1.607698 
1.285000 -1.603349 
1.286000 -1.598989 
1.287000 -1.594619 
1.288000 -1.590238 
1.289000 -1.585846 
1.290000 -1.581444 
1.291000 -1.577031 
1.292000 -1.572608 
1.293000 -1.568176 
1.294000 -1.563733 
1.295000 -1.559280 
1.296000 -1.554817 
1.297000 -1.550345 
1.298000 -1.545863 
1.299000 -1.541371 
1.300000 -1.536870 
1.301000 -1.532359 
1.302000 -1.527839 
1.303000 -1.523310 
1.304000 -1.518771 
1.305000 -1.514224 
1.306000 -1.509667 
1.307000 -1.505102 
1.308000 -1.500527 
1.309000 -1.495944 
1.310000 -1.491352 
1.311000 -1.486751 
1.312000 -1.482142 
1.313000 -1.477524 
1.314000 -1.472897 
1.315000 -1.468262 
1.316000 -1.463619 
1.317000 -1.458967 
1.318000 -1.454308 
1.319000 -1.449640 
1.320000 -1.444963 
1.321000 -1.440279 
1.322000 -1.435587 
1.323000 -1.430886 
1.324000 -1.426178 
1.325000 -1.421462 
1.326000 -1.416738 
1.327000 -1.412006 
1.328000 -1.407267 
1.329000 -1.402520 
1.330000 -1.397765 
1.331000 -1.393002 
1.332000 -1.388232 
1.333000 -1.383455 
1.334000 -1.378670 
1.335000 -1.373877 
1.336000 -1.369077 
1.337000 -1.364270 
1.338000 -1.359455 
1.339000 -1.354634 
1.340000 -1.349804 
1.341000 -1.344968 
1.342000 -1.340125 
1.343000 -1.335274 
1.344000 -1.330416 
1.345000 -1.325551 
1.346000 -1.320679 
1.347000 -1.315800 
1.348000 -1.310914 
1.349000 -1.306021 
1.350000 -1.301121 
1.351000 -1.296214 
1.352000 -1.291300 
1.353000 -1.286379 
1.354000 -1.281452 
1.355000 -1.276517 
1.356000 -1.271576 
1.357000 -1.266628 
1.358000 -1.261673 
1.359000 -1.256712 
1.360000 -1.251744 
1.361000 -1.246769 
1.362000 -1.241787 
1.363000 -1.236798 
1.364000 -1.231803 
1.365000 -1.226802 
1.366000 -1.221793 
1.367000 -1.216779 
1.368000 -1.211757 
1.369000 -1.206729 
1.370000 -1.201694 
1.371000 -1.196653 
1.372000 -1.191605 
1.373000 -1.186551 
1.374000 -1.181490 
1.375000 -1.176423 
1.376000 -1.171349 
1.377000 -1.166268 
1.378000 -1.161181 
1.379000 -1.156088 
1.380000 -1.150988 
1.381000 -1.145882 
1.382000 -1.140769 
1.383000 -1.135650 
1.384000 -1.130524 
1.385000 -1.125392 
1.386000 -1.120253 
1.387000 -1.115108 
1.388000 -1.109957 
1.389000 -1.104799 
1.390000 -1.099634 
1.391000 -1.094463 
1.392000 -1.089286 
1.393000 -1.084102 
1.394000 -1.078912 
1.395000 -1.073716 
1.396000 -1.068513 
1.397000 -1.063303 
1.398000 -1.058087 
1.399000 -1.052865 
1.400000 -1.047636 
1.401000 -1.042401 
1.402000 -1.037159 
1.403000 -1.031911 
1.404000 -1.026656 
1.405000 -1.021395 
1.406000 -1.016128 
1.407000 -1.010854 
1.408000 -1.005573 
1.409000 -1.000286 
1.410000 -0.994993 
1.411000 -0.989693 
1.412000 -0.984386 
1.413000 -0.979073 
1.414000 -0.973753 
1.415000 -0.968427 
1.416000 -0.963095 
1.417000 -0.957755 
1.418000 -0.952410 
1.419000 -0.947057 
1.420000 -0.941698 
1.421000 -0.936333 
1.422000 -0.930960 
1.423000 -0.925582 
1.424000 -0.920196 
1.425000 -0.914804 
1.426000 -0.909405 
1.427000 -0.904000 
1.428000 -0.898588 
1.429000 -0.893169 
1.430000 -0.887743 
1.431000 -0.882311 
1.432000 -0.876872 
1.433000 -0.871426 
1.434000 -0.865973 
1.435000 -0.860514 
1.436000 -0.855047 
1.437000 -0.849574 
1.438000 -0.844094 
1.439000 -0.838608 
1.440000 -0.833114 
1.441000 -0.827613 
1.442000 -0.822106 
1.443000 -0.816591 
1.444000 -0.811070 
1.445000 -0.805541 
1.446000 -0.800006 
1.447000 -0.794463 
1.448000 -0.788913 
1.449000 -0.783357 
1.450000 -0.777793 
1.451000 -0.772222 
1.452000 -0.766644 
1.453000 -0.761059 
1.454000 -0.755467 
1.455000 -0.749867 
1.456000 -0.744261 
1.457000 -0.738646 
1.458000 -0.733025 
1.459000 -0.727397 
1.460000 -0.721761 
1.461000 -0.716117 
1.462000 -0.710467 
1.463000 -0.704809 
1.464000 -0.699143 
1.465000 -0.693470 
1.466000 -0.687790 
1.467000 -0.682102 
1.468000 -0.676406 
1.469000 -0.670703 
1.470000 -0.664993 
1.471000 -0.659274 
1.472000 -0.653548 
1.473000 -0.647815 
1.474000 -0.642074 
1.475000 -0.636324 
1.476000 -0.630490 
1.477000 -0.624725 
1.478000 -0.618952 
1.479000 -0.613172 
1.480000 -0.607383 
1.481000 -0.601587 
1.482000 -0.595782 
1.483000 -0.589970 
1.484000 -0.584149 
1.485000 -0.578321 
1.486000 -0.572484 
1.487000 -0.566639 
1.488000 -0.560786 
1.489000 -0.554925 
1.490000 -0.549055 
1.491000 -0.543177 
1.492000 -0.537291 
1.493000 -0.531397 
1.494000 -0.525494 
1.495000 -0.519582 
1.496000 -0.513662 
1.497000 -0.507734 
1.498000 -0.501797 
1.499000 -0.495852 
