# time Tc_folded Tref_folded value value_err offset model full_model val_compare val_compare_err residuals residuals_err jitter jitter_flag offset_flag subset_flag 
2460042.883932 -340.368897 0.666515 0.500000 0.100000 -2.517440 1.758014 0.326128 1.931886 0.100000 0.173872 0.100000 1.127505  -1  -1  -1 
2460042.889532 -340.363297 0.666518 0.200000 0.100000 -2.517440 1.758122 0.331475 1.626647 0.100000 -0.131475 0.100000 1.127505  -1  -1  -1 
2460043.870973 -339.381856 0.667025 0.300000 0.100000 -2.517440 1.777106 1.105708 0.971398 0.100000 -0.805708 0.100000 1.127505  -1  -1  -1 
2460043.876677 -339.376152 0.667028 0.200000 0.100000 -2.517440 1.777217 1.109155 0.868062 0.100000 -0.909155 0.100000 1.127505  -1  -1  -1 
2460044.793251 -338.459578 0.667501 1.900000 0.100000 -2.517440 1.795045 1.483367 2.211678 0.100000 0.416633 0.100000 1.127505  -1  -1  -1 
2460044.798982 -338.453847 0.667504 1.700000 0.100000 -2.517440 1.795157 1.484547 2.010610 0.100000 0.215453 0.100000 1.127505  -1  -1  -1 
2460045.773704 -337.479125 0.668007 -0.900000 0.300000 -2.517440 1.814220 1.474622 -0.560402 0.300000 -2.374622 0.300000 1.127505  -1  -1  -1 
2460045.779649 -337.473180 0.668010 -0.700000 0.200000 -2.517440 1.814337 1.473315 -0.358978 0.200000 -2.173315 0.200000 1.127505  -1  -1  -1 
2460046.786658 -336.466171 0.668529 1.400000 0.100000 -2.517440 1.834145 1.062723 2.171421 0.100000 0.337277 0.100000 1.127505  -1  -1  -1 
2460046.792204 -336.460625 0.668532 0.500000 0.100000 -2.517440 1.834254 1.059542 1.274712 0.100000 -0.559542 0.100000 1.127505  -1  -1  -1 
2460047.789500 -335.463329 0.669047 -0.000000 0.100000 -2.517440 1.853984 0.378297 1.475687 0.100000 -0.378297 0.100000 1.127505  -1  -1  -1 
2460047.795047 -335.457782 0.669050 -0.300000 0.100000 -2.517440 1.854094 0.374079 1.180015 0.100000 -0.674079 0.100000 1.127505  -1  -1  -1 
2460048.783364 -334.469465 0.669560 -0.500000 0.100000 -2.517440 1.873757 -0.386150 1.759907 0.100000 -0.113850 0.100000 1.127505  -1  -1  -1 
2460048.789012 -334.463817 0.669563 0.000000 0.100000 -2.517440 1.873870 -0.390349 2.264219 0.100000 0.390349 0.100000 1.127505  -1  -1  -1 
2460049.801102 -333.451727 0.670085 -0.800000 0.100000 -2.517440 1.894121 -1.047955 2.142077 0.100000 0.247955 0.100000 1.127505  -1  -1  -1 
2460049.806533 -333.446296 0.670088 -1.000000 0.100000 -2.517440 1.894230 -1.050809 1.945039 0.100000 0.050809 0.100000 1.127505  -1  -1  -1 
2460050.776767 -332.476062 0.670588 -2.800000 0.100000 -2.517440 1.913753 -1.399245 0.512997 0.100000 -1.400755 0.100000 1.127505  -1  -1  -1 
2460050.782471 -332.470358 0.670591 -2.500000 0.100000 -2.517440 1.913868 -1.400247 0.814115 0.100000 -1.099753 0.100000 1.127505  -1  -1  -1 
2460068.823617 -314.429212 0.679901 0.600000 0.100000 -2.517440 2.295900 -3.036178 5.932078 0.100000 3.636178 0.100000 1.127505  -1  -1  -1 
2460068.829253 -314.423576 0.679904 -0.100000 0.200000 -2.517440 2.296025 -3.030225 5.226249 0.200000 2.930225 0.200000 1.127505  -1  -1  -1 
2460073.775251 -309.477578 0.682456 -0.600000 0.100000 -2.517440 2.406827 1.004361 0.802466 0.100000 -1.604361 0.100000 1.127505  -1  -1  -1 
2460073.780774 -309.472055 0.682459 -0.500000 0.100000 -2.517440 2.406952 1.004421 0.902531 0.100000 -1.504421 0.100000 1.127505  -1  -1  -1 
2460076.728213 -306.524616 0.683980 -0.600000 0.100000 -2.517440 2.474139 -0.449770 2.323908 0.100000 -0.150230 0.100000 1.127505  -1  -1  -1 
2460076.733797 -306.519032 0.683983 -0.300000 0.100000 -2.517440 2.474267 -0.454120 2.628387 0.100000 0.154120 0.100000 1.127505  -1  -1  -1 
2460077.755001 -305.497828 0.684510 -1.700000 0.200000 -2.517440 2.497739 -1.215755 2.013494 0.200000 -0.484245 0.200000 1.127505  -1  -1  -1 
2460077.760768 -305.492061 0.684513 -1.800000 0.200000 -2.517440 2.497872 -1.219657 1.917529 0.200000 -0.580343 0.200000 1.127505  -1  -1  -1 
2460078.818364 -304.434465 0.685058 -2.000000 0.100000 -2.517440 2.522284 -1.788212 2.310496 0.100000 -0.211788 0.100000 1.127505  -1  -1  -1 
2460078.823976 -304.428853 0.685061 -2.600000 0.100000 -2.517440 2.522414 -1.790286 1.712700 0.100000 -0.809714 0.100000 1.127505  -1  -1  -1 
2460079.846559 -303.406270 0.685589 -1.700000 0.100000 -2.517440 2.546115 -1.960660 2.806776 0.100000 0.260660 0.100000 1.127505  -1  -1  -1 
2460079.852048 -303.400781 0.685592 -1.500000 0.100000 -2.517440 2.546243 -1.960392 3.006635 0.100000 0.460392 0.100000 1.127505  -1  -1  -1 
2460080.730235 -302.522594 0.686045 -1.700000 0.100000 -2.517440 2.566673 -1.747408 2.614081 0.100000 0.047408 0.100000 1.127505  -1  -1  -1 
2460080.735864 -302.516965 0.686048 -1.500000 0.100000 -2.517440 2.566804 -1.744961 2.811765 0.100000 0.244961 0.100000 1.127505  -1  -1  -1 
2460082.755256 -300.497573 0.687090 -1.000000 0.100000 -2.517440 2.614042 -0.106768 1.720809 0.100000 -0.893232 0.100000 1.127505  -1  -1  -1 
2460082.760842 -300.491987 0.687093 -0.400000 0.100000 -2.517440 2.614173 -0.100561 2.314734 0.100000 -0.299439 0.100000 1.127505  -1  -1  -1 
2460086.748603 -296.504226 0.689151 4.300000 0.100000 -2.517440 2.708456 4.114540 2.893916 0.100000 0.185460 0.100000 1.127505  -1  -1  -1 
2460086.754324 -296.498505 0.689154 3.800000 0.100000 -2.517440 2.708592 4.117748 2.390844 0.100000 -0.317748 0.100000 1.127505  -1  -1  -1 
2460199.601214 -183.651615 0.747385 0.200000 0.200000 -2.517440 4.710393 1.615095 3.295298 0.200000 -1.415095 0.200000 1.127505  -1  -1  -1 
2460199.607025 -183.645804 0.747388 -1.200000 0.200000 -2.517440 4.710387 1.618283 1.892104 0.200000 -2.818283 0.200000 1.127505  -1  -1  -1 
2460201.515076 -181.737753 0.748373 1.500000 0.100000 -2.517440 4.707477 2.347450 3.860027 0.100000 -0.847450 0.100000 1.127505  -1  -1  -1 
2460201.520627 -181.732202 0.748376 1.700000 0.100000 -2.517440 4.707466 2.348143 4.059323 0.100000 -0.648143 0.100000 1.127505  -1  -1  -1 
2460202.533617 -180.719212 0.748898 2.400000 0.100000 -2.517440 4.705218 2.289193 4.816025 0.100000 0.110807 0.100000 1.127505  -1  -1  -1 
2460202.539273 -180.713556 0.748901 2.600000 0.100000 -2.517440 4.705204 2.287804 5.017401 0.100000 0.312196 0.100000 1.127505  -1  -1  -1 
2460203.571018 -179.681811 0.749434 2.200000 0.200000 -2.517440 4.702416 1.846873 5.055543 0.200000 0.353127 0.200000 1.127505  -1  -1  -1 
2460203.577196 -179.675633 0.749437 2.400000 0.200000 -2.517440 4.702398 1.843195 5.259203 0.200000 0.556805 0.200000 1.127505  -1  -1  -1 
2460204.530857 -178.721972 0.749929 0.600000 0.100000 -2.517440 4.699376 1.164030 4.135346 0.100000 -0.564030 0.100000 1.127505  -1  -1  -1 
2460204.536387 -178.716442 0.749932 1.300000 0.100000 -2.517440 4.699357 1.159582 4.839776 0.100000 0.140418 0.100000 1.127505  -1  -1  -1 
2460205.516019 -177.736810 0.750437 -0.100000 0.100000 -2.517440 4.695811 0.335871 4.259940 0.100000 -0.435871 0.100000 1.127505  -1  -1  -1 
2460205.521490 -177.731339 0.750440 0.300000 0.100000 -2.517440 4.695790 0.331249 4.664541 0.100000 -0.031249 0.100000 1.127505  -1  -1  -1 
2460206.534104 -176.718725 0.750963 0.100000 0.100000 -2.517440 4.691657 -0.459672 5.251329 0.100000 0.559672 0.100000 1.127505  -1  -1  -1 
2460206.539634 -176.713195 0.750966 0.700000 0.100000 -2.517440 4.691633 -0.463456 5.855089 0.100000 1.163456 0.100000 1.127505  -1  -1  -1 
2460208.612713 -174.640116 0.752035 0.200000 0.100000 -2.517440 4.681711 -1.141730 6.023441 0.100000 1.341730 0.100000 1.127505  -1  -1  -1 
2460208.618030 -174.634799 0.752038 -0.000000 0.100000 -2.517440 4.681683 -1.141212 5.822894 0.100000 1.141212 0.100000 1.127505  -1  -1  -1 
2460209.504007 -173.748822 0.752495 -0.300000 0.200000 -2.517440 4.676850 -0.880858 5.257707 0.200000 0.580858 0.200000 1.127505  -1  -1  -1 
2460209.509978 -173.742851 0.752498 -0.700000 0.200000 -2.517440 4.676816 -0.877952 4.854768 0.200000 0.177952 0.200000 1.127505  -1  -1  -1 
2460210.587394 -172.665435 0.753054 -0.200000 0.100000 -2.517440 4.670466 -0.126641 4.597107 0.100000 -0.073359 0.100000 1.127505  -1  -1  -1 
2460210.593026 -172.659803 0.753057 0.200000 0.100000 -2.517440 4.670431 -0.121636 4.992067 0.100000 0.321636 0.100000 1.127505  -1  -1  -1 
2460211.516295 -171.736534 0.753534 -1.000000 0.200000 -2.517440 4.664581 0.814390 2.850191 0.200000 -1.814390 0.200000 1.127505  -1  -1  -1 
2460211.522268 -171.730561 0.753537 -0.700000 0.200000 -2.517440 4.664542 0.821065 3.143477 0.200000 -1.521065 0.200000 1.127505  -1  -1  -1 
