# time Tc_folded Tref_folded model 
2449300.559923 -2.959356 0.837417     1.716047
2449313.101259 9.581980 0.210391    -1.405573
2449325.642595 -11.501874 0.583366     0.929026
2449338.183931 1.039462 0.956340    -0.572839
2449350.725267 13.580798 0.329315    -0.744656
2449363.266603 -7.503056 0.702289     1.709604
2449375.807939 5.038280 0.075263    -1.752258
2449388.349275 -16.045574 0.448238     0.008816
2449400.890611 -3.504238 0.821212     1.848586
2449413.431947 9.037098 0.194187    -1.481537
2449425.973283 -12.046757 0.567161     0.816474
2449438.514619 0.494579 0.940135    -0.229143
2449451.055955 13.035915 0.313110    -0.841855
2449463.597291 -8.047939 0.686084     1.615602
2449476.138627 4.493397 0.059059    -1.716074
2449488.679963 -16.590457 0.432033    -0.097449
2449501.221299 -4.049121 0.805008     1.929800
2449513.762635 8.492215 0.177982    -1.551824
2449526.303971 -12.591640 0.550956     0.704173
2449538.845307 -0.050303 0.923931     0.138636
2449551.386643 12.491033 0.296905    -0.937350
2449563.927979 -8.592822 0.669880     1.515114
2449576.469315 3.948514 0.042854    -1.649483
2449589.010651 16.489850 0.415829    -0.202660
2449601.551987 -4.594004 0.788803     1.967025
2449614.093323 7.947332 0.161777    -1.615185
2449626.634659 -13.136522 0.534752     0.592356
2449639.175995 -0.595186 0.907726     0.510649
2449651.717331 11.946150 0.280701    -1.030914
2449664.258667 -9.137705 0.653675     1.410000
2449676.800003 3.403631 0.026650    -1.546817
2449689.341339 15.944967 0.399624    -0.306791
2449701.882675 -5.138887 0.772598     1.967999
2449714.424011 7.402449 0.145573    -1.670062
2449726.965347 -13.681405 0.518547     0.481192
2449739.506684 -1.140069 0.891522     0.865126
2449752.048020 11.401267 0.264496    -1.122254
2449764.589356 -9.682587 0.637471     1.301685
2449777.130692 2.858749 0.010445    -1.402368
2449789.672028 15.400085 0.383419    -0.409787
2449802.213364 -5.683770 0.756394     1.939961
2449814.754700 6.857566 0.129368    -1.714517
2449827.296036 -14.226288 0.502343     0.370804
2449839.837372 -1.684952 0.875317     1.182619
2449852.378708 10.856384 0.248292    -1.211002
2449864.920044 -10.227470 0.621266     1.191258
2449877.461380 2.313866 0.994240    -1.211212
2449890.002716 14.855202 0.367215    -0.511600
2449902.544052 -6.228653 0.740189     1.889214
2449915.085388 6.312683 0.113164    -1.746154
2449927.626724 -14.771171 0.486138     0.261279
2449940.168060 -2.229835 0.859112     1.449303
2449952.709396 10.311501 0.232087    -1.296689
2449965.250732 -10.772353 0.605061     1.079545
2449977.792068 1.768983 0.978036    -0.970482
2449990.333404 14.310319 0.351010    -0.612158
2450002.874740 -6.773535 0.723985     1.821006
2450015.416076 5.767801 0.096959    -1.762027
2450027.957412 -15.316054 0.469933     0.152682
2450040.498748 -2.774718 0.842908     1.658439
2450053.040084 9.766618 0.215882    -1.378727
2450065.581420 -11.317236 0.588857     0.967169
2450078.122756 1.224100 0.961831    -0.681041
2450090.664092 13.765436 0.334806    -0.711366
2450103.205428 -7.318418 0.707780     1.739578
2450115.746764 5.222918 0.080754    -1.758556
2450128.288100 -15.860937 0.453729     0.045058
2450140.829436 -3.319600 0.826703     1.809753
2450153.370772 9.221736 0.199678    -1.456378
2450165.912109 -11.862119 0.572652     0.854599
2450178.453445 0.679217 0.945627    -0.349171
2450190.994781 13.220553 0.318601    -0.809099
2450203.536117 -7.863301 0.691575     1.648290
2450216.077453 4.678035 0.064550    -1.731470
2450228.618789 -16.405819 0.437524    -0.061556
2450241.160125 -3.864483 0.810499     1.907595
2450253.701461 8.676853 0.183473    -1.528715
2450266.242797 -12.407002 0.556448     0.742183
2450278.784133 0.134334 0.929422     0.012469
2450291.325469 12.675670 0.302396    -0.905194
2450303.866805 -8.408184 0.675371     1.549767
2450316.408141 4.133152 0.048345    -1.675799
2450328.949477 16.674488 0.421320    -0.167128
2450341.490813 -4.409366 0.794294     1.958854
2450354.032149 8.131970 0.167269    -1.594580
2450366.573485 -12.951884 0.540243     0.630180
2450379.114821 -0.410548 0.913217     0.385458
2450391.656157 12.130788 0.286192    -0.999442
2450404.197493 -8.953067 0.659166     1.446041
2450416.738829 3.588269 0.032141    -1.586007
2450429.280165 16.129605 0.405115    -0.271632
2450441.821501 -4.954249 0.778089     1.971263
2450454.362837 7.587087 0.151064    -1.652528
2450466.904173 -13.496767 0.524038     0.518779
2450479.445509 -0.955431 0.897013     0.748269
2450491.986845 11.585905 0.269987    -1.091573
2450504.528181 -9.497950 0.642962     1.338673
2450517.069517 3.043386 0.015936    -1.456330
2450529.610853 15.584723 0.388910    -0.375015
2450542.152189 -5.499132 0.761885     1.952299
2450554.693525 7.042204 0.134859    -1.700758
2450567.234861 -14.041650 0.507834     0.408117
2450579.776197 -1.500314 0.880808     1.080177
2450592.317534 11.041022 0.253783    -1.181246
2450604.858870 -10.042832 0.626757     1.228858
2450617.400206 2.498504 0.999731    -1.281457
2450629.941542 15.039840 0.372706    -0.477236
2450642.482878 -6.044015 0.745680     1.908606
2450655.024214 6.497321 0.118655    -1.737040
2450667.565550 -14.586533 0.491629     0.298291
2450680.106886 -2.045197 0.864604     1.365192
2450692.648222 10.496139 0.237578    -1.268030
2450705.189558 -10.587715 0.610552     1.117501
2450717.730894 1.953621 0.983527    -1.057652
2450730.272230 14.494957 0.356501    -0.578229
2450742.813566 -6.588897 0.729476     1.845792
2450755.354902 5.952439 0.102450    -1.758622
2450767.896238 -15.131416 0.475425     0.189374
2450780.437574 -2.590080 0.848399     1.594152
2450792.978910 9.951256 0.221373    -1.351379
2450805.520246 -11.132598 0.594348     1.005291
2450818.061582 1.408738 0.967322    -0.784316
2450830.602918 13.950074 0.340297    -0.677907
2450843.144254 -7.133780 0.713271     1.768426
2450855.685590 5.407556 0.086245    -1.762149
2450868.226926 -15.676299 0.459220     0.081416
2450880.768262 -3.134963 0.832194     1.764758
2450893.309598 9.406373 0.205169    -1.430610
2450905.850934 -11.677481 0.578143     0.892742
2450918.392270 0.863855 0.951118    -0.465730
2450930.933606 13.405191 0.324092    -0.776156
2450943.474942 -7.678663 0.697066     1.680151
2450956.016278 4.862673 0.070041    -1.743588
2450968.557614 -16.221181 0.443015    -0.025544
2450981.098950 -3.679845 0.815990     1.880034
2450993.640286 8.861491 0.188964    -1.504864
2451006.181622 -12.222364 0.561939     0.780241
2451018.722959 0.318972 0.934913    -0.112367
2451031.264295 12.860308 0.307887    -0.872827
2451043.805631 -8.223546 0.680862     1.583825
2451056.346967 4.317790 0.053836    -1.698200
2451068.888303 -16.766064 0.426811    -0.131473
2451081.429639 -4.224728 0.799785     1.946226
2451093.970975 8.316608 0.172760    -1.573069
2451106.512311 -12.767247 0.545734     0.668074
2451119.053647 -0.225911 0.918708     0.259109
2451131.594983 12.315425 0.291683    -0.967728
2451144.136319 -8.768429 0.664657     1.481666
2451156.677655 3.772907 0.037632    -1.620615
2451169.218991 16.314243 0.410606    -0.236345
2451181.760327 -4.769611 0.783581     1.970933
2451194.301663 7.771725 0.156555    -1.633882
2451206.842999 -13.312129 0.529529     0.556451
2451219.384335 -0.770793 0.902504     0.627825
2451231.925671 11.770543 0.275478    -1.060610
2451244.467007 -9.313312 0.648453     1.375383
2451257.008343 3.228024 0.021427    -1.505089
2451269.549679 15.769360 0.394402    -0.340110
2451282.091015 -5.314494 0.767376     1.961807
2451294.632351 7.226842 0.140350    -1.685632
2451307.173687 -13.857012 0.513325     0.445526
2451319.715023 -1.315676 0.886299     0.972290
2451332.256359 11.225660 0.259274    -1.151160
2451344.797695 -9.858195 0.632248     1.266282
2451357.339031 2.683142 0.005222    -1.346057
2451369.880367 15.224478 0.378197    -0.442732
2451382.421703 -5.859377 0.751171     1.925812
2451394.963039 6.681959 0.124146    -1.726243
2451407.504375 -14.401895 0.497120     0.335408
2451420.045711 -1.860559 0.870095     1.274585
2451432.587047 10.680777 0.243069    -1.238977
2451445.128384 -10.403077 0.616043     1.155361
2451457.669720 2.138259 0.989018    -1.139093
2451470.211056 14.679595 0.361992    -0.544149
2451482.752392 -6.404260 0.734967     1.868915
2451495.293728 6.137076 0.107941    -1.753150
2451507.835064 -14.946778 0.480916     0.226176
2451520.376400 -2.405442 0.853890     1.523118
2451532.917736 10.135894 0.226864    -1.323559
2451545.459072 -10.947960 0.599839     1.043375
2451558.000408 1.593376 0.972813    -0.882340
2451570.541744 14.134712 0.345788    -0.644284
2451583.083080 -6.949142 0.718762     1.796029
2451595.624416 5.592194 0.091737    -1.763212
2451608.165752 -15.491661 0.464711     0.117888
2451620.707088 -2.950325 0.837685     1.713383
2451633.248424 9.591011 0.210660    -1.404272
2451645.789760 -11.492843 0.583634     0.930892
2451658.331096 1.048493 0.956609    -0.578240
2451670.872432 13.589829 0.329583    -0.743032
2451683.413768 -7.494025 0.702558     1.711094
2451695.955104 5.047311 0.075532    -1.752631
2451708.496440 -16.036544 0.448506     0.010586
2451721.037776 -3.495208 0.821481     1.846827
2451733.579112 9.046128 0.194455    -1.480321
2451746.120448 -12.037726 0.567430     0.818338
2451758.661784 0.503610 0.940404    -0.235084
2451771.203120 13.044946 0.313378    -0.840257
2451783.744456 -8.038908 0.686353     1.617219
2451796.285792 4.502428 0.059327    -1.716907
2451808.827128 -16.581426 0.432302    -0.095696
2451821.368464 -4.040090 0.805276     1.928834
2451833.909800 8.501246 0.178251    -1.550712
2451846.451136 -12.582609 0.551225     0.706031
2451858.992472 -0.041273 0.924199     0.132446
2451871.533809 12.500063 0.297174    -0.935782
2451884.075145 -8.583791 0.670148     1.516822
2451896.616481 3.957545 0.043123    -1.650865
2451909.157817 16.498881 0.416097    -0.200925
2451921.699153 -4.584973 0.789072     1.966724
2451934.240489 7.956363 0.162046    -1.614199
2451946.781825 -13.127492 0.535020     0.594204
2451959.323161 -0.586155 0.907995     0.504567
2451971.864497 11.955181 0.280969    -1.029380
2451984.405833 -9.128674 0.653944     1.411771
2451996.947169 3.412662 0.026918    -1.548844
2452009.488505 15.953998 0.399893    -0.305074
2452022.029841 -5.129856 0.772867     1.968238
2452034.571177 7.411480 0.145841    -1.669231
2452047.112513 -13.672374 0.518816     0.483028
2452059.653849 -1.131038 0.891790     0.859505
2452072.195185 11.410298 0.264765    -1.120761
2452084.736521 -9.673557 0.637739     1.303500
2452097.277857 2.867779 0.010714    -1.405132
2452109.819193 15.409115 0.383688    -0.408089
2452122.360529 -5.674739 0.756662     1.940627
2452134.901865 6.866597 0.129637    -1.713877
2452147.443201 -14.217257 0.502611     0.372626
2452159.984537 -1.675921 0.875586     1.177742
2452172.525873 10.865415 0.248560    -1.209555
2452185.067209 -10.218439 0.621535     1.193101
2452197.608545 2.322897 0.994509    -1.214780
2452210.149881 14.864233 0.367483    -0.509922
2452222.691217 -6.219622 0.740458     1.890210
2452235.232553 6.321714 0.113432    -1.745749
2452247.773889 -14.762140 0.486407     0.263087
2452260.315225 -2.220804 0.859381     1.445343
2452272.856561 10.320532 0.232355    -1.295297
2452285.397897 -10.763322 0.605330     1.081403
2452297.939234 1.778014 0.978304    -0.974877
2452310.480570 14.319350 0.351279    -0.610502
2452323.021906 -6.764505 0.724253     1.822255
2452335.563242 5.776831 0.097228    -1.761910
2452348.104578 -15.307023 0.470202     0.154474
2452360.645914 -2.765687 0.843176     1.655451
2452373.187250 9.775649 0.216151    -1.377401
2452385.728586 -11.308205 0.589125     0.969034
2452398.269922 1.233131 0.962100    -0.686210
2452410.811258 13.774467 0.335074    -0.709733
2452423.352594 -7.309387 0.708049     1.741016
2452435.893930 5.231949 0.081023    -1.758794
2452448.435266 -15.851906 0.453997     0.046833
2452460.976602 -3.310570 0.826972     1.807697
2452473.517938 9.230766 0.199946    -1.455131
2452486.059274 -11.853088 0.572921     0.856464
2452498.600610 0.688248 0.945895    -0.354958
2452511.141946 13.229584 0.318870    -0.807492
2452523.683282 -7.854270 0.691844     1.649868
2452536.224618 4.687066 0.064818    -1.732137
2452548.765954 -16.396789 0.437793    -0.059798
2452561.307290 -3.855452 0.810767     1.906374
2452573.848626 8.685884 0.183742    -1.527565
2452586.389962 -12.397971 0.556716     0.744043
2452598.931298 0.143365 0.929691     0.006325
2452611.472634 12.684701 0.302665    -0.903616
2452624.013970 -8.399153 0.675639     1.551447
2452636.555306 4.142183 0.048614    -1.676984
2452649.096642 16.683519 0.421588    -0.165387
2452661.637978 -4.400335 0.794563     1.958343
2452674.179314 8.141001 0.167537    -1.593548
2452686.720650 -12.942854 0.540512     0.632032
2452699.261986 -0.401518 0.913486     0.379299
2452711.803322 12.139818 0.286460    -0.997896
2452724.344658 -8.944036 0.659435     1.447793
2452736.885995 3.597300 0.032409    -1.587805
2452749.427331 16.138636 0.405384    -0.269909
2452761.968667 -4.945218 0.778358     1.971333
2452774.510003 7.596118 0.151332    -1.651641
2452787.051339 -13.487736 0.524307     0.520620
2452799.592675 -0.946400 0.897281     0.742456
2452812.134011 11.594936 0.270256    -1.090065
2452824.675347 -9.488919 0.643230     1.340476
2452837.216683 3.052417 0.016205    -1.458834
2452849.758019 15.593753 0.389179    -0.373311
2452862.299355 -5.490101 0.762153     1.952832
2452874.840691 7.051235 0.135128    -1.700050
2452887.382027 -14.032619 0.508102     0.409944
2452899.923363 -1.491283 0.881077     1.075023
2452912.464699 11.050053 0.254051    -1.179782
2452925.006035 -10.033802 0.627026     1.230693
2452937.547371 2.507534 1.000000    -1.284747
2452950.088707 15.048870 0.372974    -0.475552
2452962.630043 -6.034984 0.745949     1.909500
2452975.171379 6.506352 0.118923    -1.736550
2452987.712715 -14.577502 0.491898     0.300104
2453000.254051 -2.036166 0.864872     1.360910
2453012.795387 10.505170 0.237847    -1.266618
2453025.336723 -10.578684 0.610821     1.119356
2453037.878059 1.962652 0.983795    -1.061769
2453050.419395 14.503988 0.356770    -0.576565
2453062.960731 -6.579867 0.729744     1.846963
2453075.502067 5.961469 0.102719    -1.758401
2453088.043403 -15.122385 0.475693     0.191171
2453100.584739 -2.581049 0.848668     1.590834
2453113.126075 9.960287 0.221642    -1.350029
2453125.667411 -11.123567 0.594616     1.007154
2453138.208747 1.417769 0.967591    -0.789235
2453150.750083 13.959105 0.340565    -0.676266
2453163.291420 -7.124750 0.713540     1.769806
2453175.832756 5.416587 0.086514    -1.762259
2453188.374092 -15.667268 0.459488     0.083197
2453200.915428 -3.125932 0.832463     1.762395
2453213.456764 9.415404 0.205437    -1.429334
2453225.998100 -11.668450 0.578412     0.894608
2453238.539436 0.872886 0.951386    -0.471331
2453251.080772 13.414222 0.324361    -0.774540
2453263.622108 -7.669632 0.697335     1.681687
2453276.163444 4.871704 0.070309    -1.744100
2453288.704780 -16.212151 0.443284    -0.023780
2453301.246116 -3.670815 0.816258     1.878544
2453313.787452 8.870521 0.189233    -1.503680
2453326.328788 -12.213333 0.562207     0.782103
2453338.870124 0.328003 0.935182    -0.118424
2453351.411460 12.869339 0.308156    -0.871239
2453363.952796 -8.214515 0.681130     1.585475
2453376.494132 4.326821 0.054105    -1.699199
2453389.035468 -16.757033 0.427079    -0.129726
2453401.576804 -4.215697 0.800054     1.945489
2453414.118140 8.325639 0.173028    -1.571995
2453426.659476 -12.758216 0.546003     0.669929
2453439.200812 -0.216880 0.918977     0.252914
2453451.742148 12.324456 0.291951    -0.966170
2453464.283484 -8.759398 0.664926     1.483397
2453476.824820 3.781938 0.037900    -1.622194
2453489.366156 16.323274 0.410875    -0.234609
2453501.907492 -4.760580 0.783849     1.970820
2453514.448828 7.780756 0.156824    -1.632943
2453526.990164 -13.303099 0.529798     0.558296
2453539.531500 -0.761763 0.902772     0.621855
2453552.072836 11.779573 0.275747    -1.059089
2453564.614172 -9.304281 0.648721     1.377170
2453577.155508 3.237055 0.021696    -1.507344
2453589.696845 15.778391 0.394670    -0.338400
2453602.238181 -5.305463 0.767645     1.962195
2453614.779517 7.235873 0.140619    -1.684859
2453627.320853 -13.847981 0.513593     0.447358
2453639.862189 -1.306645 0.886568     0.966883
2453652.403525 11.234691 0.259542    -1.149680
2453664.944861 -9.849164 0.632517     1.268108
2453677.486197 2.692172 0.005491    -1.349073
2453690.027533 15.233508 0.378465    -0.441040
2453702.568869 -5.850346 0.751440     1.926594
2453715.110205 6.690990 0.124414    -1.725674
2453727.651541 -14.392864 0.497389     0.337226
2453740.192877 -1.851528 0.870363     1.269990
2453752.734213 10.689808 0.243338    -1.237547
2453765.275549 -10.394047 0.616312     1.157210
2453777.816885 2.147290 0.989286    -1.142929
2453790.358221 14.688626 0.362261    -0.542478
2453802.899557 -6.395229 0.735235     1.870000
2453815.440893 6.146107 0.108210    -1.752832
2453827.982229 -14.937747 0.481184     0.227979
2453840.523565 -2.396411 0.854159     1.519471
2453853.064901 10.144925 0.227133    -1.322187
2453865.606237 -10.938929 0.600107     1.045236
2453878.147573 1.602407 0.973082    -0.886995
2453890.688909 14.143743 0.346056    -0.642635
2453903.230245 -6.940112 0.719031     1.797344
2453915.771581 5.601224 0.092005    -1.763202
2453928.312917 -15.482630 0.464980     0.119675
2453940.854253 -2.941294 0.837954     1.710703
2453953.395589 9.600042 0.210928    -1.402970
2453965.936925 -11.483812 0.583903     0.932757
2453978.478261 1.057524 0.956877    -0.583631
2453991.019597 13.598860 0.329852    -0.741407
2454003.560933 -7.484994 0.702826     1.712582
2454016.102270 5.056342 0.075801    -1.752998
2454028.643606 -16.027513 0.448775     0.012356
2454041.184942 -3.486177 0.821749     1.845053
2454053.726278 9.055159 0.194724    -1.479104
2454066.267614 -12.028695 0.567698     0.820202
2454078.808950 0.512641 0.940673    -0.241019
2454091.350286 13.053977 0.313647    -0.838659
2454103.891622 -8.029877 0.686621     1.618834
2454116.432958 4.511459 0.059596    -1.717731
2454128.974294 -16.572396 0.432570    -0.093943
2454141.515630 -4.031060 0.805545     1.927856
2454154.056966 8.510276 0.178519    -1.549598
2454166.598302 -12.573578 0.551494     0.707889
2454179.139638 -0.032242 0.924468     0.126258
2454191.680974 12.509094 0.297442    -0.934214
2454204.222310 -8.574760 0.670417     1.518528
2454216.763646 3.966576 0.043391    -1.652236
2454229.304982 16.507912 0.416366    -0.199190
2454241.846318 -4.575942 0.789340     1.966414
2454254.387654 7.965394 0.162315    -1.613211
2454266.928990 -13.118461 0.535289     0.596052
2454279.470326 -0.577125 0.908263     0.498480
2454292.011662 11.964211 0.281238    -1.027846
2454304.552998 -9.119643 0.654212     1.413542
2454317.094334 3.421693 0.027187    -1.550859
2454329.635670 15.963029 0.400161    -0.303357
2454342.177006 -5.120825 0.773136     1.968469
2454354.718342 7.420511 0.146110    -1.668398
2454367.259678 -13.663344 0.519084     0.484865
2454379.801014 -1.122007 0.892059     0.853874
2454392.342350 11.419329 0.265033    -1.119266
2454404.883686 -9.664526 0.638008     1.305314
2454417.425022 2.876810 0.010982    -1.407882
2454429.966358 15.418146 0.383957    -0.406391
2454442.507695 -5.665708 0.756931     1.941286
2454455.049031 6.875628 0.129905    -1.713234
2454467.590367 -14.208226 0.502880     0.374449
2454480.131703 -1.666890 0.875854     1.172851
2454492.673039 10.874446 0.248829    -1.208106
2454505.214375 -10.209409 0.621803     1.194943
2454517.755711 2.331927 0.994778    -1.218335
2454530.297047 14.873263 0.367752    -0.508244
2454542.838383 -6.210591 0.740726     1.891202
2454555.379719 6.330745 0.113701    -1.745340
2454567.921055 -14.753109 0.486675     0.264895
2454580.462391 -2.211773 0.859650     1.441367
2454593.003727 10.329563 0.232624    -1.293903
2454605.545063 -10.754291 0.605598     1.083261
2454618.086399 1.787045 0.978573    -0.979260
2454630.627735 14.328381 0.351547    -0.608846
2454643.169071 -6.755474 0.724522     1.823500
2454655.710407 5.785862 0.097496    -1.761789
2454668.251743 -15.297992 0.470471     0.156266
2454680.793079 -2.756656 0.843445     1.652446
2454693.334415 9.784680 0.216419    -1.376073
2454705.875751 -11.299174 0.589394     0.970899
2454718.417087 1.242162 0.962368    -0.691367
2454730.958423 13.783498 0.335343    -0.708100
2454743.499759 -7.300357 0.708317     1.742451
2454756.041095 5.240979 0.081292    -1.759024
2454768.582431 -15.842875 0.454266     0.048609
2454781.123767 -3.301539 0.827240     1.805627
2454793.665103 9.239797 0.200215    -1.453883
2454806.206439 -11.844057 0.573189     0.858329
2454818.747775 0.697279 0.946164    -0.360736
2454831.289111 13.238615 0.319138    -0.805885
2454843.830447 -7.845239 0.692113     1.651444
2454856.371783 4.696097 0.065087    -1.732796
2454868.913120 -16.387758 0.438061    -0.058039
2454881.454456 -3.846422 0.811036     1.905140
2454893.995792 8.694914 0.184010    -1.526413
2454906.537128 -12.388940 0.556985     0.745904
2454919.078464 0.152396 0.929959     0.000185
2454931.619800 12.693732 0.302934    -0.902037
2454944.161136 -8.390122 0.675908     1.553126
2454956.702472 4.151214 0.048882    -1.678160
2454969.243808 16.692550 0.421857    -0.163646
2454981.785144 -4.391305 0.794831     1.957821
2454994.326480 8.150032 0.167806    -1.592515
2455006.867816 -12.933823 0.540780     0.633884
2455019.409152 -0.392487 0.913754     0.373136
2455031.950488 12.148849 0.286729    -0.996350
2455044.491824 -8.935005 0.659703     1.449545
2455057.033160 3.606331 0.032678    -1.589591
2455069.574496 16.147667 0.405652    -0.268185
2455082.115832 -4.936187 0.778627     1.971394
2455094.657168 7.605149 0.151601    -1.650752
2455107.198504 -13.478706 0.524575     0.522460
2455119.739840 -0.937370 0.897550     0.736633
2455132.281176 11.603966 0.270524    -1.088556
2455144.822512 -9.479888 0.643499     1.342277
2455157.363848 3.061448 0.016473    -1.461326
2455169.905184 15.602784 0.389448    -0.371607
2455182.446520 -5.481070 0.762422     1.953358
2455194.987856 7.060266 0.135396    -1.699338
2455207.529192 -14.023588 0.508371     0.411772
2455220.070528 -1.482252 0.881345     1.069856
2455232.611864 11.059084 0.254320    -1.178318
2455245.153200 -10.024771 0.627294     1.232527
2455257.694536 2.516565 0.000269    -1.288023
2455270.235872 15.057901 0.373243    -0.473867
2455282.777208 -6.025953 0.746217     1.910389
2455295.318545 6.515383 0.119192    -1.736056
2455307.859881 -14.568471 0.492166     0.301918
2455320.401217 -2.027135 0.865141     1.356612
2455332.942553 10.514201 0.238115    -1.265205
2455345.483889 -10.569654 0.611090     1.121210
2455358.025225 1.971682 0.984064    -1.065872
2455370.566561 14.513018 0.357038    -0.574902
2455383.107897 -6.570836 0.730013     1.848130
2455395.649233 5.970500 0.102987    -1.758176
2455408.190569 -15.113354 0.475962     0.192969
2455420.731905 -2.572018 0.848936     1.587501
2455433.273241 9.969318 0.221911    -1.348678
2455445.814577 -11.114536 0.594885     1.009018
2455458.355913 1.426800 0.967859    -0.794141
2455470.897249 13.968136 0.340834    -0.674625
2455483.438585 -7.115719 0.713808     1.771183
2455495.979921 5.425617 0.086783    -1.762362
2455508.521257 -15.658237 0.459757     0.084978
2455521.062593 -3.116901 0.832731     1.760017
2455533.603929 9.424435 0.205706    -1.428058
2455546.145265 -11.659419 0.578680     0.896474
2455558.686601 0.881917 0.951655    -0.476923
2455571.227937 13.423253 0.324629    -0.772923
2455583.769273 -7.660602 0.697604     1.683220
2455596.310609 4.880735 0.070578    -1.744605
2455608.851945 -16.203120 0.443552    -0.022015
2455621.393281 -3.661784 0.816527     1.877040
2455633.934617 8.879552 0.189501    -1.502493
2455646.475953 -12.204302 0.562476     0.783966
2455659.017289 0.337034 0.935450    -0.124477
2455671.558625 12.878370 0.308425    -0.869650
2455684.099961 -8.205484 0.681399     1.587123
2455696.641297 4.335852 0.054373    -1.700189
2455709.182633 -16.748003 0.427348    -0.127979
2455721.723970 -4.206667 0.800322     1.944740
2455734.265306 8.334669 0.173297    -1.570918
2455746.806642 -12.749185 0.546271     0.671784
2455759.347978 -0.207849 0.919246     0.246719
2455771.889314 12.333487 0.292220    -0.964613
2455784.430650 -8.750367 0.665194     1.485127
2455796.971986 3.790969 0.038169    -1.623762
2455809.513322 16.332305 0.411143    -0.232880
2455822.054658 -4.751549 0.784118     1.970697
2455834.595994 7.789787 0.157092    -1.632001
2455847.137330 -13.294068 0.530067     0.560141
2455859.678666 -0.752732 0.903041     0.615878
2455872.220002 11.788604 0.276015    -1.057567
2455884.761338 -9.295250 0.648990     1.378957
2455897.302674 3.246086 0.021964    -1.509587
2455909.844010 15.787422 0.394939    -0.336689
2455922.385346 -5.296432 0.767913     1.962576
2455934.926682 7.244904 0.140888    -1.684083
2455947.468018 -13.838951 0.513862     0.449190
2455960.009354 -1.297615 0.886836     0.961464
2455972.550690 11.243721 0.259811    -1.148200
2455985.092026 -9.840133 0.632785     1.269933
2455997.633362 2.701203 0.005760    -1.352077
2456010.174698 15.242539 0.378734    -0.439349
2456022.716034 -5.841315 0.751708     1.927370
2456035.257370 6.700021 0.124683    -1.725101
2456047.798706 -14.383833 0.497657     0.339044
2456060.340042 -1.842497 0.870632     1.265381
2456072.881378 10.698839 0.243606    -1.236115
2456085.422714 -10.385016 0.616581     1.159059
2456097.964050 2.156320 0.989555    -1.146751
2456110.505386 14.697656 0.362529    -0.540807
2456123.046722 -6.386198 0.735504     1.871082
2456135.588058 6.155138 0.108478    -1.752509
2456148.129394 -14.928716 0.481453     0.229782
2456160.670731 -2.387380 0.854427     1.515807
2456173.212067 10.153956 0.227402    -1.320814
2456185.753403 -10.929899 0.600376     1.047098
2456198.294739 1.611438 0.973350    -0.891638
2456210.836075 14.152774 0.346325    -0.640986
2456223.377411 -6.931081 0.719299     1.798657
2456235.918747 5.610255 0.092274    -1.763186
2456248.460083 -15.473599 0.465248     0.121462
2456261.001419 -2.932263 0.838223     1.708008
2456273.542755 9.609073 0.211197    -1.401667
2456286.084091 -11.474781 0.584171     0.934623
2456298.625427 1.066555 0.957146    -0.589010
2456311.166763 13.607891 0.330120    -0.739782
2456323.708099 -7.475964 0.703095     1.714068
2456336.249435 5.065372 0.076069    -1.753358
2456348.790771 -16.018482 0.449044     0.014127
2456361.332107 -3.477146 0.822018     1.843265
2456373.873443 9.064190 0.194992    -1.477885
2456386.414779 -12.019664 0.567967     0.822066
2456398.956115 0.521672 0.940941    -0.246947
2456411.497451 13.063008 0.313916    -0.837060
2456424.038787 -8.020846 0.686890     1.620447
2456436.580123 4.520490 0.059864    -1.718546
2456449.121459 -16.563365 0.432839    -0.092190
2456461.662795 -4.022029 0.805813     1.926866
2456474.204131 8.519307 0.178788    -1.548482
2456486.745467 -12.564547 0.551762     0.709747
2456499.286803 -0.023211 0.924737     0.120071
2456511.828139 12.518125 0.297711    -0.932645
2456524.369475 -8.565729 0.670685     1.520233
2456536.910811 3.975607 0.043660    -1.653598
2456549.452147 16.516943 0.416634    -0.197454
2456561.993483 -4.566912 0.789609     1.966093
2456574.534819 7.974424 0.162583    -1.612221
2456587.076156 -13.109430 0.535558     0.597901
2456599.617492 -0.568094 0.908532     0.492389
2456612.158828 11.973242 0.281506    -1.026311
2456624.700164 -9.110612 0.654481     1.415312
2456637.241500 3.430724 0.027455    -1.552863
2456649.782836 15.972060 0.400430    -0.301640
2456662.324172 -5.111794 0.773404     1.968692
2456674.865508 7.429542 0.146379    -1.667561
2456687.406844 -13.654313 0.519353     0.486701
2456699.948180 -1.112977 0.892327     0.848232
2456712.489516 11.428359 0.265302    -1.117771
2456725.030852 -9.655495 0.638276     1.307128
2456737.572188 2.885841 0.011251    -1.410619
2456750.113524 15.427177 0.384225    -0.404693
2456762.654860 -5.656677 0.757200     1.941939
2456775.196196 6.884659 0.130174    -1.712588
2456787.737532 -14.199196 0.503148     0.376272
2456800.278868 -1.657859 0.876123     1.167947
2456812.820204 10.883477 0.249097    -1.206657
2456825.361540 -10.200378 0.622072     1.196785
2456837.902876 2.340958 0.995046    -1.221876
2456850.444212 14.882294 0.368021    -0.506566
2456862.985548 -6.201560 0.740995     1.892189
2456875.526884 6.339776 0.113969    -1.744927
2456888.068220 -14.744078 0.486944     0.266704
2456900.609556 -2.202742 0.859918     1.437375
2456913.150892 10.338594 0.232893    -1.292509
2456925.692228 -10.745261 0.605867     1.085119
2456938.233564 1.796075 0.978841    -0.983628
2456950.774900 14.337411 0.351816    -0.607189
2456963.316236 -6.746443 0.724790     1.824741
2456975.857572 5.794893 0.097765    -1.761662
2456988.398908 -15.288961 0.470739     0.158059
2457000.940244 -2.747625 0.843714     1.649426
2457013.481581 9.793711 0.216688    -1.374745
2457026.022917 -11.290143 0.589662     0.972764
2457038.564253 1.251193 0.962637    -0.696512
2457051.105589 13.792529 0.335611    -0.706467
2457063.646925 -7.291326 0.708586     1.743884
2457076.188261 5.250010 0.081560    -1.759249
2457088.729597 -15.833844 0.454535     0.050386
2457101.270933 -3.292508 0.827509     1.803542
2457113.812269 9.248828 0.200483    -1.452634
2457126.353605 -11.835026 0.573458     0.860195
2457138.894941 0.706310 0.946432    -0.366506
2457151.436277 13.247646 0.319407    -0.804277
2457163.977613 -7.836209 0.692381     1.653019
2457176.518949 4.705127 0.065356    -1.733448
2457189.060285 -16.378727 0.438330    -0.056280
2457201.601621 -3.837391 0.811304     1.903893
2457214.142957 8.703945 0.184279    -1.525260
2457226.684293 -12.379909 0.557253     0.747764
2457239.225629 0.161427 0.930228    -0.005951
2457251.766965 12.702763 0.303202    -0.900458
2457264.308301 -8.381091 0.676177     1.554803
2457276.849637 4.160245 0.049151    -1.679326
2457289.390973 16.701581 0.422125    -0.161904
2457301.932309 -4.382274 0.795100     1.957288
2457314.473645 8.159062 0.168074    -1.591479
2457327.014981 -12.924792 0.541049     0.635736
2457339.556317 -0.383456 0.914023     0.366972
2457352.097653 12.157880 0.286997    -0.994803
2457364.638989 -8.925974 0.659972     1.451295
2457377.180325 3.615362 0.032946    -1.591367
2457389.721661 16.156698 0.405921    -0.266462
2457402.262997 -4.927157 0.778895     1.971447
2457414.804333 7.614180 0.151870    -1.649860
2457427.345669 -13.469675 0.524844     0.524301
2457439.887006 -0.928339 0.897818     0.730803
2457452.428342 11.612997 0.270793    -1.087047
2457464.969678 -9.470857 0.643767     1.344078
2457477.511014 3.070479 0.016742    -1.463806
2457490.052350 15.611815 0.389716    -0.369902
2457502.593686 -5.472039 0.762691     1.953877
2457515.135022 7.069297 0.135665    -1.698622
2457527.676358 -14.014558 0.508639     0.413600
2457540.217694 -1.473222 0.881614     1.064675
2457552.759030 11.068114 0.254588    -1.176852
2457565.300366 -10.015740 0.627563     1.234361
2457577.841702 2.525596 0.000537    -1.291287
2457590.383038 15.066932 0.373512    -0.472182
2457602.924374 -6.016922 0.746486     1.911273
2457615.465710 6.524414 0.119460    -1.735558
2457628.007046 -14.559440 0.492435     0.303731
2457640.548382 -2.018104 0.865409     1.352298
2457653.089718 10.523232 0.238384    -1.263791
2457665.631054 -10.560623 0.611358     1.123063
2457678.172390 1.980713 0.984333    -1.069962
2457690.713726 14.522049 0.357307    -0.573237
2457703.255062 -6.561805 0.730281     1.849293
2457715.796398 5.979531 0.103256    -1.757945
2457728.337734 -15.104323 0.476230     0.194767
2457740.879070 -2.562987 0.849205     1.584152
2457753.420406 9.978349 0.222179    -1.347326
2457765.961742 -11.105506 0.595154     1.010882
2457778.503078 1.435830 0.968128    -0.799034
2457791.044414 13.977166 0.341102    -0.672983
2457803.585750 -7.106688 0.714077     1.772557
2457816.127086 5.434648 0.087051    -1.762460
2457828.668422 -15.649206 0.460026     0.086760
2457841.209758 -3.107870 0.833000     1.757624
2457853.751094 9.433466 0.205974    -1.426780
2457866.292431 -11.650388 0.578949     0.898340
2457878.833767 0.890948 0.951923    -0.482505
2457891.375103 13.432284 0.324898    -0.771307
2457903.916439 -7.651571 0.697872     1.684752
2457916.457775 4.889765 0.070847    -1.745103
2457928.999111 -16.194089 0.443821    -0.020250
2457941.540447 -3.652753 0.816795     1.875522
2457954.081783 8.888583 0.189770    -1.501305
2457966.623119 -12.195271 0.562744     0.785829
2457979.164455 0.346065 0.935719    -0.130524
2457991.705791 12.887401 0.308693    -0.868060
2458004.247127 -8.196454 0.681668     1.588769
2458016.788463 4.344883 0.054642    -1.701171
2458029.329799 -16.738972 0.427616    -0.126231
2458041.871135 -4.197636 0.800591     1.943980
2458054.412471 8.343700 0.173565    -1.569840
2458066.953807 -12.740154 0.546540     0.673640
2458079.495143 -0.198818 0.919514     0.240523
2458092.036479 12.342518 0.292489    -0.963054
2458104.577815 -8.741336 0.665463     1.486856
2458117.119151 3.800000 0.038437    -1.625321
2458129.660487 16.341336 0.411412    -0.231150
2458142.201823 -4.742519 0.784386     1.970565
2458154.743159 7.798817 0.157361    -1.631057
2458167.284495 -13.285037 0.530335     0.561986
2458179.825831 -0.743701 0.903310     0.609895
2458192.367167 11.797635 0.276284    -1.056044
2458204.908503 -9.286219 0.649258     1.380743
2458217.449839 3.255117 0.022233    -1.511818
2458229.991175 15.796453 0.395207    -0.334978
2458242.532511 -5.287401 0.768182     1.962949
2458255.073847 7.253935 0.141156    -1.683303
2458267.615183 -13.829920 0.514131     0.451023
2458280.156519 -1.288584 0.887105     0.956034
2458292.697856 11.252752 0.260079    -1.146718
2458305.239192 -9.831102 0.633054     1.271757
2458317.780528 2.710234 0.006028    -1.355067
2458330.321864 15.251570 0.379003    -0.437657
2458342.863200 -5.832284 0.751977     1.928140
2458355.404536 6.709052 0.124951    -1.724524
2458367.945872 -14.374803 0.497926     0.340863
2458380.487208 -1.833467 0.870900     1.260757
2458393.028544 10.707869 0.243875    -1.234683
2458405.569880 -10.375985 0.616849     1.160907
2458418.111216 2.165351 0.989824    -1.150559
2458430.652552 14.706687 0.362798    -0.539136
2458443.193888 -6.377167 0.735772     1.872158
2458455.735224 6.164169 0.108747    -1.752181
2458468.276560 -14.919685 0.481721     0.231586
2458480.817896 -2.378349 0.854696     1.512127
2458493.359232 10.162987 0.227670    -1.319439
2458505.900568 -10.920868 0.600645     1.048959
2458518.441904 1.620468 0.973619    -0.896267
2458530.983240 14.161804 0.346593    -0.639337
2458543.524576 -6.922050 0.719568     1.799966
2458556.065912 5.619286 0.092542    -1.763165
2458568.607248 -15.464568 0.465517     0.123249
2458581.148584 -2.923232 0.838491     1.705297
2458593.689920 9.618104 0.211466    -1.400362
2458606.231256 -11.465751 0.584440     0.936489
2458618.772592 1.075586 0.957414    -0.594378
2458631.313928 13.616922 0.330389    -0.738157
2458643.855264 -7.466933 0.703363     1.715551
2458656.396600 5.074403 0.076338    -1.753711
2458668.937936 -16.009451 0.449312     0.015897
2458681.479272 -3.468115 0.822287     1.841462
2458694.020608 9.073221 0.195261    -1.476665
2458706.561944 -12.010633 0.568235     0.823931
2458719.103281 0.530703 0.941210    -0.252868
2458731.644617 13.072039 0.314184    -0.835461
2458744.185953 -8.011816 0.687159     1.622058
2458756.727289 4.529520 0.060133    -1.719354
2458769.268625 -16.554334 0.433107    -0.090436
2458781.809961 -4.012998 0.806082     1.925863
2458794.351297 8.528338 0.179056    -1.547364
2458806.892633 -12.555516 0.552031     0.711605
2458819.433969 -0.014180 0.925005     0.113886
2458831.975305 12.527156 0.297980    -0.931076
2458844.516641 -8.556698 0.670954     1.521937
2458857.057977 3.984638 0.043928    -1.654950
2458869.599313 16.525974 0.416903    -0.195718
2458882.140649 -4.557881 0.789877     1.965763
2458894.681985 7.983455 0.162852    -1.611228
2458907.223321 -13.100399 0.535826     0.599750
2458919.764657 -0.559063 0.908801     0.486293
2458932.305993 11.982273 0.281775    -1.024776
2458944.847329 -9.101581 0.654749     1.417081
2458957.388665 3.439755 0.027724    -1.554855
2458969.930001 15.981091 0.400698    -0.299922
2458982.471337 -5.102764 0.773673     1.968907
2458995.012673 7.438572 0.146647    -1.666722
2459007.554009 -13.645282 0.519622     0.488539
2459020.095345 -1.103946 0.892596     0.842581
2459032.636681 11.437390 0.265570    -1.116275
2459045.178017 -9.646464 0.638545     1.308942
2459057.719353 2.894872 0.011519    -1.413344
2459070.260689 15.436208 0.384494    -0.402994
2459082.802025 -5.647646 0.757468     1.942586
2459095.343361 6.893690 0.130443    -1.711937
2459107.884697 -14.190165 0.503417     0.378096
2459120.426033 -1.648829 0.876391     1.163028
2459132.967369 10.892507 0.249366    -1.205207
2459145.508706 -10.191347 0.622340     1.198627
2459158.050042 2.349989 0.995315    -1.225403
2459170.591378 14.891325 0.368289    -0.504888
2459183.132714 -6.192529 0.741264     1.893171
2459195.674050 6.348807 0.114238    -1.744509
2459208.215386 -14.735048 0.487212     0.268512
2459220.756722 -2.193712 0.860187     1.433368
2459233.298058 10.347625 0.233161    -1.291114
2459245.839394 -10.736230 0.606136     1.086977
2459258.380730 1.805106 0.979110    -0.987984
2459270.922066 14.346442 0.352084    -0.605532
2459283.463402 -6.737412 0.725059     1.825979
2459296.004738 5.803924 0.098033    -1.761530
2459308.546074 -15.279930 0.471008     0.159852
2459321.087410 -2.738594 0.843982     1.646390
2459333.628746 9.802742 0.216957    -1.373415
2459346.170082 -11.281113 0.589931     0.974629
2459358.711418 1.260223 0.962905    -0.701646
2459371.252754 13.801559 0.335880    -0.704833
2459383.794090 -7.282295 0.708854     1.745314
2459396.335426 5.259041 0.081829    -1.759467
2459408.876762 -15.824813 0.454803     0.052162
2459421.418098 -3.283477 0.827778     1.801442
2459433.959434 9.257859 0.200752    -1.451383
2459446.500770 -11.825995 0.573726     0.862060
2459459.042106 0.715341 0.946701    -0.372267
2459471.583442 13.256677 0.319675    -0.802668
2459484.124778 -7.827178 0.692650     1.654591
2459496.666114 4.714158 0.065624    -1.734092
2459509.207450 -16.369696 0.438599    -0.054520
2459521.748786 -3.828360 0.811573     1.902634
2459534.290122 8.712976 0.184547    -1.524105
2459546.831458 -12.370878 0.557522     0.749625
2459559.372794 0.170458 0.930496    -0.012085
2459571.914130 12.711794 0.303471    -0.898878
2459584.455467 -8.372061 0.676445     1.556479
2459596.996803 4.169275 0.049420    -1.680483
2459609.538139 16.710611 0.422394    -0.160162
2459622.079475 -4.373243 0.795368     1.956744
2459634.620811 8.168093 0.168343    -1.590441
2459647.162147 -12.915761 0.541317     0.637588
2459659.703483 -0.374425 0.914292     0.360804
2459672.244819 12.166911 0.287266    -0.993256
2459684.786155 -8.916943 0.660240     1.453045
2459697.327491 3.624393 0.033215    -1.593132
2459709.868827 16.165729 0.406189    -0.264738
2459722.410163 -4.918126 0.779164     1.971490
2459734.951499 7.623210 0.152138    -1.648965
2459747.492835 -13.460644 0.525113     0.526143
2459760.034171 -0.919308 0.898087     0.724964
2459772.575507 11.622028 0.271061    -1.085537
2459785.116843 -9.461826 0.644036     1.345878
2459797.658179 3.079510 0.017010    -1.466273
2459810.199515 15.620846 0.389985    -0.368197
2459822.740851 -5.463009 0.762959     1.954389
2459835.282187 7.078328 0.135934    -1.697904
2459847.823523 -14.005527 0.508908     0.415428
2459860.364859 -1.464191 0.881882     1.059482
2459872.906195 11.077145 0.254857    -1.175386
2459885.447531 -10.006709 0.627831     1.236194
2459897.988867 2.534627 0.000806    -1.294536
2459910.530203 15.075963 0.373780    -0.470496
2459923.071539 -6.007891 0.746755     1.912151
2459935.612875 6.533445 0.119729    -1.735056
2459948.154211 -14.550410 0.492703     0.305545
2459960.695547 -2.009074 0.865678     1.347970
2459973.236883 10.532262 0.238652    -1.262376
2459985.778219 -10.551592 0.611627     1.124917
2459998.319555 1.989744 0.984601    -1.074038
2460010.860892 14.531080 0.357576    -0.571573
2460023.402228 -6.552774 0.730550     1.850452
2460035.943564 5.988562 0.103524    -1.757710
2460048.484900 -15.095292 0.476499     0.196566
2460061.026236 -2.553956 0.849473     1.580786
2460073.567572 9.987380 0.222448    -1.345972
2460086.108908 -11.096475 0.595422     1.012745
2460098.650244 1.444861 0.968397    -0.803915
2460111.191580 13.986197 0.341371    -0.671341
2460123.732916 -7.097657 0.714345     1.773928
2460136.274252 5.443679 0.087320    -1.762551
2460148.815588 -15.640175 0.460294     0.088542
2460161.356924 -3.098839 0.833269     1.755215
2460173.898260 9.442497 0.206243    -1.425501
2460186.439596 -11.641358 0.579217     0.900206
2460198.980932 0.899978 0.952192    -0.488077
2460211.522268 13.441314 0.325166    -0.769689
2460224.063604 -7.642540 0.698141     1.686281
2460236.604940 4.898796 0.071115    -1.745593
2460249.146276 -16.185058 0.444090    -0.018485
2460261.687612 -3.643722 0.817064     1.873991
2460274.228948 8.897614 0.190038    -1.500116
2460286.770284 -12.186240 0.563013     0.787692
2460299.311620 0.355096 0.935987    -0.136566
2460311.852956 12.896432 0.308962    -0.866471
2460324.394292 -8.187423 0.681936     1.590413
2460336.935628 4.353913 0.054911    -1.702143
2460349.476964 -16.729941 0.427885    -0.124483
2460362.018300 -4.188605 0.800859     1.943208
2460374.559636 8.352731 0.173834    -1.568760
2460387.100972 -12.731123 0.546808     0.675495
2460399.642308 -0.189787 0.919783     0.234326
2460412.183644 12.351549 0.292757    -0.961496
2460424.724980 -8.732306 0.665732     1.488583
2460437.266317 3.809031 0.038706    -1.626869
2460449.807653 16.350367 0.411680    -0.229420
2460462.348989 -4.733488 0.784655     1.970424
2460474.890325 7.807848 0.157629    -1.630111
2460487.431661 -13.276006 0.530604     0.563831
2460499.972997 -0.734670 0.903578     0.603906
2460512.514333 11.806666 0.276553    -1.054521
2460525.055669 -9.277188 0.649527     1.382529
2460537.597005 3.264148 0.022501    -1.514037
2460550.138341 15.805484 0.395476    -0.333266
2460562.679677 -5.278371 0.768450     1.963315
2460575.221013 7.262965 0.141425    -1.682521
2460587.762349 -13.820889 0.514399     0.452856
2460600.303685 -1.279553 0.887373     0.950591
2460612.845021 11.261783 0.260348    -1.145237
2460625.386357 -9.822071 0.633322     1.273581
2460637.927693 2.719265 0.006297    -1.358045
2460650.469029 15.260601 0.379271    -0.435965
2460663.010365 -5.823253 0.752246     1.928905
2460675.551701 6.718083 0.125220    -1.723944
2460688.093037 -14.365772 0.498194     0.342681
2460700.634373 -1.824436 0.871169     1.256119
2460713.175709 10.716900 0.244143    -1.233249
2460725.717045 -10.366954 0.617118     1.162755
2460738.258381 2.174382 0.990092    -1.154353
2460750.799717 14.715718 0.363067    -0.537464
2460763.341053 -6.368136 0.736041     1.873230
2460775.882389 6.173200 0.109015    -1.751850
2460788.423725 -14.910655 0.481990     0.233389
2460800.965061 -2.369319 0.854964     1.508431
2460813.506397 10.172017 0.227939    -1.318064
2460826.047733 -10.911837 0.600913     1.050820
2460838.589069 1.629499 0.973888    -0.900882
2460851.130405 14.170835 0.346862    -0.637687
2460863.671742 -6.913019 0.719836     1.801272
2460876.213078 5.628317 0.092811    -1.763138
2460888.754414 -15.455537 0.465785     0.125037
2460901.295750 -2.914201 0.838760     1.702570
2460913.837086 9.627135 0.211734    -1.399056
2460926.378422 -11.456720 0.584709     0.938355
2460938.919758 1.084616 0.957683    -0.599735
2460951.461094 13.625952 0.330657    -0.736531
2460964.002430 -7.457902 0.703632     1.717032
2460976.543766 5.083434 0.076606    -1.754058
2460989.085102 -16.000420 0.449581     0.017668
2461001.626438 -3.459084 0.822555     1.839645
2461014.167774 9.082252 0.195530    -1.475443
2461026.709110 -12.001603 0.568504     0.825795
2461039.250446 0.539733 0.941478    -0.258782
2461051.791782 13.081070 0.314453    -0.833862
2461064.333118 -8.002785 0.687427     1.623668
2461076.874454 4.538551 0.060402    -1.720153
2461089.415790 -16.545303 0.433376    -0.088682
2461101.957126 -4.003967 0.806350     1.924848
2461114.498462 8.537369 0.179325    -1.546244
2461127.039798 -12.546485 0.552299     0.713464
2461139.581134 -0.005149 0.925274     0.107702
2461152.122470 12.536187 0.298248    -0.929506
2461164.663806 -8.547668 0.671223     1.523640
2461177.205142 3.993668 0.044197    -1.656293
2461189.746478 16.535004 0.417171    -0.193982
2461202.287814 -4.548850 0.790146     1.965422
2461214.829150 7.992486 0.163120    -1.610233
2461227.370486 -13.091368 0.536095     0.601599
2461239.911822 -0.550032 0.909069     0.480193
2461252.453158 11.991304 0.282044    -1.023240
2461264.994494 -9.092550 0.655018     1.418849
2461277.535830 3.448786 0.027992    -1.556836
2461290.077167 15.990122 0.400967    -0.298204
2461302.618503 -5.093733 0.773941     1.969114
2461315.159839 7.447603 0.146916    -1.665881
2461327.701175 -13.636251 0.519890     0.490376
2461340.242511 -1.094915 0.892865     0.836919
2461352.783847 11.446421 0.265839    -1.114778
2461365.325183 -9.637433 0.638813     1.310754
2461377.866519 2.903903 0.011788    -1.416056
2461390.407855 15.445239 0.384762    -0.401296
2461402.949191 -5.638616 0.757737     1.943227
2461415.490527 6.902720 0.130711    -1.711284
2461428.031863 -14.181134 0.503686     0.379920
2461440.573199 -1.639798 0.876660     1.158095
2461453.114535 10.901538 0.249634    -1.203757
2461465.655871 -10.182316 0.622609     1.200468
2461478.197207 2.359020 0.995583    -1.228917
2461490.738543 14.900356 0.368558    -0.503209
2461503.279879 -6.183498 0.741532     1.894148
2461515.821215 6.357838 0.114507    -1.744087
2461528.362551 -14.726017 0.487481     0.270321
2461540.903887 -2.184681 0.860455     1.429344
2461553.445223 10.356655 0.233430    -1.289718
2461565.986559 -10.727199 0.606404     1.088835
2461578.527895 1.814137 0.979379    -0.992325
2461591.069231 14.355473 0.352353    -0.603874
2461603.610567 -6.728381 0.725327     1.827213
2461616.151903 5.812955 0.098302    -1.761393
2461628.693239 -15.270900 0.471276     0.161645
2461641.234575 -2.729564 0.844251     1.643338
2461653.775911 9.811773 0.217225    -1.372084
2461666.317247 -11.272082 0.590200     0.976494
2461678.858583 1.269254 0.963174    -0.706767
2461691.399919 13.810590 0.336148    -0.703199
2461703.941255 -7.273264 0.709123     1.746741
2461716.482592 5.268072 0.082097    -1.759678
2461729.023928 -15.815782 0.455072     0.053939
2461741.565264 -3.274446 0.828046     1.799327
2461754.106600 9.266890 0.201021    -1.450131
2461766.647936 -11.816965 0.573995     0.863925
2461779.189272 0.724371 0.946969    -0.378020
2461791.730608 13.265707 0.319944    -0.801060
2461804.271944 -7.818147 0.692918     1.656161
2461816.813280 4.723189 0.065893    -1.734728
2461829.354616 -16.360665 0.438867    -0.052760
2461841.895952 -3.819329 0.811842     1.901361
2461854.437288 8.722007 0.184816    -1.522948
2461866.978624 -12.361847 0.557790     0.751486
2461879.519960 0.179489 0.930765    -0.018214
2461892.061296 12.720825 0.303739    -0.897298
2461904.602632 -8.363030 0.676714     1.558153
2461917.143968 4.178306 0.049688    -1.681630
2461929.685304 16.719642 0.422663    -0.158420
2461942.226640 -4.364212 0.795637     1.956189
2461954.767976 8.177124 0.168611    -1.589401
2461967.309312 -12.906730 0.541586     0.639441
2461979.850648 -0.365394 0.914560     0.354635
2461992.391984 12.175942 0.287535    -0.991708
2462004.933320 -8.907913 0.660509     1.454793
2462017.474656 3.633423 0.033483    -1.594885
2462030.015992 16.174759 0.406458    -0.263014
2462042.557328 -4.909095 0.779432     1.971525
2462055.098664 7.632241 0.152407    -1.648068
2462067.640000 -13.451613 0.525381     0.527984
2462080.181336 -0.910277 0.898356     0.719117
2462092.722672 11.631059 0.271330    -1.084026
2462105.264008 -9.452795 0.644304     1.347678
2462117.805344 3.088541 0.017279    -1.468728
2462130.346680 15.629877 0.390253    -0.366491
2462142.888017 -5.453978 0.763228     1.954895
2462155.429353 7.087358 0.136202    -1.697182
2462167.970689 -13.996496 0.509177     0.417256
2462180.512025 -1.455160 0.882151     1.054277
2462193.053361 11.086176 0.255125    -1.173918
2462205.594697 -9.997678 0.628100     1.238027
2462218.136033 2.543658 0.001074    -1.297772
2462230.677369 15.084994 0.374049    -0.468811
2462243.218705 -5.998861 0.747023     1.913024
2462255.760041 6.542476 0.119998    -1.734550
2462268.301377 -14.541379 0.492972     0.307359
2462280.842713 -2.000043 0.865946     1.343625
2462293.384049 10.541293 0.238921    -1.260960
2462305.925385 -10.542561 0.611895     1.126770
2462318.466721 1.998775 0.984870    -1.078100
2462331.008057 14.540111 0.357844    -0.569908
2462343.549393 -6.543743 0.730819     1.851606
2462356.090729 5.997593 0.103793    -1.757469
2462368.632065 -15.086262 0.476767     0.198364
2462381.173401 -2.544926 0.849742     1.577404
2462393.714737 9.996410 0.222716    -1.344618
2462406.256073 -11.087444 0.595691     1.014608
2462418.797409 1.453892 0.968665    -0.808783
2462431.338745 13.995228 0.341640    -0.669699
2462443.880081 -7.088626 0.714614     1.775296
2462456.421417 5.452710 0.087588    -1.762636
2462468.962753 -15.631144 0.460563     0.090325
2462481.504089 -3.089808 0.833537     1.752791
2462494.045425 9.451528 0.206512    -1.424220
2462506.586761 -11.632327 0.579486     0.902071
2462519.128097 0.909009 0.952460    -0.493639
2462531.669433 13.450345 0.325435    -0.768072
2462544.210769 -7.633509 0.698409     1.687807
2462556.752105 4.907827 0.071384    -1.746076
2462569.293442 -16.176027 0.444358    -0.016719
2462581.834778 -3.634691 0.817333     1.872446
2462594.376114 8.906645 0.190307    -1.498924
2462606.917450 -12.177210 0.563281     0.789554
2462619.458786 0.364126 0.936256    -0.142602
2462632.000122 12.905462 0.309230    -0.864880
2462644.541458 -8.178392 0.682205     1.592056
2462657.082794 4.362944 0.055179    -1.703107
2462669.624130 -16.720910 0.428154    -0.122735
2462682.165466 -4.179574 0.801128     1.942424
2462694.706802 8.361762 0.174102    -1.567677
2462707.248138 -12.722092 0.547077     0.677351
2462719.789474 -0.180756 0.920051     0.228129
2462732.330810 12.360580 0.293026    -0.959936
2462744.872146 -8.723275 0.666000     1.490310
2462757.413482 3.818061 0.038975    -1.628406
2462769.954818 16.359397 0.411949    -0.227690
2462782.496154 -4.724457 0.784923     1.970273
2462795.037490 7.816879 0.157898    -1.629162
2462807.578826 -13.266975 0.530872     0.565677
2462820.120162 -0.725639 0.903847     0.597910
2462832.661498 11.815697 0.276821    -1.052997
2462845.202834 -9.268158 0.649796     1.384313
2462857.744170 3.273178 0.022770    -1.516244
2462870.285506 15.814515 0.395744    -0.331554
2462882.826842 -5.269340 0.768719     1.963673
2462895.368178 7.271996 0.141693    -1.681736
2462907.909514 -13.811858 0.514668     0.454689
2462920.450850 -1.270522 0.887642     0.945138
2462932.992186 11.270814 0.260616    -1.143754
2462945.533522 -9.813040 0.633591     1.275405
2462958.074858 2.728296 0.006565    -1.361009
2462970.616194 15.269632 0.379540    -0.434272
2462983.157530 -5.814223 0.752514     1.929664
2462995.698866 6.727113 0.125489    -1.723360
2463008.240203 -14.356741 0.498463     0.344501
2463020.781539 -1.815405 0.871437     1.251465
2463033.322875 10.725931 0.244412    -1.231815
2463045.864211 -10.357923 0.617386     1.164603
2463058.405547 2.183413 0.990361    -1.158134
2463070.946883 14.724749 0.363335    -0.535792
2463083.488219 -6.359105 0.736310     1.874298
2463096.029555 6.182231 0.109284    -1.751513
2463108.570891 -14.901624 0.482258     0.235193
2463121.112227 -2.360288 0.855233     1.504719
2463133.653563 10.181048 0.228207    -1.316687
2463146.194899 -10.902806 0.601182     1.052681
2463158.736235 1.638530 0.974156    -0.905485
2463171.277571 14.179866 0.347131    -0.636037
2463183.818907 -6.903988 0.720105     1.802575
2463196.360243 5.637348 0.093079    -1.763106
2463208.901579 -15.446507 0.466054     0.126825
2463221.442915 -2.905171 0.839028     1.699827
2463233.984251 9.636165 0.212003    -1.397749
2463246.525587 -11.447689 0.584977     0.940221
2463259.066923 1.093647 0.957952    -0.605081
2463271.608259 13.634983 0.330926    -0.734904
2463284.149595 -7.448871 0.703900     1.718510
2463296.690931 5.092465 0.076875    -1.754397
2463309.232267 -15.991389 0.449849     0.019440
2463321.773603 -3.450053 0.822824     1.837814
2463334.314939 9.091283 0.195798    -1.474219
2463346.856275 -11.992572 0.568773     0.827659
2463359.397611 0.548764 0.941747    -0.264689
2463371.938947 13.090100 0.314721    -0.832262
2463384.480283 -7.993754 0.687696     1.625275
2463397.021619 4.547582 0.060670    -1.720944
2463409.562955 -16.536272 0.433645    -0.086928
2463422.104291 -3.994936 0.806619     1.923821
2463434.645628 8.546400 0.179593    -1.545122
2463447.186964 -12.537455 0.552568     0.715322
2463459.728300 0.003881 0.925542     0.101520
2463472.269636 12.545218 0.298517    -0.927936
2463484.810972 -8.538637 0.671491     1.525341
2463497.352308 4.002699 0.044466    -1.657625
2463509.893644 16.544035 0.417440    -0.192246
2463522.434980 -4.539819 0.790414     1.965071
2463534.976316 8.001517 0.163389    -1.609236
2463547.517652 -13.082337 0.536363     0.603448
2463560.058988 -0.541001 0.909338     0.474088
2463572.600324 12.000335 0.282312    -1.021704
2463585.141660 -9.083520 0.655287     1.420617
2463597.682996 3.457816 0.028261    -1.558806
2463610.224332 15.999152 0.401235    -0.296486
2463622.765668 -5.084702 0.774210     1.969313
2463635.307004 7.456634 0.147184    -1.665036
2463647.848340 -13.627220 0.520159     0.492213
2463660.389676 -1.085884 0.893133     0.831248
2463672.931012 11.455452 0.266108    -1.113281
2463685.472348 -9.628402 0.639082     1.312566
2463698.013684 2.912934 0.012056    -1.418755
2463710.555020 15.454270 0.385031    -0.399596
2463723.096356 -5.629585 0.758005     1.943861
2463735.637692 6.911751 0.130980    -1.710627
2463748.179028 -14.172103 0.503954     0.381744
2463760.720364 -1.630767 0.876929     1.153149
2463773.261700 10.910569 0.249903    -1.202305
2463785.803036 -10.173285 0.622877     1.202309
2463798.344372 2.368051 0.995852    -1.232417
2463810.885708 14.909387 0.368826    -0.501530
2463823.427044 -6.174468 0.741801     1.895120
2463835.968380 6.366868 0.114775    -1.743661
