# time Tc_folded Tref_folded model 
2449300.559923 616.810353 0.101311    -0.588128
2449313.101259 629.351689 0.104410    -0.604154
2449325.642595 641.893025 0.107509    -0.619797
2449338.183931 654.434361 0.110608    -0.635065
2449350.725267 666.975697 0.113707    -0.649969
2449363.266603 679.517033 0.116806    -0.664518
2449375.807939 692.058369 0.119905    -0.678720
2449388.349275 704.599705 0.123003    -0.692585
2449400.890611 717.141041 0.126102    -0.706121
2449413.431947 729.682377 0.129201    -0.719336
2449425.973283 742.223713 0.132300    -0.732237
2449438.514619 754.765049 0.135399    -0.744832
2449451.055955 767.306385 0.138498    -0.757128
2449463.597291 779.847721 0.141597    -0.769132
2449476.138627 792.389057 0.144696    -0.780850
2449488.679963 804.930393 0.147795    -0.792290
2449501.221299 817.471729 0.150894    -0.803457
2449513.762635 830.013065 0.153993    -0.814357
2449526.303971 842.554401 0.157092    -0.824995
2449538.845307 855.095737 0.160191    -0.835379
2449551.386643 867.637073 0.163290    -0.845512
2449563.927979 880.178409 0.166388    -0.855401
2449576.469315 892.719745 0.169487    -0.865049
2449589.010651 905.261081 0.172586    -0.874462
2449601.551987 917.802417 0.175685    -0.883645
2449614.093323 930.343753 0.178784    -0.892602
2449626.634659 942.885089 0.181883    -0.901337
2449639.175995 955.426425 0.184982    -0.909854
2449651.717331 967.967761 0.188081    -0.918158
2449664.258667 980.509097 0.191180    -0.926253
2449676.800003 993.050433 0.194279    -0.934141
2449689.341339 1005.591769 0.197378    -0.941828
2449701.882675 1018.133105 0.200477    -0.949315
2449714.424011 1030.674442 0.203576    -0.956608
2449726.965347 1043.215778 0.206675    -0.963708
2449739.506684 1055.757114 0.209773    -0.970619
2449752.048020 1068.298450 0.212872    -0.977344
2449764.589356 1080.839786 0.215971    -0.983886
2449777.130692 1093.381122 0.219070    -0.990248
2449789.672028 1105.922458 0.222169    -0.996432
2449802.213364 1118.463794 0.225268    -1.002441
2449814.754700 1131.005130 0.228367    -1.008278
2449827.296036 1143.546466 0.231466    -1.013945
2449839.837372 1156.087802 0.234565    -1.019444
2449852.378708 1168.629138 0.237664    -1.024777
2449864.920044 1181.170474 0.240763    -1.029947
2449877.461380 1193.711810 0.243862    -1.034956
2449890.002716 1206.253146 0.246961    -1.039805
2449902.544052 1218.794482 0.250060    -1.044497
2449915.085388 1231.335818 0.253158    -1.049034
2449927.626724 1243.877154 0.256257    -1.053416
2449940.168060 1256.418490 0.259356    -1.057647
2449952.709396 1268.959826 0.262455    -1.061727
2449965.250732 1281.501162 0.265554    -1.065658
2449977.792068 1294.042498 0.268653    -1.069441
2449990.333404 1306.583834 0.271752    -1.073078
2450002.874740 1319.125170 0.274851    -1.076571
2450015.416076 1331.666506 0.277950    -1.079919
2450027.957412 1344.207842 0.281049    -1.083126
2450040.498748 1356.749178 0.284148    -1.086191
2450053.040084 1369.290514 0.287247    -1.089116
2450065.581420 1381.831850 0.290346    -1.091902
2450078.122756 1394.373186 0.293444    -1.094550
2450090.664092 1406.914522 0.296543    -1.097061
2450103.205428 1419.455858 0.299642    -1.099435
2450115.746764 1431.997194 0.302741    -1.101673
2450128.288100 1444.538530 0.305840    -1.103777
2450140.829436 1457.079867 0.308939    -1.105747
2450153.370772 1469.621203 0.312038    -1.107583
2450165.912109 1482.162539 0.315137    -1.109286
2450178.453445 1494.703875 0.318236    -1.110856
2450190.994781 1507.245211 0.321335    -1.112295
2450203.536117 1519.786547 0.324434    -1.113602
2450216.077453 1532.327883 0.327533    -1.114778
2450228.618789 1544.869219 0.330632    -1.115823
2450241.160125 1557.410555 0.333731    -1.116737
2450253.701461 1569.951891 0.336829    -1.117521
2450266.242797 1582.493227 0.339928    -1.118175
2450278.784133 1595.034563 0.343027    -1.118698
2450291.325469 1607.575899 0.346126    -1.119093
2450303.866805 1620.117235 0.349225    -1.119356
2450316.408141 1632.658571 0.352324    -1.119489
2450328.949477 1645.199907 0.355423    -1.119491
2450341.490813 1657.741243 0.358522    -1.119363
2450354.032149 1670.282579 0.361621    -1.119105
2450366.573485 1682.823915 0.364720    -1.118715
2450379.114821 1695.365251 0.367819    -1.118195
2450391.656157 1707.906587 0.370918    -1.117543
2450404.197493 1720.447923 0.374017    -1.116759
2450416.738829 1732.989259 0.377116    -1.115843
2450429.280165 1745.530595 0.380214    -1.114794
2450441.821501 1758.071931 0.383313    -1.113612
2450454.362837 1770.613267 0.386412    -1.112295
2450466.904173 1783.154603 0.389511    -1.110844
2450479.445509 1795.695939 0.392610    -1.109257
2450491.986845 1808.237275 0.395709    -1.107534
2450504.528181 1820.778611 0.398808    -1.105675
2450517.069517 1833.319947 0.401907    -1.103677
2450529.610853 1845.861283 0.405006    -1.101540
2450542.152189 1858.402619 0.408105    -1.099263
2450554.693525 1870.943955 0.411204    -1.096846
2450567.234861 1883.485292 0.414303    -1.094286
2450579.776197 1896.026628 0.417402    -1.091582
2450592.317534 1908.567964 0.420501    -1.088735
2450604.858870 1921.109300 0.423599    -1.085741
2450617.400206 1933.650636 0.426698    -1.082600
2450629.941542 1946.191972 0.429797    -1.079310
2450642.482878 1958.733308 0.432896    -1.075869
2450655.024214 1971.274644 0.435995    -1.072277
2450667.565550 1983.815980 0.439094    -1.068531
2450680.106886 1996.357316 0.442193    -1.064630
2450692.648222 2008.898652 0.445292    -1.060571
2450705.189558 2021.439988 0.448391    -1.056354
2450717.730894 -2013.010881 0.451490    -1.051975
2450730.272230 -2000.469545 0.454589    -1.047433
2450742.813566 -1987.928209 0.457688    -1.042725
2450755.354902 -1975.386873 0.460787    -1.037850
2450767.896238 -1962.845537 0.463886    -1.032805
2450780.437574 -1950.304201 0.466984    -1.027588
2450792.978910 -1937.762865 0.470083    -1.022196
2450805.520246 -1925.221529 0.473182    -1.016626
2450818.061582 -1912.680193 0.476281    -1.010876
2450830.602918 -1900.138857 0.479380    -1.004943
2450843.144254 -1887.597521 0.482479    -0.998823
2450855.685590 -1875.056185 0.485578    -0.992515
2450868.226926 -1862.514849 0.488677    -0.986014
2450880.768262 -1849.973513 0.491776    -0.979318
2450893.309598 -1837.432177 0.494875    -0.972423
2450905.850934 -1824.890841 0.497974    -0.965325
2450918.392270 -1812.349505 0.501073    -0.958021
2450930.933606 -1799.808169 0.504172    -0.950507
2450943.474942 -1787.266833 0.507271    -0.942779
2450956.016278 -1774.725497 0.510369    -0.934833
2450968.557614 -1762.184160 0.513468    -0.926665
2450981.098950 -1749.642824 0.516567    -0.918270
2450993.640286 -1737.101488 0.519666    -0.909644
2451006.181622 -1724.560152 0.522765    -0.900782
2451018.722959 -1712.018816 0.525864    -0.891679
2451031.264295 -1699.477480 0.528963    -0.882330
2451043.805631 -1686.936144 0.532062    -0.872729
2451056.346967 -1674.394808 0.535161    -0.862872
2451068.888303 -1661.853472 0.538260    -0.852752
2451081.429639 -1649.312136 0.541359    -0.842364
2451093.970975 -1636.770800 0.544458    -0.831701
2451106.512311 -1624.229464 0.547557    -0.820758
2451119.053647 -1611.688128 0.550655    -0.809527
2451131.594983 -1599.146792 0.553754    -0.798002
2451144.136319 -1586.605456 0.556853    -0.786176
2451156.677655 -1574.064120 0.559952    -0.774041
2451169.218991 -1561.522784 0.563051    -0.761589
2451181.760327 -1548.981448 0.566150    -0.748813
2451194.301663 -1536.440112 0.569249    -0.735705
2451206.842999 -1523.898776 0.572348    -0.722256
2451219.384335 -1511.357440 0.575447    -0.708457
2451231.925671 -1498.816104 0.578546    -0.694298
2451244.467007 -1486.274768 0.581645    -0.679771
2451257.008343 -1473.733432 0.584744    -0.664865
2451269.549679 -1461.192096 0.587843    -0.649570
2451282.091015 -1448.650760 0.590942    -0.633875
2451294.632351 -1436.109424 0.594040    -0.617769
2451307.173687 -1423.568088 0.597139    -0.601241
2451319.715023 -1411.026752 0.600238    -0.584278
2451332.256359 -1398.485416 0.603337    -0.566867
2451344.797695 -1385.944080 0.606436    -0.548996
2451357.339031 -1373.402744 0.609535    -0.530652
2451369.880367 -1360.861408 0.612634    -0.511819
2451382.421703 -1348.320072 0.615733    -0.492483
2451394.963039 -1335.778735 0.618832    -0.472630
2451407.504375 -1323.237399 0.621931    -0.452242
2451420.045711 -1310.696063 0.625030    -0.431304
2451432.587047 -1298.154727 0.628129    -0.409798
2451445.128384 -1285.613391 0.631228    -0.387706
2451457.669720 -1273.072055 0.634327    -0.365010
2451470.211056 -1260.530719 0.637425    -0.341690
2451482.752392 -1247.989383 0.640524    -0.317726
2451495.293728 -1235.448047 0.643623    -0.293097
2451507.835064 -1222.906711 0.646722    -0.267781
2451520.376400 -1210.365375 0.649821    -0.241754
2451532.917736 -1197.824039 0.652920    -0.214995
2451545.459072 -1185.282703 0.656019    -0.187477
2451558.000408 -1172.741367 0.659118    -0.159175
2451570.541744 -1160.200031 0.662217    -0.130062
2451583.083080 -1147.658695 0.665316    -0.100112
2451595.624416 -1135.117359 0.668415    -0.069294
2451608.165752 -1122.576023 0.671514    -0.037579
2451620.707088 -1110.034687 0.674613    -0.004937
2451633.248424 -1097.493351 0.677712     0.028666
2451645.789760 -1084.952015 0.680810     0.063263
2451658.331096 -1072.410679 0.683909     0.098887
2451670.872432 -1059.869343 0.687008     0.135575
2451683.413768 -1047.328007 0.690107     0.173364
2451695.955104 -1034.786671 0.693206     0.212291
2451708.496440 -1022.245335 0.696305     0.252396
2451721.037776 -1009.703999 0.699404     0.293718
2451733.579112 -997.162663 0.702503     0.336300
2451746.120448 -984.621327 0.705602     0.380183
2451758.661784 -972.079991 0.708701     0.425411
2451771.203120 -959.538655 0.711800     0.472025
2451783.744456 -946.997319 0.714899     0.520072
2451796.285792 -934.455983 0.717998     0.569595
2451808.827128 -921.914647 0.721097     0.620638
2451821.368464 -909.373310 0.724195     0.673246
2451833.909800 -896.831974 0.727294     0.727461
2451846.451136 -884.290638 0.730393     0.783325
2451858.992472 -871.749302 0.733492     0.840879
2451871.533809 -859.207966 0.736591     0.900159
2451884.075145 -846.666630 0.739690     0.961200
2451896.616481 -834.125294 0.742789     1.024031
2451909.157817 -821.583958 0.745888     1.088678
2451921.699153 -809.042622 0.748987     1.155157
2451934.240489 -796.501286 0.752086     1.223478
2451946.781825 -783.959950 0.755185     1.293641
2451959.323161 -771.418614 0.758284     1.365634
2451971.864497 -758.877278 0.761383     1.439430
2451984.405833 -746.335942 0.764481     1.514987
2451996.947169 -733.794606 0.767580     1.592245
2452009.488505 -721.253270 0.770679     1.671118
2452022.029841 -708.711934 0.773778     1.751499
2452034.571177 -696.170598 0.776877     1.833250
2452047.112513 -683.629262 0.779976     1.916202
2452059.653849 -671.087926 0.783075     2.000149
2452072.195185 -658.546590 0.786174     2.084846
2452084.736521 -646.005254 0.789273     2.170005
2452097.277857 -633.463918 0.792372     2.255292
2452109.819193 -620.922582 0.795471     2.340324
2452122.360529 -608.381246 0.798570     2.424667
2452134.901865 -595.839910 0.801669     2.507839
2452147.443201 -583.298574 0.804768     2.589305
2452159.984537 -570.757238 0.807866     2.668487
2452172.525873 -558.215902 0.810965     2.744761
2452185.067209 -545.674566 0.814064     2.817474
2452197.608545 -533.133230 0.817163     2.885947
2452210.149881 -520.591894 0.820262     2.949490
2452222.691217 -508.050558 0.823361     3.007421
2452235.232553 -495.509222 0.826460     3.059076
2452247.773889 -482.967886 0.829559     3.103837
2452260.315225 -470.426549 0.832658     3.141143
2452272.856561 -457.885213 0.835757     3.170516
2452285.397897 -445.343877 0.838856     3.191573
2452297.939234 -432.802541 0.841955     3.204041
2452310.480570 -420.261205 0.845054     3.207769
2452323.021906 -407.719869 0.848153     3.202704
2452335.563242 -395.178533 0.851251     3.188976
2452348.104578 -382.637197 0.854350     3.166805
2452360.645914 -370.095861 0.857449     3.136529
2452373.187250 -357.554525 0.860548     3.098587
2452385.728586 -345.013189 0.863647     3.053499
2452398.269922 -332.471853 0.866746     3.001857
2452410.811258 -319.930517 0.869845     2.944296
2452423.352594 -307.389181 0.872944     2.881481
2452435.893930 -294.847845 0.876043     2.814089
2452448.435266 -282.306509 0.879142     2.742789
2452460.976602 -269.765173 0.882241     2.668234
2452473.517938 -257.223837 0.885340     2.591047
2452486.059274 -244.682501 0.888439     2.511814
2452498.600610 -232.141165 0.891538     2.431074
2452511.141946 -219.599829 0.894636     2.349324
2452523.683282 -207.058493 0.897735     2.267009
2452536.224618 -194.517157 0.900834     2.184526
2452548.765954 -181.975821 0.903933     2.102223
2452561.307290 -169.434485 0.907032     2.020405
2452573.848626 -156.893149 0.910131     1.939332
2452586.389962 -144.351813 0.913230     1.859225
2452598.931298 -131.810477 0.916329     1.780270
2452611.472634 -119.269141 0.919428     1.702619
2452624.013970 -106.727805 0.922527     1.626394
2452636.555306 -94.186469 0.925626     1.551694
2452649.096642 -81.645133 0.928725     1.478592
2452661.637978 -69.103797 0.931824     1.407145
2452674.179314 -56.562461 0.934923     1.337388
2452686.720650 -44.021124 0.938021     1.269346
2452699.261986 -31.479788 0.941120     1.203029
2452711.803322 -18.938452 0.944219     1.138437
2452724.344658 -6.397116 0.947318     1.075561
2452736.885995 6.144220 0.950417     1.014385
2452749.427331 18.685556 0.953516     0.954886
2452761.968667 31.226892 0.956615     0.897039
2452774.510003 43.768228 0.959714     0.840810
2452787.051339 56.309564 0.962813     0.786168
2452799.592675 68.850900 0.965912     0.733074
2452812.134011 81.392236 0.969011     0.681492
2452824.675347 93.933572 0.972110     0.631382
2452837.216683 106.474908 0.975209     0.582703
2452849.758019 119.016244 0.978308     0.535416
2452862.299355 131.557580 0.981406     0.489480
2452874.840691 144.098916 0.984505     0.444855
2452887.382027 156.640252 0.987604     0.401501
2452899.923363 169.181588 0.990703     0.359378
2452912.464699 181.722924 0.993802     0.318448
2452925.006035 194.264260 0.996901     0.278673
2452937.547371 206.805596 1.000000     0.240017
2452950.088707 219.346932 0.003099     0.202442
2452962.630043 231.888268 0.006198     0.165914
2452975.171379 244.429604 0.009297     0.130399
2452987.712715 256.970940 0.012396     0.095865
2453000.254051 269.512276 0.015495     0.062278
2453012.795387 282.053612 0.018594     0.029609
2453025.336723 294.594948 0.021692    -0.002174
2453037.878059 307.136284 0.024791    -0.033097
2453050.419395 319.677620 0.027890    -0.063190
2453062.960731 332.218956 0.030989    -0.092479
2453075.502067 344.760292 0.034088    -0.120989
2453088.043403 357.301628 0.037187    -0.148747
2453100.584739 369.842964 0.040286    -0.175775
2453113.126075 382.384301 0.043385    -0.202097
2453125.667411 394.925637 0.046484    -0.227735
2453138.208747 407.466973 0.049583    -0.252710
2453150.750083 420.008309 0.052682    -0.277043
2453163.291420 432.549645 0.055781    -0.300754
2453175.832756 445.090981 0.058880    -0.323861
2453188.374092 457.632317 0.061979    -0.346384
2453200.915428 470.173653 0.065077    -0.368339
2453213.456764 482.714989 0.068176    -0.389743
2453225.998100 495.256325 0.071275    -0.410613
2453238.539436 507.797661 0.074374    -0.430965
2453251.080772 520.338997 0.077473    -0.450813
2453263.622108 532.880333 0.080572    -0.470173
2453276.163444 545.421669 0.083671    -0.489057
2453288.704780 557.963005 0.086770    -0.507479
2453301.246116 570.504341 0.089869    -0.525453
2453313.787452 583.045677 0.092968    -0.542990
2453326.328788 595.587013 0.096067    -0.560103
2453338.870124 608.128349 0.099166    -0.576803
2453351.411460 620.669685 0.102265    -0.593101
2453363.952796 633.211021 0.105364    -0.609008
2453376.494132 645.752357 0.108462    -0.624535
2453389.035468 658.293693 0.111561    -0.639690
2453401.576804 670.835029 0.114660    -0.654483
2453414.118140 683.376365 0.117759    -0.668925
2453426.659476 695.917701 0.120858    -0.683023
2453439.200812 708.459037 0.123957    -0.696785
2453451.742148 721.000373 0.127056    -0.710222
2453464.283484 733.541709 0.130155    -0.723339
2453476.824820 746.083045 0.133254    -0.736145
2453489.366156 758.624381 0.136353    -0.748647
2453501.907492 771.165717 0.139452    -0.760853
2453514.448828 783.707053 0.142551    -0.772768
2453526.990164 796.248389 0.145650    -0.784400
2453539.531500 808.789726 0.148749    -0.795755
2453552.072836 821.331062 0.151847    -0.806839
2453564.614172 833.872398 0.154946    -0.817658
2453577.155508 846.413734 0.158045    -0.828218
2453589.696845 858.955070 0.161144    -0.838524
2453602.238181 871.496406 0.164243    -0.848581
2453614.779517 884.037742 0.167342    -0.858395
2453627.320853 896.579078 0.170441    -0.867971
2453639.862189 909.120414 0.173540    -0.877312
2453652.403525 921.661750 0.176639    -0.886425
2453664.944861 934.203086 0.179738    -0.895313
2453677.486197 946.744422 0.182837    -0.903981
2453690.027533 959.285758 0.185936    -0.912432
2453702.568869 971.827094 0.189035    -0.920671
2453715.110205 984.368430 0.192134    -0.928702
2453727.651541 996.909766 0.195232    -0.936528
2453740.192877 1009.451102 0.198331    -0.944153
2453752.734213 1021.992438 0.201430    -0.951580
2453765.275549 1034.533774 0.204529    -0.958813
2453777.816885 1047.075110 0.207628    -0.965855
2453790.358221 1059.616446 0.210727    -0.972708
2453802.899557 1072.157782 0.213826    -0.979377
2453815.440893 1084.699118 0.216925    -0.985863
2453827.982229 1097.240454 0.220024    -0.992170
2453840.523565 1109.781790 0.223123    -0.998300
2453853.064901 1122.323126 0.226222    -1.004256
2453865.606237 1134.864462 0.229321    -1.010040
2453878.147573 1147.405798 0.232420    -1.015655
2453890.688909 1159.947134 0.235519    -1.021102
2453903.230245 1172.488470 0.238617    -1.026385
2453915.771581 1185.029806 0.241716    -1.031506
2453928.312917 1197.571142 0.244815    -1.036465
2453940.854253 1210.112478 0.247914    -1.041266
2453953.395589 1222.653814 0.251013    -1.045910
2453965.936925 1235.195151 0.254112    -1.050399
2453978.478261 1247.736487 0.257211    -1.054734
2453991.019597 1260.277823 0.260310    -1.058918
2454003.560933 1272.819159 0.263409    -1.062952
2454016.102270 1285.360495 0.266508    -1.066838
2454028.643606 1297.901831 0.269607    -1.070576
2454041.184942 1310.443167 0.272706    -1.074168
2454053.726278 1322.984503 0.275805    -1.077616
2454066.267614 1335.525839 0.278903    -1.080921
2454078.808950 1348.067175 0.282002    -1.084084
2454091.350286 1360.608511 0.285101    -1.087106
2454103.891622 1373.149847 0.288200    -1.089988
2454116.432958 1385.691183 0.291299    -1.092732
2454128.974294 1398.232519 0.294398    -1.095337
2454141.515630 1410.773855 0.297497    -1.097806
2454154.056966 1423.315191 0.300596    -1.100138
2454166.598302 1435.856527 0.303695    -1.102335
2454179.139638 1448.397863 0.306794    -1.104397
2454191.680974 1460.939199 0.309893    -1.106326
2454204.222310 1473.480535 0.312992    -1.108121
2454216.763646 1486.021871 0.316091    -1.109783
2454229.304982 1498.563207 0.319190    -1.111313
2454241.846318 1511.104543 0.322288    -1.112711
2454254.387654 1523.645879 0.325387    -1.113978
2454266.928990 1536.187215 0.328486    -1.115113
2454279.470326 1548.728551 0.331585    -1.116118
2454292.011662 1561.269887 0.334684    -1.116992
2454304.552998 1573.811223 0.337783    -1.117736
2454317.094334 1586.352559 0.340882    -1.118350
2454329.635670 1598.893895 0.343981    -1.118835
2454342.177006 1611.435231 0.347080    -1.119188
2454354.718342 1623.976567 0.350179    -1.119411
2454367.259678 1636.517903 0.353278    -1.119503
2454379.801014 1649.059239 0.356377    -1.119466
2454392.342350 1661.600576 0.359476    -1.119297
2454404.883686 1674.141912 0.362575    -1.118999
2454417.425022 1686.683248 0.365673    -1.118569
2454429.966358 1699.224584 0.368772    -1.118008
2454442.507695 1711.765920 0.371871    -1.117316
2454455.049031 1724.307256 0.374970    -1.116491
2454467.590367 1736.848592 0.378069    -1.115534
2454480.131703 1749.389928 0.381168    -1.114444
2454492.673039 1761.931264 0.384267    -1.113221
2454505.214375 1774.472600 0.387366    -1.111863
2454517.755711 1787.013936 0.390465    -1.110370
2454530.297047 1799.555272 0.393564    -1.108742
2454542.838383 1812.096608 0.396663    -1.106977
2454555.379719 1824.637944 0.399762    -1.105075
2454567.921055 1837.179280 0.402861    -1.103034
2454580.462391 1849.720616 0.405960    -1.100854
2454593.003727 1862.261952 0.409058    -1.098534
2454605.545063 1874.803288 0.412157    -1.096073
2454618.086399 1887.344624 0.415256    -1.093469
2454630.627735 1899.885960 0.418355    -1.090722
2454643.169071 1912.427296 0.421454    -1.087829
2454655.710407 1924.968632 0.424553    -1.084790
2454668.251743 1937.509968 0.427652    -1.081603
2454680.793079 1950.051304 0.430751    -1.078267
2454693.334415 1962.592640 0.433850    -1.074780
2454705.875751 1975.133976 0.436949    -1.071141
2454718.417087 1987.675312 0.440048    -1.067347
2454730.958423 2000.216648 0.443147    -1.063398
2454743.499759 2012.757984 0.446246    -1.059291
2454756.041095 -2021.692885 0.449345    -1.055023
2454768.582431 -2009.151549 0.452443    -1.050595
2454781.123767 -1996.610213 0.455542    -1.046002
2454793.665103 -1984.068876 0.458641    -1.041243
2454806.206439 -1971.527540 0.461740    -1.036316
2454818.747775 -1958.986204 0.464839    -1.031218
2454831.289111 -1946.444868 0.467938    -1.025948
2454843.830447 -1933.903532 0.471037    -1.020501
2454856.371783 -1921.362196 0.474136    -1.014876
2454868.913120 -1908.820860 0.477235    -1.009070
2454881.454456 -1896.279524 0.480334    -1.003080
2454893.995792 -1883.738188 0.483433    -0.996902
2454906.537128 -1871.196852 0.486532    -0.990535
2454919.078464 -1858.655516 0.489631    -0.983975
2454931.619800 -1846.114180 0.492729    -0.977218
2454944.161136 -1833.572844 0.495828    -0.970260
2454956.702472 -1821.031508 0.498927    -0.963100
2454969.243808 -1808.490172 0.502026    -0.955731
2454981.785144 -1795.948836 0.505125    -0.948152
2454994.326480 -1783.407500 0.508224    -0.940358
2455006.867816 -1770.866164 0.511323    -0.932344
2455019.409152 -1758.324828 0.514422    -0.924106
2455031.950488 -1745.783492 0.517521    -0.915641
2455044.491824 -1733.242156 0.520620    -0.906942
2455057.033160 -1720.700820 0.523719    -0.898006
2455069.574496 -1708.159484 0.526818    -0.888828
2455082.115832 -1695.618148 0.529917    -0.879402
2455094.657168 -1683.076812 0.533016    -0.869723
2455107.198504 -1670.535476 0.536114    -0.859786
2455119.739840 -1657.994140 0.539213    -0.849584
2455132.281176 -1645.452804 0.542312    -0.839112
2455144.822512 -1632.911468 0.545411    -0.828364
2455157.363848 -1620.370132 0.548510    -0.817333
2455169.905184 -1607.828796 0.551609    -0.806012
2455182.446520 -1595.287460 0.554708    -0.794395
2455194.987856 -1582.746124 0.557807    -0.782475
2455207.529192 -1570.204788 0.560906    -0.770243
2455220.070528 -1557.663452 0.564005    -0.757693
2455232.611864 -1545.122115 0.567104    -0.744815
2455245.153200 -1532.580779 0.570203    -0.731603
2455257.694536 -1520.039443 0.573302    -0.718047
2455270.235872 -1507.498107 0.576401    -0.704138
2455282.777208 -1494.956771 0.579499    -0.689867
2455295.318545 -1482.415435 0.582598    -0.675225
2455307.859881 -1469.874099 0.585697    -0.660200
2455320.401217 -1457.332763 0.588796    -0.644783
2455332.942553 -1444.791427 0.591895    -0.628963
2455345.483889 -1432.250091 0.594994    -0.612729
2455358.025225 -1419.708755 0.598093    -0.596068
2455370.566561 -1407.167419 0.601192    -0.578968
2455383.107897 -1394.626083 0.604291    -0.561418
2455395.649233 -1382.084747 0.607390    -0.543402
2455408.190569 -1369.543411 0.610489    -0.524909
2455420.731905 -1357.002075 0.613588    -0.505923
2455433.273241 -1344.460739 0.616687    -0.486430
2455445.814577 -1331.919403 0.619786    -0.466414
2455458.355913 -1319.378067 0.622884    -0.445858
2455470.897249 -1306.836731 0.625983    -0.424747
2455483.438585 -1294.295395 0.629082    -0.403063
2455495.979921 -1281.754059 0.632181    -0.380787
2455508.521257 -1269.212723 0.635280    -0.357901
2455521.062593 -1256.671387 0.638379    -0.334385
2455533.603929 -1244.130051 0.641478    -0.310219
2455546.145265 -1231.588715 0.644577    -0.285381
2455558.686601 -1219.047379 0.647676    -0.259848
2455571.227937 -1206.506043 0.650775    -0.233599
2455583.769273 -1193.964707 0.653874    -0.206609
2455596.310609 -1181.423371 0.656973    -0.178852
2455608.851945 -1168.882035 0.660072    -0.150304
2455621.393281 -1156.340699 0.663171    -0.120936
2455633.934617 -1143.799363 0.666269    -0.090722
2455646.475953 -1131.258027 0.669368    -0.059632
2455659.017289 -1118.716690 0.672467    -0.027635
2455671.558625 -1106.175354 0.675566     0.005300
2455684.099961 -1093.634018 0.678665     0.039205
2455696.641297 -1081.092682 0.681764     0.074114
2455709.182633 -1068.551346 0.684863     0.110062
2455721.723970 -1056.010010 0.687962     0.147085
2455734.265306 -1043.468674 0.691061     0.185220
2455746.806642 -1030.927338 0.694160     0.224505
2455759.347978 -1018.386002 0.697259     0.264980
2455771.889314 -1005.844666 0.700358     0.306686
2455784.430650 -993.303330 0.703457     0.349664
2455796.971986 -980.761994 0.706556     0.393956
2455809.513322 -968.220658 0.709654     0.439605
2455822.054658 -955.679322 0.712753     0.486656
2455834.595994 -943.137986 0.715852     0.535153
2455847.137330 -930.596650 0.718951     0.585139
2455859.678666 -918.055314 0.722050     0.636659
2455872.220002 -905.513978 0.725149     0.689756
2455884.761338 -892.972642 0.728248     0.744475
2455897.302674 -880.431306 0.731347     0.800854
2455909.844010 -867.889970 0.734446     0.858935
2455922.385346 -855.348634 0.737545     0.918754
2455934.926682 -842.807298 0.740644     0.980343
2455947.468018 -830.265962 0.743743     1.043731
2455960.009354 -817.724626 0.746842     1.108940
2455972.550690 -805.183290 0.749940     1.175985
2455985.092026 -792.641954 0.753039     1.244873
2455997.633362 -780.100618 0.756138     1.315601
2456010.174698 -767.559282 0.759237     1.388152
2456022.716034 -755.017946 0.762336     1.462496
2456035.257370 -742.476610 0.765435     1.538584
2456047.798706 -729.935274 0.768534     1.616349
2456060.340042 -717.393938 0.771633     1.695699
2456072.881378 -704.852602 0.774732     1.776518
2456085.422714 -692.311265 0.777831     1.858658
2456097.964050 -679.769929 0.780930     1.941940
2456110.505386 -667.228593 0.784029     2.026146
2456123.046722 -654.687257 0.787128     2.111018
2456135.588058 -642.145921 0.790227     2.196254
2456148.129394 -629.604585 0.793325     2.281505
2456160.670731 -617.063249 0.796424     2.366374
2456173.212067 -604.521913 0.799523     2.450410
2456185.753403 -591.980577 0.802622     2.533116
2456198.294739 -579.439241 0.805721     2.613943
2456210.836075 -566.897905 0.808820     2.692298
2456223.377411 -554.356569 0.811919     2.767548
2456235.918747 -541.815233 0.815018     2.839029
2456248.460083 -529.273897 0.818117     2.906058
2456261.001419 -516.732561 0.821216     2.967946
2456273.542755 -504.191225 0.824315     3.024015
2456286.084091 -491.649889 0.827414     3.073612
2456298.625427 -479.108553 0.830513     3.116135
2456311.166763 -466.567217 0.833612     3.151047
2456323.708099 -454.025881 0.836710     3.177897
2456336.249435 -441.484545 0.839809     3.196334
2456348.790771 -428.943209 0.842908     3.206123
2456361.332107 -416.401873 0.846007     3.207142
2456373.873443 -403.860537 0.849106     3.199395
2456386.414779 -391.319201 0.852205     3.183039
2456398.956115 -378.777865 0.855304     3.158333
2456411.497451 -366.236529 0.858403     3.125647
2456424.038787 -353.695193 0.861502     3.085447
2456436.580123 -341.153857 0.864601     3.038277
2456449.121459 -328.612521 0.867700     2.984744
2456461.662795 -316.071185 0.870799     2.925494
2456474.204131 -303.529849 0.873898     2.861199
2456486.745467 -290.988513 0.876997     2.792533
2456499.286803 -278.447177 0.880095     2.720163
2456511.828139 -265.905840 0.883194     2.644734
2456524.369475 -253.364504 0.886293     2.566857
2456536.910811 -240.823168 0.889392     2.487104
2456549.452147 -228.281832 0.892491     2.406004
2456561.993483 -215.740496 0.895590     2.324034
2456574.534819 -203.199160 0.898689     2.241627
2456587.076156 -190.657824 0.901788     2.159164
2456599.617492 -178.116488 0.904887     2.076981
2456612.158828 -165.575152 0.907986     1.995366
2456624.700164 -153.033816 0.911085     1.914568
2456637.241500 -140.492480 0.914184     1.834798
2456649.782836 -127.951144 0.917283     1.756229
2456662.324172 -115.409808 0.920382     1.679005
2456674.865508 -102.868472 0.923480     1.603240
2456687.406844 -90.327136 0.926579     1.529025
2456699.948180 -77.785800 0.929678     1.456428
2456712.489516 -65.244464 0.932777     1.385497
2456725.030852 -52.703128 0.935876     1.316266
2456737.572188 -40.161792 0.938975     1.248755
2456750.113524 -27.620456 0.942074     1.182969
2456762.654860 -15.079120 0.945173     1.118906
2456775.196196 -2.537784 0.948272     1.056555
2456787.737532 10.003552 0.951371     0.995898
2456800.278868 22.544888 0.954470     0.936911
2456812.820204 35.086224 0.957569     0.879565
2456825.361540 47.627560 0.960668     0.823828
2456837.902876 60.168896 0.963766     0.769666
2456850.444212 72.710232 0.966865     0.717042
2456862.985548 85.251568 0.969964     0.665917
2456875.526884 97.792904 0.973063     0.616251
2456888.068220 110.334240 0.976162     0.568005
2456900.609556 122.875576 0.979261     0.521139
2456913.150892 135.416912 0.982360     0.475610
2456925.692228 147.958248 0.985459     0.431380
2456938.233564 160.499585 0.988558     0.388409
2456950.774900 173.040921 0.991657     0.346658
2456963.316236 185.582257 0.994756     0.306087
2456975.857572 198.123593 0.997855     0.266660
2456988.398908 210.664929 0.000954     0.228340
2457000.940244 223.206265 0.004053     0.191091
2457013.481581 235.747601 0.007151     0.154879
2457026.022917 248.288937 0.010250     0.119669
2457038.564253 260.830273 0.013349     0.085430
2457051.105589 273.371609 0.016448     0.052128
2457063.646925 285.912945 0.019547     0.019735
2457076.188261 298.454281 0.022646    -0.011780
2457088.729597 310.995617 0.025745    -0.042445
2457101.270933 323.536953 0.028844    -0.072287
2457113.812269 336.078289 0.031943    -0.101334
2457126.353605 348.619625 0.035042    -0.129610
2457138.894941 361.160961 0.038141    -0.157141
2457151.436277 373.702297 0.041240    -0.183949
2457163.977613 386.243633 0.044339    -0.210058
2457176.518949 398.784969 0.047438    -0.235490
2457189.060285 411.326305 0.050536    -0.260265
2457201.601621 423.867641 0.053635    -0.284405
2457214.142957 436.408977 0.056734    -0.307928
2457226.684293 448.950313 0.059833    -0.330854
2457239.225629 461.491649 0.062932    -0.353200
2457251.766965 474.032985 0.066031    -0.374983
2457264.308301 486.574321 0.069130    -0.396222
2457276.849637 499.115657 0.072229    -0.416931
2457289.390973 511.656993 0.075328    -0.437126
2457301.932309 524.198329 0.078427    -0.456822
2457314.473645 536.739665 0.081526    -0.476034
2457327.014981 549.281001 0.084625    -0.494774
2457339.556317 561.822337 0.087724    -0.513057
2457352.097653 574.363673 0.090823    -0.530895
2457364.638989 586.905010 0.093921    -0.548301
2457377.180325 599.446346 0.097020    -0.565286
2457389.721661 611.987682 0.100119    -0.581861
2457402.262997 624.529018 0.103218    -0.598038
2457414.804333 637.070354 0.106317    -0.613826
2457427.345669 649.611690 0.109416    -0.629237
2457439.887006 662.153026 0.112515    -0.644280
2457452.428342 674.694362 0.115614    -0.658964
2457464.969678 687.235698 0.118713    -0.673299
2457477.511014 699.777034 0.121812    -0.687293
2457490.052350 712.318370 0.124911    -0.700955
2457502.593686 724.859706 0.128010    -0.714292
2457515.135022 737.401042 0.131109    -0.727313
2457527.676358 749.942378 0.134208    -0.740024
2457540.217694 762.483714 0.137306    -0.752434
2457552.759030 775.025050 0.140405    -0.764550
2457565.300366 787.566386 0.143504    -0.776377
2457577.841702 800.107722 0.146603    -0.787923
2457590.383038 812.649058 0.149702    -0.799194
2457602.924374 825.190394 0.152801    -0.810196
2457615.465710 837.731730 0.155900    -0.820935
2457628.007046 850.273066 0.158999    -0.831416
2457640.548382 862.814402 0.162098    -0.841645
2457653.089718 875.355738 0.165197    -0.851627
2457665.631054 887.897074 0.168296    -0.861367
2457678.172390 900.438410 0.171395    -0.870870
2457690.713726 912.979746 0.174494    -0.880141
2457703.255062 925.521082 0.177593    -0.889184
2457715.796398 938.062418 0.180691    -0.898004
2457728.337734 950.603754 0.183790    -0.906604
2457740.879070 963.145090 0.186889    -0.914990
2457753.420406 975.686426 0.189988    -0.923165
2457765.961742 988.227762 0.193087    -0.931132
2457778.503078 1000.769098 0.196186    -0.938896
2457791.044414 1013.310435 0.199285    -0.946459
2457803.585750 1025.851771 0.202384    -0.953826
2457816.127086 1038.393107 0.205483    -0.961000
2457828.668422 1050.934443 0.208582    -0.967984
2457841.209758 1063.475779 0.211681    -0.974780
2457853.751094 1076.017115 0.214780    -0.981392
2457866.292431 1088.558451 0.217879    -0.987823
2457878.833767 1101.099787 0.220977    -0.994075
2457891.375103 1113.641123 0.224076    -1.000151
2457903.916439 1126.182459 0.227175    -1.006054
2457916.457775 1138.723795 0.230274    -1.011786
2457928.999111 1151.265131 0.233373    -1.017349
2457941.540447 1163.806467 0.236472    -1.022746
2457954.081783 1176.347803 0.239571    -1.027978
2457966.623119 1188.889139 0.242670    -1.033049
2457979.164455 1201.430475 0.245769    -1.037959
2457991.705791 1213.971811 0.248868    -1.042712
2458004.247127 1226.513147 0.251967    -1.047308
2458016.788463 1239.054483 0.255066    -1.051749
2458029.329799 1251.595819 0.258165    -1.056038
2458041.871135 1264.137155 0.261264    -1.060176
2458054.412471 1276.678491 0.264362    -1.064164
2458066.953807 1289.219827 0.267461    -1.068004
2458079.495143 1301.761163 0.270560    -1.071697
2458092.036479 1314.302499 0.273659    -1.075245
2458104.577815 1326.843835 0.276758    -1.078649
2458117.119151 1339.385171 0.279857    -1.081910
2458129.660487 1351.926507 0.282956    -1.085029
2458142.201823 1364.467843 0.286055    -1.088008
2458154.743159 1377.009179 0.289154    -1.090847
2458167.284495 1389.550515 0.292253    -1.093548
2458179.825831 1402.091851 0.295352    -1.096111
2458192.367167 1414.633187 0.298451    -1.098538
2458204.908503 1427.174523 0.301550    -1.100829
2458217.449839 1439.715859 0.304649    -1.102984
2458229.991175 1452.257196 0.307747    -1.105005
2458242.532511 1464.798532 0.310846    -1.106892
2458255.073847 1477.339868 0.313945    -1.108647
2458267.615183 1489.881204 0.317044    -1.110268
2458280.156519 1502.422540 0.320143    -1.111757
2458292.697856 1514.963876 0.323242    -1.113115
2458305.239192 1527.505212 0.326341    -1.114341
2458317.780528 1540.046548 0.329440    -1.115436
2458330.321864 1552.587884 0.332539    -1.116401
2458342.863200 1565.129220 0.335638    -1.117235
2458355.404536 1577.670556 0.338737    -1.117939
2458367.945872 1590.211892 0.341836    -1.118512
2458380.487208 1602.753228 0.344935    -1.118958
2458393.028544 1615.294564 0.348034    -1.119270
2458405.569880 1627.835900 0.351132    -1.119453
2458418.111216 1640.377236 0.354231    -1.119506
2458430.652552 1652.918572 0.357330    -1.119428
2458443.193888 1665.459908 0.360429    -1.119219
2458455.735224 1678.001244 0.363528    -1.118880
2458468.276560 1690.542580 0.366627    -1.118410
2458480.817896 1703.083916 0.369726    -1.117809
2458493.359232 1715.625252 0.372825    -1.117076
2458505.900568 1728.166588 0.375924    -1.116211
2458518.441904 1740.707924 0.379023    -1.115213
2458530.983240 1753.249260 0.382122    -1.114082
2458543.524576 1765.790596 0.385221    -1.112817
2458556.065912 1778.331932 0.388320    -1.111418
2458568.607248 1790.873268 0.391419    -1.109883
2458581.148584 1803.414604 0.394517    -1.108213
2458593.689920 1815.955940 0.397616    -1.106406
2458606.231256 1828.497276 0.400715    -1.104461
2458618.772592 1841.038612 0.403814    -1.102378
2458631.313928 1853.579948 0.406913    -1.100155
2458643.855264 1866.121284 0.410012    -1.097792
2458656.396600 1878.662621 0.413111    -1.095287
2458668.937936 1891.203957 0.416210    -1.092639
2458681.479272 1903.745293 0.419309    -1.089847
2458694.020608 1916.286629 0.422408    -1.086909
2458706.561944 1928.827965 0.425507    -1.083825
2458719.103281 1941.369301 0.428606    -1.080593
2458731.644617 1953.910637 0.431705    -1.077210
2458744.185953 1966.451973 0.434804    -1.073677
2458756.727289 1978.993309 0.437902    -1.069990
2458769.268625 1991.534645 0.441001    -1.066149
2458781.809961 2004.075981 0.444100    -1.062151
2458794.351297 2016.617317 0.447199    -1.057995
2458806.892633 -2017.833552 0.450298    -1.053678
2458819.433969 -2005.292216 0.453397    -1.049199
2458831.975305 -1992.750880 0.456496    -1.044555
2458844.516641 -1980.209544 0.459595    -1.039745
2458857.057977 -1967.668208 0.462694    -1.034766
2458869.599313 -1955.126872 0.465793    -1.029615
2458882.140649 -1942.585536 0.468892    -1.024290
2458894.681985 -1930.044200 0.471991    -1.018789
2458907.223321 -1917.502864 0.475090    -1.013109
2458919.764657 -1904.961528 0.478188    -1.007246
2458932.305993 -1892.420192 0.481287    -1.001199
2458944.847329 -1879.878856 0.484386    -0.994963
2458957.388665 -1867.337520 0.487485    -0.988537
2458969.930001 -1854.796184 0.490584    -0.981916
2458982.471337 -1842.254848 0.493683    -0.975098
2458995.012673 -1829.713512 0.496782    -0.968079
2459007.554009 -1817.172176 0.499881    -0.960854
2459020.095345 -1804.630840 0.502980    -0.953422
2459032.636681 -1792.089504 0.506079    -0.945777
2459045.178017 -1779.548168 0.509178    -0.937915
2459057.719353 -1767.006831 0.512277    -0.929833
2459070.260689 -1754.465495 0.515376    -0.921526
2459082.802025 -1741.924159 0.518475    -0.912989
2459095.343361 -1729.382823 0.521573    -0.904218
2459107.884697 -1716.841487 0.524672    -0.895208
2459120.426033 -1704.300151 0.527771    -0.885954
2459132.967369 -1691.758815 0.530870    -0.876451
2459145.508706 -1679.217479 0.533969    -0.866693
2459158.050042 -1666.676143 0.537068    -0.856675
2459170.591378 -1654.134807 0.540167    -0.846391
2459183.132714 -1641.593471 0.543266    -0.835835
2459195.674050 -1629.052135 0.546365    -0.825000
2459208.215386 -1616.510799 0.549464    -0.813880
2459220.756722 -1603.969463 0.552563    -0.802469
2459233.298058 -1591.428127 0.555662    -0.790760
2459245.839394 -1578.886791 0.558761    -0.778744
2459258.380730 -1566.345455 0.561860    -0.766415
2459270.922066 -1553.804119 0.564958    -0.753765
2459283.463402 -1541.262783 0.568057    -0.740786
2459296.004738 -1528.721447 0.571156    -0.727469
2459308.546074 -1516.180111 0.574255    -0.713805
2459321.087410 -1503.638775 0.577354    -0.699786
2459333.628746 -1491.097439 0.580453    -0.685402
2459346.170082 -1478.556103 0.583552    -0.670642
2459358.711418 -1466.014767 0.586651    -0.655498
2459371.252754 -1453.473431 0.589750    -0.639958
2459383.794090 -1440.932095 0.592849    -0.624012
2459396.335426 -1428.390759 0.595948    -0.607648
2459408.876762 -1415.849423 0.599047    -0.590853
2459421.418098 -1403.308087 0.602146    -0.573616
2459433.959434 -1390.766751 0.605245    -0.555924
2459446.500770 -1378.225415 0.608343    -0.537763
2459459.042106 -1365.684079 0.611442    -0.519120
2459471.583442 -1353.142743 0.614541    -0.499979
2459484.124778 -1340.601406 0.617640    -0.480327
2459496.666114 -1328.060070 0.620739    -0.460146
2459509.207450 -1315.518734 0.623838    -0.439422
2459521.748786 -1302.977398 0.626937    -0.418136
2459534.290122 -1290.436062 0.630036    -0.396272
2459546.831458 -1277.894726 0.633135    -0.373811
2459559.372794 -1265.353390 0.636234    -0.350733
2459571.914130 -1252.812054 0.639333    -0.327019
2459584.455467 -1240.270718 0.642432    -0.302648
2459596.996803 -1227.729382 0.645531    -0.277598
2459609.538139 -1215.188046 0.648630    -0.251848
2459622.079475 -1202.646710 0.651728    -0.225373
2459634.620811 -1190.105374 0.654827    -0.198150
2459647.162147 -1177.564038 0.657926    -0.170153
2459659.703483 -1165.022702 0.661025    -0.141355
2459672.244819 -1152.481366 0.664124    -0.111730
2459684.786155 -1139.940030 0.667223    -0.081249
2459697.327491 -1127.398694 0.670322    -0.049883
2459709.868827 -1114.857358 0.673421    -0.017601
2459722.410163 -1102.316022 0.676520     0.015629
2459734.951499 -1089.774686 0.679619     0.049839
2459747.492835 -1077.233350 0.682718     0.085064
2459760.034171 -1064.692014 0.685817     0.121339
2459772.575507 -1052.150678 0.688916     0.158700
2459785.116843 -1039.609342 0.692014     0.197184
2459797.658179 -1027.068006 0.695113     0.236832
2459810.199515 -1014.526670 0.698212     0.277681
2459822.740851 -1001.985334 0.701311     0.319774
2459835.282187 -989.443998 0.704410     0.363152
2459847.823523 -976.902662 0.707509     0.407857
2459860.364859 -964.361326 0.710608     0.453933
2459872.906195 -951.819990 0.713707     0.501424
2459885.447531 -939.278654 0.716806     0.550374
2459897.988867 -926.737318 0.719905     0.600827
2459910.530203 -914.195981 0.723004     0.652828
2459923.071539 -901.654645 0.726103     0.706420
2459935.612875 -889.113309 0.729202     0.761645
2459948.154211 -876.571973 0.732301     0.818545
2459960.695547 -864.030637 0.735399     0.877157
2459973.236883 -851.489301 0.738498     0.937517
2459985.778219 -838.947965 0.741597     0.999657
2459998.319555 -826.406629 0.744696     1.063603
2460010.860892 -813.865293 0.747795     1.129375
2460023.402228 -801.323957 0.750894     1.196988
2460035.943564 -788.782621 0.753993     1.266443
2460048.484900 -776.241285 0.757092     1.337734
2460061.026236 -763.699949 0.760191     1.410841
2460073.567572 -751.158613 0.763290     1.485727
2460086.108908 -738.617277 0.766389     1.562340
2460098.650244 -726.075941 0.769488     1.640603
2460111.191580 -713.534605 0.772587     1.720419
2460123.732916 -700.993269 0.775686     1.801662
2460136.274252 -688.451933 0.778784     1.884174
2460148.815588 -675.910597 0.781883     1.967765
2460161.356924 -663.369261 0.784982     2.052205
2460173.898260 -650.827925 0.788081     2.137224
2460186.439596 -638.286589 0.791180     2.222504
2460198.980932 -625.745253 0.794279     2.307682
2460211.522268 -613.203917 0.797378     2.392345
2460224.063604 -600.662581 0.800477     2.476028
2460236.604940 -588.121245 0.803576     2.558216
2460249.146276 -575.579909 0.806675     2.638347
2460261.687612 -563.038573 0.809774     2.715815
2460274.228948 -550.497237 0.812873     2.789977
2460286.770284 -537.955901 0.815972     2.860162
2460299.311620 -525.414565 0.819071     2.925682
2460311.852956 -512.873229 0.822169     2.985851
2460324.394292 -500.331893 0.825268     3.039996
2460336.935628 -487.790556 0.828367     3.087478
2460349.476964 -475.249220 0.831466     3.127712
2460362.018300 -462.707884 0.834565     3.160187
2460374.559636 -450.166548 0.837664     3.184480
2460387.100972 -437.625212 0.840763     3.200275
2460399.642308 -425.083876 0.843862     3.207385
2460412.183644 -412.542540 0.846961     3.205685
2460424.724980 -400.001204 0.850060     3.195269
2460437.266317 -387.459868 0.853159     3.176311
2460449.807653 -374.918532 0.856258     3.149105
2460462.348989 -362.377196 0.859357     3.114053
2460474.890325 -349.835860 0.862456     3.071646
2460487.431661 -337.294524 0.865554     3.022452
2460499.972997 -324.753188 0.868653     2.967089
2460512.514333 -312.211852 0.871752     2.906215
2460525.055669 -299.670516 0.874851     2.840503
2460537.597005 -287.129180 0.877950     2.770627
2460550.138341 -274.587844 0.881049     2.697248
2460562.679677 -262.046508 0.884148     2.621002
2460575.221013 -249.505172 0.887247     2.542489
2460587.762349 -236.963836 0.890346     2.462268
2460600.303685 -224.422500 0.893445     2.380851
2460612.845021 -211.881164 0.896544     2.298703
2460625.386357 -199.339828 0.899643     2.216241
2460637.927693 -186.798492 0.902742     2.133830
2460650.469029 -174.257156 0.905841     2.051792
2460663.010365 -161.715820 0.908939     1.970405
2460675.551701 -149.174484 0.912038     1.889903
2460688.093037 -136.633148 0.915137     1.810485
2460700.634373 -124.091812 0.918236     1.732316
2460713.175709 -111.550476 0.921335     1.655530
2460725.717045 -99.009140 0.924434     1.580234
2460738.258381 -86.467804 0.927533     1.506510
2460750.799717 -73.926468 0.930632     1.434421
2460763.341053 -61.385131 0.933731     1.364011
2460775.882389 -48.843795 0.936830     1.295307
2460788.423725 -36.302459 0.939929     1.228327
2460800.965061 -23.761123 0.943028     1.163072
2460813.506397 -11.219787 0.946127     1.099537
2460826.047733 1.321549 0.949225     1.037710
2460838.589069 13.862885 0.952324     0.977569
2460851.130405 26.404221 0.955423     0.919090
2460863.671742 38.945557 0.958522     0.862243
2460876.213078 51.486893 0.961621     0.806995
2460888.754414 64.028229 0.964720     0.753310
2460901.295750 76.569565 0.967819     0.701151
2460913.837086 89.110901 0.970918     0.650480
2460926.378422 101.652237 0.974017     0.601255
2460938.919758 114.193573 0.977116     0.553438
2460951.461094 126.734909 0.980215     0.506987
2460964.002430 139.276245 0.983314     0.461863
2460976.543766 151.817581 0.986413     0.418025
2460989.085102 164.358917 0.989512     0.375433
2461001.626438 176.900253 0.992610     0.334049
2461014.167774 189.441589 0.995709     0.293834
2461026.709110 201.982925 0.998808     0.254752
2461039.250446 214.524261 0.001907     0.216765
2461051.791782 227.065597 0.005006     0.179839
2461064.333118 239.606933 0.008105     0.143939
2461076.874454 252.148269 0.011204     0.109031
2461089.415790 264.689605 0.014303     0.075083
2461101.957126 277.230941 0.017402     0.042065
2461114.498462 289.772277 0.020501     0.009945
2461127.039798 302.313613 0.023600    -0.021306
2461139.581134 314.854949 0.026699    -0.051715
2461152.122470 327.396285 0.029798    -0.081309
2461164.663806 339.937621 0.032897    -0.110116
2461177.205142 352.478957 0.035995    -0.138160
2461189.746478 365.020293 0.039094    -0.165466
2461202.287814 377.561630 0.042193    -0.192057
2461214.829150 390.102966 0.045292    -0.217955
2461227.370486 402.644302 0.048391    -0.243183
2461239.911822 415.185638 0.051490    -0.267761
2461252.453158 427.726974 0.054589    -0.291708
2461264.994494 440.268310 0.057688    -0.315046
2461277.535830 452.809646 0.060787    -0.337791
2461290.077167 465.350982 0.063886    -0.359962
2461302.618503 477.892318 0.066985    -0.381576
2461315.159839 490.433654 0.070084    -0.402650
2461327.701175 502.974990 0.073183    -0.423200
2461340.242511 515.516326 0.076282    -0.443240
2461352.783847 528.057662 0.079380    -0.462785
2461365.325183 540.598998 0.082479    -0.481850
2461377.866519 553.140334 0.085578    -0.500449
2461390.407855 565.681670 0.088677    -0.518593
2461402.949191 578.223006 0.091776    -0.536297
2461415.490527 590.764342 0.094875    -0.553572
2461428.031863 603.305678 0.097974    -0.570429
2461440.573199 615.847014 0.101073    -0.586881
2461453.114535 628.388350 0.104172    -0.602937
2461465.655871 640.929686 0.107271    -0.618608
2461478.197207 653.471022 0.110370    -0.633905
2461490.738543 666.012358 0.113469    -0.648837
2461503.279879 678.553694 0.116568    -0.663413
2461515.821215 691.095030 0.119667    -0.677641
2461528.362551 703.636366 0.122765    -0.691532
2461540.903887 716.177702 0.125864    -0.705093
2461553.445223 728.719038 0.128963    -0.718332
2461565.986559 741.260374 0.132062    -0.731257
2461578.527895 753.801710 0.135161    -0.743875
2461591.069231 766.343046 0.138260    -0.756194
2461603.610567 778.884382 0.141359    -0.768220
2461616.151903 791.425718 0.144458    -0.779960
2461628.693239 803.967055 0.147557    -0.791421
2461641.234575 816.508391 0.150656    -0.802608
2461653.775911 829.049727 0.153755    -0.813529
2461666.317247 841.591063 0.156854    -0.824187
2461678.858583 854.132399 0.159953    -0.834590
2461691.399919 866.673735 0.163051    -0.844743
2461703.941255 879.215071 0.166150    -0.854650
2461716.482592 891.756407 0.169249    -0.864316
2461729.023928 904.297743 0.172348    -0.873747
2461741.565264 916.839079 0.175447    -0.882948
2461754.106600 929.380415 0.178546    -0.891922
2461766.647936 941.921751 0.181645    -0.900674
2461779.189272 954.463087 0.184744    -0.909208
2461791.730608 967.004423 0.187843    -0.917528
2461804.271944 979.545759 0.190942    -0.925638
2461816.813280 992.087095 0.194041    -0.933543
2461829.354616 1004.628431 0.197140    -0.941245
2461841.895952 1017.169767 0.200239    -0.948747
2461854.437288 1029.711103 0.203338    -0.956054
2461866.978624 1042.252439 0.206436    -0.963169
2461879.519960 1054.793775 0.209535    -0.970095
2461892.061296 1067.335111 0.212634    -0.976834
2461904.602632 1079.876447 0.215733    -0.983390
2461917.143968 1092.417783 0.218832    -0.989766
2461929.685304 1104.959119 0.221931    -0.995963
2461942.226640 1117.500455 0.225030    -1.001986
2461954.767976 1130.041791 0.228129    -1.007836
2461967.309312 1142.583127 0.231228    -1.013515
2461979.850648 1155.124463 0.234327    -1.019027
2461992.391984 1167.665799 0.237426    -1.024373
2462004.933320 1180.207135 0.240525    -1.029556
2462017.474656 1192.748471 0.243624    -1.034577
2462030.015992 1205.289807 0.246723    -1.039438
2462042.557328 1217.831143 0.249821    -1.044142
2462055.098664 1230.372480 0.252920    -1.048691
2462067.640000 1242.913816 0.256019    -1.053085
2462080.181336 1255.455152 0.259118    -1.057327
2462092.722672 1267.996488 0.262217    -1.061419
2462105.264008 1280.537824 0.265316    -1.065361
2462117.805344 1293.079160 0.268415    -1.069156
2462130.346680 1305.620496 0.271514    -1.072804
2462142.888017 1318.161832 0.274613    -1.076307
2462155.429353 1330.703168 0.277712    -1.079667
2462167.970689 1343.244504 0.280811    -1.082885
2462180.512025 1355.785840 0.283910    -1.085961
2462193.053361 1368.327176 0.287009    -1.088896
2462205.594697 1380.868512 0.290108    -1.091693
2462218.136033 1393.409848 0.293206    -1.094351
2462230.677369 1405.951184 0.296305    -1.096873
2462243.218705 1418.492520 0.299404    -1.099257
2462255.760041 1431.033856 0.302503    -1.101506
2462268.301377 1443.575192 0.305602    -1.103620
2462280.842713 1456.116528 0.308701    -1.105600
2462293.384049 1468.657864 0.311800    -1.107446
2462305.925385 1481.199200 0.314899    -1.109160
2462318.466721 1493.740536 0.317998    -1.110740
2462331.008057 1506.281872 0.321097    -1.112189
2462343.549393 1518.823208 0.324196    -1.113506
2462356.090729 1531.364544 0.327295    -1.114692
2462368.632065 1543.905880 0.330394    -1.115747
2462381.173401 1556.447216 0.333493    -1.116672
2462393.714737 1568.988552 0.336591    -1.117465
2462406.256073 1581.529888 0.339690    -1.118129
2462418.797409 1594.071224 0.342789    -1.118663
2462431.338745 1606.612560 0.345888    -1.119068
2462443.880081 1619.153896 0.348987    -1.119340
2462456.421417 1631.695232 0.352086    -1.119483
2462468.962753 1644.236568 0.355185    -1.119495
2462481.504089 1656.777905 0.358284    -1.119378
2462494.045425 1669.319241 0.361383    -1.119129
2462506.586761 1681.860577 0.364482    -1.118750
2462519.128097 1694.401913 0.367581    -1.118239
2462531.669433 1706.943249 0.370680    -1.117598
2462544.210769 1719.484585 0.373779    -1.116824
2462556.752105 1732.025921 0.376878    -1.115918
2462569.293442 1744.567257 0.379976    -1.114879
2462581.834778 1757.108593 0.383075    -1.113707
2462594.376114 1769.649929 0.386174    -1.112401
2462606.917450 1782.191265 0.389273    -1.110960
2462619.458786 1794.732601 0.392372    -1.109384
2462632.000122 1807.273937 0.395471    -1.107672
2462644.541458 1819.815273 0.398570    -1.105822
2462657.082794 1832.356609 0.401669    -1.103835
2462669.624130 1844.897945 0.404768    -1.101709
2462682.165466 1857.439281 0.407867    -1.099443
2462694.706802 1869.980617 0.410966    -1.097036
2462707.248138 1882.521953 0.414065    -1.094487
2462719.789474 1895.063289 0.417164    -1.091795
2462732.330810 1907.604625 0.420262    -1.088959
2462744.872146 1920.145961 0.423361    -1.085976
2462757.413482 1932.687297 0.426460    -1.082846
2462769.954818 1945.228633 0.429559    -1.079568
2462782.496154 1957.769969 0.432658    -1.076139
2462795.037490 1970.311305 0.435757    -1.072559
2462807.578826 1982.852641 0.438856    -1.068824
2462820.120162 1995.393977 0.441955    -1.064935
2462832.661498 2007.935313 0.445054    -1.060889
2462845.202834 2020.476649 0.448153    -1.056683
2462857.744170 -2013.974220 0.451252    -1.052317
2462870.285506 -2001.432884 0.454351    -1.047788
2462882.826842 -1988.891547 0.457450    -1.043093
2462895.368178 -1976.350211 0.460549    -1.038231
2462907.909514 -1963.808875 0.463647    -1.033199
2462920.450850 -1951.267539 0.466746    -1.027995
2462932.992186 -1938.726203 0.469845    -1.022616
2462945.533522 -1926.184867 0.472944    -1.017060
2462958.074858 -1913.643531 0.476043    -1.011324
2462970.616194 -1901.102195 0.479142    -1.005405
2462983.157530 -1888.560859 0.482241    -0.999300
2462995.698866 -1876.019523 0.485340    -0.993006
2463008.240203 -1863.478187 0.488439    -0.986521
2463020.781539 -1850.936851 0.491538    -0.979839
2463033.322875 -1838.395515 0.494637    -0.972960
2463045.864211 -1825.854179 0.497736    -0.965878
2463058.405547 -1813.312843 0.500835    -0.958590
2463070.946883 -1800.771507 0.503934    -0.951092
2463083.488219 -1788.230171 0.507032    -0.943381
2463096.029555 -1775.688835 0.510131    -0.935452
2463108.570891 -1763.147499 0.513230    -0.927301
2463121.112227 -1750.606163 0.516329    -0.918923
2463133.653563 -1738.064827 0.519428    -0.910315
2463146.194899 -1725.523491 0.522527    -0.901471
2463158.736235 -1712.982155 0.525626    -0.892387
2463171.277571 -1700.440819 0.528725    -0.883056
2463183.818907 -1687.899483 0.531824    -0.873476
2463196.360243 -1675.358147 0.534923    -0.863638
2463208.901579 -1662.816811 0.538022    -0.853539
2463221.442915 -1650.275475 0.541121    -0.843172
2463233.984251 -1637.734139 0.544220    -0.832530
2463246.525587 -1625.192803 0.547319    -0.821609
2463259.066923 -1612.651467 0.550417    -0.810400
2463271.608259 -1600.110131 0.553516    -0.798898
2463284.149595 -1587.568795 0.556615    -0.787095
2463296.690931 -1575.027459 0.559714    -0.774984
2463309.232267 -1562.486122 0.562813    -0.762557
2463321.773603 -1549.944786 0.565912    -0.749807
2463334.314939 -1537.403450 0.569011    -0.736724
2463346.856275 -1524.862114 0.572110    -0.723301
2463359.397611 -1512.320778 0.575209    -0.709529
2463371.938947 -1499.779442 0.578308    -0.695399
2463384.480283 -1487.238106 0.581407    -0.680900
2463397.021619 -1474.696770 0.584506    -0.666024
2463409.562955 -1462.155434 0.587605    -0.650759
2463422.104291 -1449.614098 0.590704    -0.635095
2463434.645628 -1437.072762 0.593802    -0.619021
2463447.186964 -1424.531426 0.596901    -0.602526
2463459.728300 -1411.990090 0.600000    -0.585596
2463472.269636 -1399.448754 0.603099    -0.568221
2463484.810972 -1386.907418 0.606198    -0.550386
2463497.352308 -1374.366082 0.609297    -0.532078
2463509.893644 -1361.824746 0.612396    -0.513283
2463522.434980 -1349.283410 0.615495    -0.493987
2463534.976316 -1336.742074 0.618594    -0.474174
2463547.517652 -1324.200738 0.621693    -0.453828
2463560.058988 -1311.659402 0.624792    -0.432932
2463572.600324 -1299.118066 0.627891    -0.411471
2463585.141660 -1286.576730 0.630990    -0.389424
2463597.682996 -1274.035394 0.634088    -0.366775
2463610.224332 -1261.494058 0.637187    -0.343504
2463622.765668 -1248.952722 0.640286    -0.319590
2463635.307004 -1236.411386 0.643385    -0.295013
2463647.848340 -1223.870050 0.646484    -0.269750
2463660.389676 -1211.328714 0.649583    -0.243779
2463672.931012 -1198.787378 0.652682    -0.217077
2463685.472348 -1186.246042 0.655781    -0.189618
2463698.013684 -1173.704706 0.658880    -0.161377
2463710.555020 -1161.163370 0.661979    -0.132328
2463723.096356 -1148.622034 0.665078    -0.102443
2463735.637692 -1136.080697 0.668177    -0.071693
2463748.179028 -1123.539361 0.671276    -0.040048
2463760.720364 -1110.998025 0.674375    -0.007478
2463773.261700 -1098.456689 0.677473     0.026050
2463785.803036 -1085.915353 0.680572     0.060569
2463798.344372 -1073.374017 0.683671     0.096113
2463810.885708 -1060.832681 0.686770     0.132718
2463823.427044 -1048.291345 0.689869     0.170421
2463835.968380 -1035.750009 0.692968     0.209259
