# Tc_folded model 
-1.500000 -1.055647 
-1.499000 -1.054243 
-1.498000 -1.052822 
-1.497000 -1.051385 
-1.496000 -1.049930 
-1.495000 -1.048458 
-1.494000 -1.046969 
-1.493000 -1.045463 
-1.492000 -1.043939 
-1.491000 -1.042398 
-1.490000 -1.040840 
-1.489000 -1.039264 
-1.488000 -1.037671 
-1.487000 -1.036059 
-1.486000 -1.034430 
-1.485000 -1.032783 
-1.484000 -1.031118 
-1.483000 -1.029435 
-1.482000 -1.027734 
-1.481000 -1.026015 
-1.480000 -1.024278 
-1.479000 -1.022522 
-1.478000 -1.020747 
-1.477000 -1.018954 
-1.476000 -1.017143 
-1.475000 -1.015312 
-1.474000 -1.013463 
-1.473000 -1.011595 
-1.472000 -1.009708 
-1.471000 -1.007802 
-1.470000 -1.005876 
-1.469000 -1.003931 
-1.468000 -1.001967 
-1.467000 -0.999983 
-1.466000 -0.997980 
-1.465000 -0.995957 
-1.464000 -0.993914 
-1.463000 -0.991851 
-1.462000 -0.989768 
-1.461000 -0.987665 
-1.460000 -0.985541 
-1.459000 -0.983397 
-1.458000 -0.981233 
-1.457000 -0.979048 
-1.456000 -0.976842 
-1.455000 -0.974616 
-1.454000 -0.972368 
-1.453000 -0.970100 
-1.452000 -0.967810 
-1.451000 -0.965499 
-1.450000 -0.963166 
-1.449000 -0.960812 
-1.448000 -0.958436 
-1.447000 -0.956038 
-1.446000 -0.953619 
-1.445000 -0.951177 
-1.444000 -0.948713 
-1.443000 -0.946226 
-1.442000 -0.943717 
-1.441000 -0.941186 
-1.440000 -0.938631 
-1.439000 -0.936054 
-1.438000 -0.933454 
-1.437000 -0.930830 
-1.436000 -0.928183 
-1.435000 -0.925512 
-1.434000 -0.922818 
-1.433000 -0.920100 
-1.432000 -0.917358 
-1.431000 -0.914592 
-1.430000 -0.911802 
-1.429000 -0.908987 
-1.428000 -0.906147 
-1.427000 -0.903283 
-1.426000 -0.900394 
-1.425000 -0.897479 
-1.424000 -0.894540 
-1.423000 -0.891575 
-1.422000 -0.888584 
-1.421000 -0.885568 
-1.420000 -0.882525 
-1.419000 -0.879457 
-1.418000 -0.876362 
-1.417000 -0.873240 
-1.416000 -0.870092 
-1.415000 -0.866917 
-1.414000 -0.863715 
-1.413000 -0.860486 
-1.412000 -0.857229 
-1.411000 -0.853944 
-1.410000 -0.850632 
-1.409000 -0.847291 
-1.408000 -0.843922 
-1.407000 -0.840525 
-1.406000 -0.837099 
-1.405000 -0.833644 
-1.404000 -0.830160 
-1.403000 -0.826647 
-1.402000 -0.823104 
-1.401000 -0.819532 
-1.400000 -0.815929 
-1.399000 -0.812296 
-1.398000 -0.808633 
-1.397000 -0.804939 
-1.396000 -0.801214 
-1.395000 -0.797457 
-1.394000 -0.793670 
-1.393000 -0.789851 
-1.392000 -0.786000 
-1.391000 -0.782116 
-1.390000 -0.778201 
-1.389000 -0.774252 
-1.388000 -0.770271 
-1.387000 -0.766256 
-1.386000 -0.762209 
-1.385000 -0.758127 
-1.384000 -0.754011 
-1.383000 -0.749861 
-1.382000 -0.745677 
-1.381000 -0.741458 
-1.380000 -0.737203 
-1.379000 -0.732913 
-1.378000 -0.728588 
-1.377000 -0.724226 
-1.376000 -0.719828 
-1.375000 -0.715394 
-1.374000 -0.710923 
-1.373000 -0.706414 
-1.372000 -0.701868 
-1.371000 -0.697284 
-1.370000 -0.692662 
-1.369000 -0.688001 
-1.368000 -0.683301 
-1.367000 -0.678563 
-1.366000 -0.673785 
-1.365000 -0.668966 
-1.364000 -0.664108 
-1.363000 -0.659209 
-1.362000 -0.654269 
-1.361000 -0.649288 
-1.360000 -0.644266 
-1.359000 -0.639201 
-1.358000 -0.634094 
-1.357000 -0.628944 
-1.356000 -0.623751 
-1.355000 -0.618514 
-1.354000 -0.613233 
-1.353000 -0.607909 
-1.352000 -0.602539 
-1.351000 -0.597124 
-1.350000 -0.591664 
-1.349000 -0.586157 
-1.348000 -0.580604 
-1.347000 -0.575004 
-1.346000 -0.569357 
-1.345000 -0.563663 
-1.344000 -0.557920 
-1.343000 -0.552128 
-1.342000 -0.546288 
-1.341000 -0.540397 
-1.340000 -0.534457 
-1.339000 -0.528466 
-1.338000 -0.522425 
-1.337000 -0.516331 
-1.336000 -0.510186 
-1.335000 -0.503988 
-1.334000 -0.497738 
-1.333000 -0.491433 
-1.332000 -0.485075 
-1.331000 -0.478662 
-1.330000 -0.472195 
-1.329000 -0.465671 
-1.328000 -0.459091 
-1.327000 -0.452455 
-1.326000 -0.445761 
-1.325000 -0.439009 
-1.324000 -0.432199 
-1.323000 -0.425330 
-1.322000 -0.418401 
-1.321000 -0.411412 
-1.320000 -0.404362 
-1.319000 -0.397251 
-1.318000 -0.390078 
-1.317000 -0.382842 
-1.316000 -0.375542 
-1.315000 -0.368179 
-1.314000 -0.360750 
-1.313000 -0.353257 
-1.312000 -0.345697 
-1.311000 -0.338071 
-1.310000 -0.330377 
-1.309000 -0.322616 
-1.308000 -0.314785 
-1.307000 -0.306885 
-1.306000 -0.298915 
-1.305000 -0.290873 
-1.304000 -0.282760 
-1.303000 -0.274575 
-1.302000 -0.266316 
-1.301000 -0.257983 
-1.300000 -0.249575 
-1.299000 -0.241092 
-1.298000 -0.232532 
-1.297000 -0.223895 
-1.296000 -0.215180 
-1.295000 -0.206386 
-1.294000 -0.197512 
-1.293000 -0.188558 
-1.292000 -0.179522 
-1.291000 -0.170403 
-1.290000 -0.161201 
-1.289000 -0.151916 
-1.288000 -0.142545 
-1.287000 -0.133088 
-1.286000 -0.123544 
-1.285000 -0.113912 
-1.284000 -0.104191 
-1.283000 -0.094380 
-1.282000 -0.084478 
-1.281000 -0.074485 
-1.280000 -0.064399 
-1.279000 -0.054218 
-1.278000 -0.043943 
-1.277000 -0.033572 
-1.276000 -0.023104 
-1.275000 -0.012538 
-1.274000 -0.001873 
-1.273000 0.008893 
-1.272000 0.019760 
-1.271000 0.030730 
-1.270000 0.041803 
-1.269000 0.052981 
-1.268000 0.064265 
-1.267000 0.075657 
-1.266000 0.087156 
-1.265000 0.098765 
-1.264000 0.110485 
-1.263000 0.122317 
-1.262000 0.134262 
-1.261000 0.146321 
-1.260000 0.158496 
-1.259000 0.170788 
-1.258000 0.183199 
-1.257000 0.195729 
-1.256000 0.208380 
-1.255000 0.221153 
-1.254000 0.234049 
-1.253000 0.247071 
-1.252000 0.260219 
-1.251000 0.273494 
-1.250000 0.286899 
-1.249000 0.300433 
-1.248000 0.314100 
-1.247000 0.327900 
-1.246000 0.341834 
-1.245000 0.355905 
-1.244000 0.370113 
-1.243000 0.384460 
-1.242000 0.398947 
-1.241000 0.413576 
-1.240000 0.428349 
-1.239000 0.443266 
-1.238000 0.458330 
-1.237000 0.473541 
-1.236000 0.488902 
-1.235000 0.504413 
-1.234000 0.520077 
-1.233000 0.535894 
-1.232000 0.551866 
-1.231000 0.567996 
-1.230000 0.584283 
-1.229000 0.600730 
-1.228000 0.617338 
-1.227000 0.634109 
-1.226000 0.651043 
-1.225000 0.668144 
-1.224000 0.685411 
-1.223000 0.702847 
-1.222000 0.720452 
-1.221000 0.738229 
-1.220000 0.756178 
-1.219000 0.774301 
-1.218000 0.792600 
-1.217000 0.811075 
-1.216000 0.829728 
-1.215000 0.848560 
-1.214000 0.867572 
-1.213000 0.886766 
-1.212000 0.906142 
-1.211000 0.925703 
-1.210000 0.945447 
-1.209000 0.965378 
-1.208000 0.985495 
-1.207000 1.005800 
-1.206000 1.026294 
-1.205000 1.046976 
-1.204000 1.067848 
-1.203000 1.088911 
-1.202000 1.110164 
-1.201000 1.131609 
-1.200000 1.153245 
-1.199000 1.175074 
-1.198000 1.197094 
-1.197000 1.219307 
-1.196000 1.241711 
-1.195000 1.264307 
-1.194000 1.287094 
-1.193000 1.310072 
-1.192000 1.333240 
-1.191000 1.356598 
-1.190000 1.380144 
-1.189000 1.403877 
-1.188000 1.427796 
-1.187000 1.451899 
-1.186000 1.476185 
-1.185000 1.500652 
-1.184000 1.525297 
-1.183000 1.550118 
-1.182000 1.575113 
-1.181000 1.600279 
-1.180000 1.625611 
-1.179000 1.651108 
-1.178000 1.676766 
-1.177000 1.702579 
-1.176000 1.728545 
-1.175000 1.754658 
-1.174000 1.780913 
-1.173000 1.807305 
-1.172000 1.833828 
-1.171000 1.860477 
-1.170000 1.887244 
-1.169000 1.914123 
-1.168000 1.941106 
-1.167000 1.968187 
-1.166000 1.995356 
-1.165000 2.022604 
-1.164000 2.049924 
-1.163000 2.077306 
-1.162000 2.104738 
-1.161000 2.132211 
-1.160000 2.159714 
-1.159000 2.187236 
-1.158000 2.214763 
-1.157000 2.242283 
-1.156000 2.269784 
-1.155000 2.297252 
-1.154000 2.324671 
-1.153000 2.352029 
-1.152000 2.379308 
-1.151000 2.406493 
-1.150000 2.433568 
-1.149000 2.460516 
-1.148000 2.487319 
-1.147000 2.513959 
-1.146000 2.540418 
-1.145000 2.566675 
-1.144000 2.592713 
-1.143000 2.618510 
-1.142000 2.644047 
-1.141000 2.669302 
-1.140000 2.694253 
-1.139000 2.718880 
-1.138000 2.743160 
-1.137000 2.767071 
-1.136000 2.790590 
-1.135000 2.813694 
-1.134000 2.836361 
-1.133000 2.858567 
-1.132000 2.880289 
-1.131000 2.901504 
-1.130000 2.922188 
-1.129000 2.942319 
-1.128000 2.961874 
-1.127000 2.980829 
-1.126000 2.999163 
-1.125000 3.016853 
-1.124000 3.033878 
-1.123000 3.050217 
-1.122000 3.065848 
-1.121000 3.080752 
-1.120000 3.094910 
-1.119000 3.108303 
-1.118000 3.120913 
-1.117000 3.132723 
-1.116000 3.143718 
-1.115000 3.153883 
-1.114000 3.163203 
-1.113000 3.171666 
-1.112000 3.179261 
-1.111000 3.185977 
-1.110000 3.191806 
-1.109000 3.196739 
-1.108000 3.200770 
-1.107000 3.203894 
-1.106000 3.206107 
-1.105000 3.207417 
-1.104000 3.207793 
-1.103000 3.207255 
-1.102000 3.205805 
-1.101000 3.203447 
-1.100000 3.200184 
-1.099000 3.196022 
-1.098000 3.190968 
-1.097000 3.185032 
-1.096000 3.178221 
-1.095000 3.170549 
-1.094000 3.162025 
-1.093000 3.152664 
-1.092000 3.142480 
-1.091000 3.131488 
-1.090000 3.119705 
-1.089000 3.107147 
-1.088000 3.093832 
-1.087000 3.079780 
-1.086000 3.065009 
-1.085000 3.049540 
-1.084000 3.033393 
-1.083000 3.016590 
-1.082000 2.999152 
-1.081000 2.981100 
-1.080000 2.962457 
-1.079000 2.943246 
-1.078000 2.923489 
-1.077000 2.903209 
-1.076000 2.882428 
-1.075000 2.861170 
-1.074000 2.839457 
-1.073000 2.817311 
-1.072000 2.794755 
-1.071000 2.771812 
-1.070000 2.748503 
-1.069000 2.724850 
-1.068000 2.700875 
-1.067000 2.676598 
-1.066000 2.652040 
-1.065000 2.627222 
-1.064000 2.602163 
-1.063000 2.576883 
-1.062000 2.551401 
-1.061000 2.525735 
-1.060000 2.499903 
-1.059000 2.473922 
-1.058000 2.447811 
-1.057000 2.421584 
-1.056000 2.395257 
-1.055000 2.368847 
-1.054000 2.342368 
-1.053000 2.315834 
-1.052000 2.289260 
-1.051000 2.262657 
-1.050000 2.236039 
-1.049000 2.209418 
-1.048000 2.182806 
-1.047000 2.156214 
-1.046000 2.129653 
-1.045000 2.103132 
-1.044000 2.076662 
-1.043000 2.050251 
-1.042000 2.023909 
-1.041000 1.997643 
-1.040000 1.971463 
-1.039000 1.945374 
-1.038000 1.919385 
-1.037000 1.893502 
-1.036000 1.867732 
-1.035000 1.842079 
-1.034000 1.816551 
-1.033000 1.791151 
-1.032000 1.765886 
-1.031000 1.740759 
-1.030000 1.715775 
-1.029000 1.690937 
-1.028000 1.666250 
-1.027000 1.641718 
-1.026000 1.617342 
-1.025000 1.593126 
-1.024000 1.569072 
-1.023000 1.545184 
-1.022000 1.521463 
-1.021000 1.497911 
-1.020000 1.474530 
-1.019000 1.451322 
-1.018000 1.428287 
-1.017000 1.405428 
-1.016000 1.382746 
-1.015000 1.360240 
-1.014000 1.337913 
-1.013000 1.315764 
-1.012000 1.293794 
-1.011000 1.272003 
-1.010000 1.250393 
-1.009000 1.228962 
-1.008000 1.207711 
-1.007000 1.186639 
-1.006000 1.165747 
-1.005000 1.145035 
-1.004000 1.124501 
-1.003000 1.104146 
-1.002000 1.083968 
-1.001000 1.063968 
-1.000000 1.044145 
-0.999000 1.024498 
-0.998000 1.005025 
-0.997000 0.985727 
-0.996000 0.966603 
-0.995000 0.947651 
-0.994000 0.928870 
-0.993000 0.910261 
-0.992000 0.891820 
-0.991000 0.873548 
-0.990000 0.855443 
-0.989000 0.837504 
-0.988000 0.819730 
-0.987000 0.802120 
-0.986000 0.784672 
-0.985000 0.767386 
-0.984000 0.750259 
-0.983000 0.733292 
-0.982000 0.716481 
-0.981000 0.699827 
-0.980000 0.683327 
-0.979000 0.666981 
-0.978000 0.650787 
-0.977000 0.634743 
-0.976000 0.618849 
-0.975000 0.603103 
-0.974000 0.587504 
-0.973000 0.572050 
-0.972000 0.556740 
-0.971000 0.541573 
-0.970000 0.526546 
-0.969000 0.511660 
-0.968000 0.496912 
-0.967000 0.482302 
-0.966000 0.467827 
-0.965000 0.453487 
-0.964000 0.439280 
-0.963000 0.425204 
-0.962000 0.411259 
-0.961000 0.397444 
-0.960000 0.383756 
-0.959000 0.370194 
-0.958000 0.356758 
-0.957000 0.343446 
-0.956000 0.330257 
-0.955000 0.317189 
-0.954000 0.304241 
-0.953000 0.291412 
-0.952000 0.278700 
-0.951000 0.266106 
-0.950000 0.253626 
-0.949000 0.241260 
-0.948000 0.229007 
-0.947000 0.216866 
-0.946000 0.204835 
-0.945000 0.192913 
-0.944000 0.181100 
-0.943000 0.169393 
-0.942000 0.157792 
-0.941000 0.146296 
-0.940000 0.134903 
-0.939000 0.123613 
-0.938000 0.112424 
-0.937000 0.101336 
-0.936000 0.090347 
-0.935000 0.079456 
-0.934000 0.068662 
-0.933000 0.057964 
-0.932000 0.047362 
-0.931000 0.036853 
-0.930000 0.026438 
-0.929000 0.016114 
-0.928000 0.005882 
-0.927000 -0.004260 
-0.926000 -0.014313 
-0.925000 -0.024278 
-0.924000 -0.034155 
-0.923000 -0.043946 
-0.922000 -0.053651 
-0.921000 -0.063272 
-0.920000 -0.072809 
-0.919000 -0.082264 
-0.918000 -0.091636 
-0.917000 -0.100927 
-0.916000 -0.110138 
-0.915000 -0.119270 
-0.914000 -0.128323 
-0.913000 -0.137298 
-0.912000 -0.146197 
-0.911000 -0.155019 
-0.910000 -0.163765 
-0.909000 -0.172438 
-0.908000 -0.181036 
-0.907000 -0.189561 
-0.906000 -0.198014 
-0.905000 -0.206396 
-0.904000 -0.214706 
-0.903000 -0.222946 
-0.902000 -0.231117 
-0.901000 -0.239220 
-0.900000 -0.247254 
-0.899000 -0.255221 
-0.898000 -0.263121 
-0.897000 -0.270956 
-0.896000 -0.278725 
-0.895000 -0.286429 
-0.894000 -0.294069 
-0.893000 -0.301646 
-0.892000 -0.309161 
-0.891000 -0.316613 
-0.890000 -0.324003 
-0.889000 -0.331333 
-0.888000 -0.338603 
-0.887000 -0.345812 
-0.886000 -0.352963 
-0.885000 -0.360055 
-0.884000 -0.367089 
-0.883000 -0.374066 
-0.882000 -0.380985 
-0.881000 -0.387849 
-0.880000 -0.394656 
-0.879000 -0.401409 
-0.878000 -0.408107 
-0.877000 -0.414750 
-0.876000 -0.421340 
-0.875000 -0.427877 
-0.874000 -0.434361 
-0.873000 -0.440793 
-0.872000 -0.447173 
-0.871000 -0.453502 
-0.870000 -0.459780 
-0.869000 -0.466008 
-0.868000 -0.472186 
-0.867000 -0.478315 
-0.866000 -0.484395 
-0.865000 -0.490427 
-0.864000 -0.496411 
-0.863000 -0.502347 
-0.862000 -0.508236 
-0.861000 -0.514078 
-0.860000 -0.519875 
-0.859000 -0.525625 
-0.858000 -0.531330 
-0.857000 -0.536990 
-0.856000 -0.542605 
-0.855000 -0.548176 
-0.854000 -0.553703 
-0.853000 -0.559187 
-0.852000 -0.564628 
-0.851000 -0.570026 
-0.850000 -0.575382 
-0.849000 -0.580695 
-0.848000 -0.585968 
-0.847000 -0.591199 
-0.846000 -0.596389 
-0.845000 -0.601539 
-0.844000 -0.606648 
-0.843000 -0.611718 
-0.842000 -0.616748 
-0.841000 -0.621739 
-0.840000 -0.626691 
-0.839000 -0.631605 
-0.838000 -0.636481 
-0.837000 -0.641318 
-0.836000 -0.646119 
-0.835000 -0.650882 
-0.834000 -0.655608 
-0.833000 -0.660297 
-0.832000 -0.664950 
-0.831000 -0.669567 
-0.830000 -0.674149 
-0.829000 -0.678695 
-0.828000 -0.683206 
-0.827000 -0.687682 
-0.826000 -0.692123 
-0.825000 -0.696530 
-0.824000 -0.700903 
-0.823000 -0.705242 
-0.822000 -0.709548 
-0.821000 -0.713821 
-0.820000 -0.718060 
-0.819000 -0.722267 
-0.818000 -0.726441 
-0.817000 -0.730584 
-0.816000 -0.734694 
-0.815000 -0.738772 
-0.814000 -0.742819 
-0.813000 -0.746835 
-0.812000 -0.750819 
-0.811000 -0.754773 
-0.810000 -0.758697 
-0.809000 -0.762590 
-0.808000 -0.766453 
-0.807000 -0.770286 
-0.806000 -0.774089 
-0.805000 -0.777863 
-0.804000 -0.781608 
-0.803000 -0.785324 
-0.802000 -0.789011 
-0.801000 -0.792669 
-0.800000 -0.796299 
-0.799000 -0.799901 
-0.798000 -0.803475 
-0.797000 -0.807021 
-0.796000 -0.810539 
-0.795000 -0.814030 
-0.794000 -0.817494 
-0.793000 -0.820931 
-0.792000 -0.824341 
-0.791000 -0.827725 
-0.790000 -0.831082 
-0.789000 -0.834412 
-0.788000 -0.837717 
-0.787000 -0.840996 
-0.786000 -0.844249 
-0.785000 -0.847476 
-0.784000 -0.850678 
-0.783000 -0.853855 
-0.782000 -0.857006 
-0.781000 -0.860133 
-0.780000 -0.863235 
-0.779000 -0.866313 
-0.778000 -0.869366 
-0.777000 -0.872394 
-0.776000 -0.875399 
-0.775000 -0.878380 
-0.774000 -0.881337 
-0.773000 -0.884270 
-0.772000 -0.887180 
-0.771000 -0.890066 
-0.770000 -0.892929 
-0.769000 -0.895769 
-0.768000 -0.898586 
-0.767000 -0.901381 
-0.766000 -0.904153 
-0.765000 -0.906902 
-0.764000 -0.909629 
-0.763000 -0.912333 
-0.762000 -0.915016 
-0.761000 -0.917676 
-0.760000 -0.920315 
-0.759000 -0.922932 
-0.758000 -0.925528 
-0.757000 -0.928101 
-0.756000 -0.930654 
-0.755000 -0.933185 
-0.754000 -0.935696 
-0.753000 -0.938185 
-0.752000 -0.940653 
-0.751000 -0.943101 
-0.750000 -0.945528 
-0.749000 -0.947934 
-0.748000 -0.950321 
-0.747000 -0.952686 
-0.746000 -0.955032 
-0.745000 -0.957357 
-0.744000 -0.959663 
-0.743000 -0.961949 
-0.742000 -0.964215 
-0.741000 -0.966461 
-0.740000 -0.968688 
-0.739000 -0.970895 
-0.738000 -0.973083 
-0.737000 -0.975251 
-0.736000 -0.977401 
-0.735000 -0.979531 
-0.734000 -0.981643 
-0.733000 -0.983735 
-0.732000 -0.985809 
-0.731000 -0.987864 
-0.730000 -0.989901 
-0.729000 -0.991919 
-0.728000 -0.993918 
-0.727000 -0.995900 
-0.726000 -0.997863 
-0.725000 -0.999808 
-0.724000 -1.001734 
-0.723000 -1.003643 
-0.722000 -1.005534 
-0.721000 -1.007407 
-0.720000 -1.009263 
-0.719000 -1.011100 
-0.718000 -1.012920 
-0.717000 -1.014723 
-0.716000 -1.016508 
-0.715000 -1.018276 
-0.714000 -1.020026 
-0.713000 -1.021760 
-0.712000 -1.023476 
-0.711000 -1.025175 
-0.710000 -1.026857 
-0.709000 -1.028522 
-0.708000 -1.030171 
-0.707000 -1.031802 
-0.706000 -1.033417 
-0.705000 -1.035015 
-0.704000 -1.036597 
-0.703000 -1.038162 
-0.702000 -1.039710 
-0.701000 -1.041243 
-0.700000 -1.042758 
-0.699000 -1.044258 
-0.698000 -1.045741 
-0.697000 -1.047209 
-0.696000 -1.048660 
-0.695000 -1.050095 
-0.694000 -1.051514 
-0.693000 -1.052917 
-0.692000 -1.054305 
-0.691000 -1.055676 
-0.690000 -1.057032 
-0.689000 -1.058372 
-0.688000 -1.059697 
-0.687000 -1.061005 
-0.686000 -1.062299 
-0.685000 -1.063577 
-0.684000 -1.064839 
-0.683000 -1.066086 
-0.682000 -1.067318 
-0.681000 -1.068534 
-0.680000 -1.069735 
-0.679000 -1.070921 
-0.678000 -1.072091 
-0.677000 -1.073247 
-0.676000 -1.074388 
-0.675000 -1.075513 
-0.674000 -1.076624 
-0.673000 -1.077719 
-0.672000 -1.078800 
-0.671000 -1.079865 
-0.670000 -1.080916 
-0.669000 -1.081953 
-0.668000 -1.082974 
-0.667000 -1.083981 
-0.666000 -1.084973 
-0.665000 -1.085950 
-0.664000 -1.086913 
-0.663000 -1.087861 
-0.662000 -1.088795 
-0.661000 -1.089714 
-0.660000 -1.090619 
-0.659000 -1.091509 
-0.658000 -1.092385 
-0.657000 -1.093247 
-0.656000 -1.094094 
-0.655000 -1.094927 
-0.654000 -1.095745 
-0.653000 -1.096550 
-0.652000 -1.097340 
-0.651000 -1.098116 
-0.650000 -1.098878 
-0.649000 -1.099625 
-0.648000 -1.100359 
-0.647000 -1.101078 
-0.646000 -1.101784 
-0.645000 -1.102475 
-0.644000 -1.103152 
-0.643000 -1.103816 
-0.642000 -1.104465 
-0.641000 -1.105101 
-0.640000 -1.105722 
-0.639000 -1.106330 
-0.638000 -1.106923 
-0.637000 -1.107503 
-0.636000 -1.108069 
-0.635000 -1.108621 
-0.634000 -1.109160 
-0.633000 -1.109684 
-0.632000 -1.110195 
-0.631000 -1.110692 
-0.630000 -1.111175 
-0.629000 -1.111645 
-0.628000 -1.112101 
-0.627000 -1.112543 
-0.626000 -1.112971 
-0.625000 -1.113386 
-0.624000 -1.113787 
-0.623000 -1.114174 
-0.622000 -1.114548 
-0.621000 -1.114908 
-0.620000 -1.115255 
-0.619000 -1.115588 
-0.618000 -1.115907 
-0.617000 -1.116213 
-0.616000 -1.116505 
-0.615000 -1.116783 
-0.614000 -1.117048 
-0.613000 -1.117299 
-0.612000 -1.117537 
-0.611000 -1.117761 
-0.610000 -1.117972 
-0.609000 -1.118169 
-0.608000 -1.118353 
-0.607000 -1.118523 
-0.606000 -1.118679 
-0.605000 -1.118824 
-0.604000 -1.118953 
-0.603000 -1.119069 
-0.602000 -1.119171 
-0.601000 -1.119259 
-0.600000 -1.119334 
-0.599000 -1.119396 
-0.598000 -1.119444 
-0.597000 -1.119478 
-0.596000 -1.119499 
-0.595000 -1.119506 
-0.594000 -1.119500 
-0.593000 -1.119480 
-0.592000 -1.119446 
-0.591000 -1.119399 
-0.590000 -1.119339 
-0.589000 -1.119264 
-0.588000 -1.119177 
-0.587000 -1.119075 
-0.586000 -1.118960 
-0.585000 -1.118831 
-0.584000 -1.118689 
-0.583000 -1.118533 
-0.582000 -1.118363 
-0.581000 -1.118180 
-0.580000 -1.117983 
-0.579000 -1.117772 
-0.578000 -1.117547 
-0.577000 -1.117309 
-0.576000 -1.117057 
-0.575000 -1.116791 
-0.574000 -1.116512 
-0.573000 -1.116218 
-0.572000 -1.115911 
-0.571000 -1.115590 
-0.570000 -1.115256 
-0.569000 -1.114907 
-0.568000 -1.114544 
-0.567000 -1.114168 
-0.566000 -1.113777 
-0.565000 -1.113373 
-0.564000 -1.112955 
-0.563000 -1.112522 
-0.562000 -1.112076 
-0.561000 -1.111616 
-0.560000 -1.111141 
-0.559000 -1.110653 
-0.558000 -1.110150 
-0.557000 -1.109633 
-0.556000 -1.109103 
-0.555000 -1.108557 
-0.554000 -1.107998 
-0.553000 -1.107424 
-0.552000 -1.106837 
-0.551000 -1.106234 
-0.550000 -1.105618 
-0.549000 -1.104987 
-0.548000 -1.104342 
-0.547000 -1.103682 
-0.546000 -1.103008 
-0.545000 -1.102319 
-0.544000 -1.101616 
-0.543000 -1.100898 
-0.542000 -1.100166 
-0.541000 -1.099419 
-0.540000 -1.098657 
-0.539000 -1.097881 
-0.538000 -1.097090 
-0.537000 -1.096284 
-0.536000 -1.095463 
-0.535000 -1.094627 
-0.534000 -1.093777 
-0.533000 -1.092911 
-0.532000 -1.092031 
-0.531000 -1.091135 
-0.530000 -1.090225 
-0.529000 -1.089299 
-0.528000 -1.088358 
-0.527000 -1.087402 
-0.526000 -1.086430 
-0.525000 -1.085444 
-0.524000 -1.084442 
-0.523000 -1.083424 
-0.522000 -1.082391 
-0.521000 -1.081343 
-0.520000 -1.080279 
-0.519000 -1.079199 
-0.518000 -1.078104 
-0.517000 -1.076993 
-0.516000 -1.075866 
-0.515000 -1.074724 
-0.514000 -1.073565 
-0.513000 -1.072391 
-0.512000 -1.071201 
-0.511000 -1.069994 
-0.510000 -1.068772 
-0.509000 -1.067533 
-0.508000 -1.066278 
-0.507000 -1.065007 
-0.506000 -1.063719 
-0.505000 -1.062415 
-0.504000 -1.061095 
-0.503000 -1.059758 
-0.502000 -1.058404 
-0.501000 -1.057034 
-0.500000 -1.055647 
-0.499000 -1.054243 
-0.498000 -1.052822 
-0.497000 -1.051385 
-0.496000 -1.049930 
-0.495000 -1.048458 
-0.494000 -1.046969 
-0.493000 -1.045463 
-0.492000 -1.043939 
-0.491000 -1.042398 
-0.490000 -1.040840 
-0.489000 -1.039264 
-0.488000 -1.037671 
-0.487000 -1.036059 
-0.486000 -1.034430 
-0.485000 -1.032783 
-0.484000 -1.031118 
-0.483000 -1.029435 
-0.482000 -1.027734 
-0.481000 -1.026015 
-0.480000 -1.024278 
-0.479000 -1.022522 
-0.478000 -1.020747 
-0.477000 -1.018954 
-0.476000 -1.017143 
-0.475000 -1.015312 
-0.474000 -1.013463 
-0.473000 -1.011595 
-0.472000 -1.009708 
-0.471000 -1.007802 
-0.470000 -1.005876 
-0.469000 -1.003931 
-0.468000 -1.001967 
-0.467000 -0.999983 
-0.466000 -0.997980 
-0.465000 -0.995957 
-0.464000 -0.993914 
-0.463000 -0.991851 
-0.462000 -0.989768 
-0.461000 -0.987665 
-0.460000 -0.985541 
-0.459000 -0.983397 
-0.458000 -0.981233 
-0.457000 -0.979048 
-0.456000 -0.976842 
-0.455000 -0.974616 
-0.454000 -0.972368 
-0.453000 -0.970100 
-0.452000 -0.967810 
-0.451000 -0.965499 
-0.450000 -0.963166 
-0.449000 -0.960812 
-0.448000 -0.958436 
-0.447000 -0.956038 
-0.446000 -0.953619 
-0.445000 -0.951177 
-0.444000 -0.948713 
-0.443000 -0.946226 
-0.442000 -0.943717 
-0.441000 -0.941186 
-0.440000 -0.938631 
-0.439000 -0.936054 
-0.438000 -0.933454 
-0.437000 -0.930830 
-0.436000 -0.928183 
-0.435000 -0.925512 
-0.434000 -0.922818 
-0.433000 -0.920100 
-0.432000 -0.917358 
-0.431000 -0.914592 
-0.430000 -0.911802 
-0.429000 -0.908987 
-0.428000 -0.906147 
-0.427000 -0.903283 
-0.426000 -0.900394 
-0.425000 -0.897479 
-0.424000 -0.894540 
-0.423000 -0.891575 
-0.422000 -0.888584 
-0.421000 -0.885568 
-0.420000 -0.882525 
-0.419000 -0.879457 
-0.418000 -0.876362 
-0.417000 -0.873240 
-0.416000 -0.870092 
-0.415000 -0.866917 
-0.414000 -0.863715 
-0.413000 -0.860486 
-0.412000 -0.857229 
-0.411000 -0.853944 
-0.410000 -0.850632 
-0.409000 -0.847291 
-0.408000 -0.843922 
-0.407000 -0.840525 
-0.406000 -0.837099 
-0.405000 -0.833644 
-0.404000 -0.830160 
-0.403000 -0.826647 
-0.402000 -0.823104 
-0.401000 -0.819532 
-0.400000 -0.815929 
-0.399000 -0.812296 
-0.398000 -0.808633 
-0.397000 -0.804939 
-0.396000 -0.801214 
-0.395000 -0.797457 
-0.394000 -0.793670 
-0.393000 -0.789851 
-0.392000 -0.786000 
-0.391000 -0.782116 
-0.390000 -0.778201 
-0.389000 -0.774252 
-0.388000 -0.770271 
-0.387000 -0.766256 
-0.386000 -0.762209 
-0.385000 -0.758127 
-0.384000 -0.754011 
-0.383000 -0.749861 
-0.382000 -0.745677 
-0.381000 -0.741458 
-0.380000 -0.737203 
-0.379000 -0.732913 
-0.378000 -0.728588 
-0.377000 -0.724226 
-0.376000 -0.719828 
-0.375000 -0.715394 
-0.374000 -0.710923 
-0.373000 -0.706414 
-0.372000 -0.701868 
-0.371000 -0.697284 
-0.370000 -0.692662 
-0.369000 -0.688001 
-0.368000 -0.683301 
-0.367000 -0.678563 
-0.366000 -0.673785 
-0.365000 -0.668966 
-0.364000 -0.664108 
-0.363000 -0.659209 
-0.362000 -0.654269 
-0.361000 -0.649288 
-0.360000 -0.644266 
-0.359000 -0.639201 
-0.358000 -0.634094 
-0.357000 -0.628944 
-0.356000 -0.623751 
-0.355000 -0.618514 
-0.354000 -0.613233 
-0.353000 -0.607909 
-0.352000 -0.602539 
-0.351000 -0.597124 
-0.350000 -0.591664 
-0.349000 -0.586157 
-0.348000 -0.580604 
-0.347000 -0.575004 
-0.346000 -0.569357 
-0.345000 -0.563663 
-0.344000 -0.557920 
-0.343000 -0.552128 
-0.342000 -0.546288 
-0.341000 -0.540397 
-0.340000 -0.534457 
-0.339000 -0.528466 
-0.338000 -0.522425 
-0.337000 -0.516331 
-0.336000 -0.510186 
-0.335000 -0.503988 
-0.334000 -0.497738 
-0.333000 -0.491433 
-0.332000 -0.485075 
-0.331000 -0.478662 
-0.330000 -0.472195 
-0.329000 -0.465671 
-0.328000 -0.459091 
-0.327000 -0.452455 
-0.326000 -0.445761 
-0.325000 -0.439009 
-0.324000 -0.432199 
-0.323000 -0.425330 
-0.322000 -0.418401 
-0.321000 -0.411412 
-0.320000 -0.404362 
-0.319000 -0.397251 
-0.318000 -0.390078 
-0.317000 -0.382842 
-0.316000 -0.375542 
-0.315000 -0.368179 
-0.314000 -0.360750 
-0.313000 -0.353257 
-0.312000 -0.345697 
-0.311000 -0.338071 
-0.310000 -0.330377 
-0.309000 -0.322616 
-0.308000 -0.314785 
-0.307000 -0.306885 
-0.306000 -0.298915 
-0.305000 -0.290873 
-0.304000 -0.282760 
-0.303000 -0.274575 
-0.302000 -0.266316 
-0.301000 -0.257983 
-0.300000 -0.249575 
-0.299000 -0.241092 
-0.298000 -0.232532 
-0.297000 -0.223895 
-0.296000 -0.215180 
-0.295000 -0.206386 
-0.294000 -0.197512 
-0.293000 -0.188558 
-0.292000 -0.179522 
-0.291000 -0.170403 
-0.290000 -0.161201 
-0.289000 -0.151916 
-0.288000 -0.142545 
-0.287000 -0.133088 
-0.286000 -0.123544 
-0.285000 -0.113912 
-0.284000 -0.104191 
-0.283000 -0.094380 
-0.282000 -0.084478 
-0.281000 -0.074485 
-0.280000 -0.064399 
-0.279000 -0.054218 
-0.278000 -0.043943 
-0.277000 -0.033572 
-0.276000 -0.023104 
-0.275000 -0.012538 
-0.274000 -0.001873 
-0.273000 0.008893 
-0.272000 0.019760 
-0.271000 0.030730 
-0.270000 0.041803 
-0.269000 0.052981 
-0.268000 0.064265 
-0.267000 0.075657 
-0.266000 0.087156 
-0.265000 0.098765 
-0.264000 0.110485 
-0.263000 0.122317 
-0.262000 0.134262 
-0.261000 0.146321 
-0.260000 0.158496 
-0.259000 0.170788 
-0.258000 0.183199 
-0.257000 0.195729 
-0.256000 0.208380 
-0.255000 0.221153 
-0.254000 0.234049 
-0.253000 0.247071 
-0.252000 0.260219 
-0.251000 0.273494 
-0.250000 0.286899 
-0.249000 0.300433 
-0.248000 0.314100 
-0.247000 0.327900 
-0.246000 0.341834 
-0.245000 0.355905 
-0.244000 0.370113 
-0.243000 0.384460 
-0.242000 0.398947 
-0.241000 0.413576 
-0.240000 0.428349 
-0.239000 0.443266 
-0.238000 0.458330 
-0.237000 0.473541 
-0.236000 0.488902 
-0.235000 0.504413 
-0.234000 0.520077 
-0.233000 0.535894 
-0.232000 0.551866 
-0.231000 0.567996 
-0.230000 0.584283 
-0.229000 0.600730 
-0.228000 0.617338 
-0.227000 0.634109 
-0.226000 0.651043 
-0.225000 0.668144 
-0.224000 0.685411 
-0.223000 0.702847 
-0.222000 0.720452 
-0.221000 0.738229 
-0.220000 0.756178 
-0.219000 0.774301 
-0.218000 0.792600 
-0.217000 0.811075 
-0.216000 0.829728 
-0.215000 0.848560 
-0.214000 0.867572 
-0.213000 0.886766 
-0.212000 0.906142 
-0.211000 0.925703 
-0.210000 0.945447 
-0.209000 0.965378 
-0.208000 0.985495 
-0.207000 1.005800 
-0.206000 1.026294 
-0.205000 1.046976 
-0.204000 1.067848 
-0.203000 1.088911 
-0.202000 1.110164 
-0.201000 1.131609 
-0.200000 1.153245 
-0.199000 1.175074 
-0.198000 1.197094 
-0.197000 1.219307 
-0.196000 1.241711 
-0.195000 1.264307 
-0.194000 1.287094 
-0.193000 1.310072 
-0.192000 1.333240 
-0.191000 1.356598 
-0.190000 1.380144 
-0.189000 1.403877 
-0.188000 1.427796 
-0.187000 1.451899 
-0.186000 1.476185 
-0.185000 1.500652 
-0.184000 1.525297 
-0.183000 1.550118 
-0.182000 1.575113 
-0.181000 1.600279 
-0.180000 1.625611 
-0.179000 1.651108 
-0.178000 1.676766 
-0.177000 1.702579 
-0.176000 1.728545 
-0.175000 1.754658 
-0.174000 1.780913 
-0.173000 1.807305 
-0.172000 1.833828 
-0.171000 1.860477 
-0.170000 1.887244 
-0.169000 1.914123 
-0.168000 1.941106 
-0.167000 1.968187 
-0.166000 1.995356 
-0.165000 2.022604 
-0.164000 2.049924 
-0.163000 2.077306 
-0.162000 2.104738 
-0.161000 2.132211 
-0.160000 2.159714 
-0.159000 2.187236 
-0.158000 2.214763 
-0.157000 2.242283 
-0.156000 2.269784 
-0.155000 2.297252 
-0.154000 2.324671 
-0.153000 2.352029 
-0.152000 2.379308 
-0.151000 2.406493 
-0.150000 2.433568 
-0.149000 2.460516 
-0.148000 2.487319 
-0.147000 2.513959 
-0.146000 2.540418 
-0.145000 2.566675 
-0.144000 2.592713 
-0.143000 2.618510 
-0.142000 2.644047 
-0.141000 2.669302 
-0.140000 2.694253 
-0.139000 2.718880 
-0.138000 2.743160 
-0.137000 2.767071 
-0.136000 2.790590 
-0.135000 2.813694 
-0.134000 2.836361 
-0.133000 2.858567 
-0.132000 2.880289 
-0.131000 2.901504 
-0.130000 2.922188 
-0.129000 2.942319 
-0.128000 2.961874 
-0.127000 2.980829 
-0.126000 2.999163 
-0.125000 3.016853 
-0.124000 3.033878 
-0.123000 3.050217 
-0.122000 3.065848 
-0.121000 3.080752 
-0.120000 3.094910 
-0.119000 3.108303 
-0.118000 3.120913 
-0.117000 3.132723 
-0.116000 3.143718 
-0.115000 3.153883 
-0.114000 3.163203 
-0.113000 3.171666 
-0.112000 3.179261 
-0.111000 3.185977 
-0.110000 3.191806 
-0.109000 3.196739 
-0.108000 3.200770 
-0.107000 3.203894 
-0.106000 3.206107 
-0.105000 3.207417 
-0.104000 3.207793 
-0.103000 3.207255 
-0.102000 3.205805 
-0.101000 3.203447 
-0.100000 3.200184 
-0.099000 3.196022 
-0.098000 3.190968 
-0.097000 3.185032 
-0.096000 3.178221 
-0.095000 3.170549 
-0.094000 3.162025 
-0.093000 3.152664 
-0.092000 3.142480 
-0.091000 3.131488 
-0.090000 3.119705 
-0.089000 3.107147 
-0.088000 3.093832 
-0.087000 3.079780 
-0.086000 3.065009 
-0.085000 3.049540 
-0.084000 3.033393 
-0.083000 3.016590 
-0.082000 2.999152 
-0.081000 2.981100 
-0.080000 2.962457 
-0.079000 2.943246 
-0.078000 2.923489 
-0.077000 2.903209 
-0.076000 2.882428 
-0.075000 2.861170 
-0.074000 2.839457 
-0.073000 2.817311 
-0.072000 2.794755 
-0.071000 2.771812 
-0.070000 2.748503 
-0.069000 2.724850 
-0.068000 2.700875 
-0.067000 2.676598 
-0.066000 2.652040 
-0.065000 2.627222 
-0.064000 2.602163 
-0.063000 2.576883 
-0.062000 2.551401 
-0.061000 2.525735 
-0.060000 2.499903 
-0.059000 2.473922 
-0.058000 2.447811 
-0.057000 2.421584 
-0.056000 2.395257 
-0.055000 2.368847 
-0.054000 2.342368 
-0.053000 2.315834 
-0.052000 2.289260 
-0.051000 2.262657 
-0.050000 2.236039 
-0.049000 2.209418 
-0.048000 2.182806 
-0.047000 2.156214 
-0.046000 2.129653 
-0.045000 2.103132 
-0.044000 2.076662 
-0.043000 2.050251 
-0.042000 2.023909 
-0.041000 1.997643 
-0.040000 1.971463 
-0.039000 1.945374 
-0.038000 1.919385 
-0.037000 1.893502 
-0.036000 1.867732 
-0.035000 1.842079 
-0.034000 1.816551 
-0.033000 1.791151 
-0.032000 1.765886 
-0.031000 1.740759 
-0.030000 1.715775 
-0.029000 1.690937 
-0.028000 1.666250 
-0.027000 1.641718 
-0.026000 1.617342 
-0.025000 1.593126 
-0.024000 1.569072 
-0.023000 1.545184 
-0.022000 1.521463 
-0.021000 1.497911 
-0.020000 1.474530 
-0.019000 1.451322 
-0.018000 1.428287 
-0.017000 1.405428 
-0.016000 1.382746 
-0.015000 1.360240 
-0.014000 1.337913 
-0.013000 1.315764 
-0.012000 1.293794 
-0.011000 1.272003 
-0.010000 1.250393 
-0.009000 1.228962 
-0.008000 1.207711 
-0.007000 1.186639 
-0.006000 1.165747 
-0.005000 1.145035 
-0.004000 1.124501 
-0.003000 1.104146 
-0.002000 1.083968 
-0.001000 1.063968 
-0.000000 1.044145 
0.001000 1.024498 
0.002000 1.005025 
0.003000 0.985727 
0.004000 0.966603 
0.005000 0.947651 
0.006000 0.928870 
0.007000 0.910261 
0.008000 0.891820 
0.009000 0.873548 
0.010000 0.855443 
0.011000 0.837504 
0.012000 0.819730 
0.013000 0.802120 
0.014000 0.784672 
0.015000 0.767386 
0.016000 0.750259 
0.017000 0.733292 
0.018000 0.716481 
0.019000 0.699827 
0.020000 0.683327 
0.021000 0.666981 
0.022000 0.650787 
0.023000 0.634743 
0.024000 0.618849 
0.025000 0.603103 
0.026000 0.587504 
0.027000 0.572050 
0.028000 0.556740 
0.029000 0.541573 
0.030000 0.526546 
0.031000 0.511660 
0.032000 0.496912 
0.033000 0.482302 
0.034000 0.467827 
0.035000 0.453487 
0.036000 0.439280 
0.037000 0.425204 
0.038000 0.411259 
0.039000 0.397444 
0.040000 0.383756 
0.041000 0.370194 
0.042000 0.356758 
0.043000 0.343446 
0.044000 0.330257 
0.045000 0.317189 
0.046000 0.304241 
0.047000 0.291412 
0.048000 0.278700 
0.049000 0.266106 
0.050000 0.253626 
0.051000 0.241260 
0.052000 0.229007 
0.053000 0.216866 
0.054000 0.204835 
0.055000 0.192913 
0.056000 0.181100 
0.057000 0.169393 
0.058000 0.157792 
0.059000 0.146296 
0.060000 0.134903 
0.061000 0.123613 
0.062000 0.112424 
0.063000 0.101336 
0.064000 0.090347 
0.065000 0.079456 
0.066000 0.068662 
0.067000 0.057964 
0.068000 0.047362 
0.069000 0.036853 
0.070000 0.026438 
0.071000 0.016114 
0.072000 0.005882 
0.073000 -0.004260 
0.074000 -0.014313 
0.075000 -0.024278 
0.076000 -0.034155 
0.077000 -0.043946 
0.078000 -0.053651 
0.079000 -0.063272 
0.080000 -0.072809 
0.081000 -0.082264 
0.082000 -0.091636 
0.083000 -0.100927 
0.084000 -0.110138 
0.085000 -0.119270 
0.086000 -0.128323 
0.087000 -0.137298 
0.088000 -0.146197 
0.089000 -0.155019 
0.090000 -0.163765 
0.091000 -0.172438 
0.092000 -0.181036 
0.093000 -0.189561 
0.094000 -0.198014 
0.095000 -0.206396 
0.096000 -0.214706 
0.097000 -0.222946 
0.098000 -0.231117 
0.099000 -0.239220 
0.100000 -0.247254 
0.101000 -0.255221 
0.102000 -0.263121 
0.103000 -0.270956 
0.104000 -0.278725 
0.105000 -0.286429 
0.106000 -0.294069 
0.107000 -0.301646 
0.108000 -0.309161 
0.109000 -0.316613 
0.110000 -0.324003 
0.111000 -0.331333 
0.112000 -0.338603 
0.113000 -0.345812 
0.114000 -0.352963 
0.115000 -0.360055 
0.116000 -0.367089 
0.117000 -0.374066 
0.118000 -0.380985 
0.119000 -0.387849 
0.120000 -0.394656 
0.121000 -0.401409 
0.122000 -0.408107 
0.123000 -0.414750 
0.124000 -0.421340 
0.125000 -0.427877 
0.126000 -0.434361 
0.127000 -0.440793 
0.128000 -0.447173 
0.129000 -0.453502 
0.130000 -0.459780 
0.131000 -0.466008 
0.132000 -0.472186 
0.133000 -0.478315 
0.134000 -0.484395 
0.135000 -0.490427 
0.136000 -0.496411 
0.137000 -0.502347 
0.138000 -0.508236 
0.139000 -0.514078 
0.140000 -0.519875 
0.141000 -0.525625 
0.142000 -0.531330 
0.143000 -0.536990 
0.144000 -0.542605 
0.145000 -0.548176 
0.146000 -0.553703 
0.147000 -0.559187 
0.148000 -0.564628 
0.149000 -0.570026 
0.150000 -0.575382 
0.151000 -0.580695 
0.152000 -0.585968 
0.153000 -0.591199 
0.154000 -0.596389 
0.155000 -0.601539 
0.156000 -0.606648 
0.157000 -0.611718 
0.158000 -0.616748 
0.159000 -0.621739 
0.160000 -0.626691 
0.161000 -0.631605 
0.162000 -0.636481 
0.163000 -0.641318 
0.164000 -0.646119 
0.165000 -0.650882 
0.166000 -0.655608 
0.167000 -0.660297 
0.168000 -0.664950 
0.169000 -0.669567 
0.170000 -0.674149 
0.171000 -0.678695 
0.172000 -0.683206 
0.173000 -0.687682 
0.174000 -0.692123 
0.175000 -0.696530 
0.176000 -0.700903 
0.177000 -0.705242 
0.178000 -0.709548 
0.179000 -0.713821 
0.180000 -0.718060 
0.181000 -0.722267 
0.182000 -0.726441 
0.183000 -0.730584 
0.184000 -0.734694 
0.185000 -0.738772 
0.186000 -0.742819 
0.187000 -0.746835 
0.188000 -0.750819 
0.189000 -0.754773 
0.190000 -0.758697 
0.191000 -0.762590 
0.192000 -0.766453 
0.193000 -0.770286 
0.194000 -0.774089 
0.195000 -0.777863 
0.196000 -0.781608 
0.197000 -0.785324 
0.198000 -0.789011 
0.199000 -0.792669 
0.200000 -0.796299 
0.201000 -0.799901 
0.202000 -0.803475 
0.203000 -0.807021 
0.204000 -0.810539 
0.205000 -0.814030 
0.206000 -0.817494 
0.207000 -0.820931 
0.208000 -0.824341 
0.209000 -0.827725 
0.210000 -0.831082 
0.211000 -0.834412 
0.212000 -0.837717 
0.213000 -0.840996 
0.214000 -0.844249 
0.215000 -0.847476 
0.216000 -0.850678 
0.217000 -0.853855 
0.218000 -0.857006 
0.219000 -0.860133 
0.220000 -0.863235 
0.221000 -0.866313 
0.222000 -0.869366 
0.223000 -0.872394 
0.224000 -0.875399 
0.225000 -0.878380 
0.226000 -0.881337 
0.227000 -0.884270 
0.228000 -0.887180 
0.229000 -0.890066 
0.230000 -0.892929 
0.231000 -0.895769 
0.232000 -0.898586 
0.233000 -0.901381 
0.234000 -0.904153 
0.235000 -0.906902 
0.236000 -0.909629 
0.237000 -0.912333 
0.238000 -0.915016 
0.239000 -0.917676 
0.240000 -0.920315 
0.241000 -0.922932 
0.242000 -0.925528 
0.243000 -0.928101 
0.244000 -0.930654 
0.245000 -0.933185 
0.246000 -0.935696 
0.247000 -0.938185 
0.248000 -0.940653 
0.249000 -0.943101 
0.250000 -0.945528 
0.251000 -0.947934 
0.252000 -0.950321 
0.253000 -0.952686 
0.254000 -0.955032 
0.255000 -0.957357 
0.256000 -0.959663 
0.257000 -0.961949 
0.258000 -0.964215 
0.259000 -0.966461 
0.260000 -0.968688 
0.261000 -0.970895 
0.262000 -0.973083 
0.263000 -0.975251 
0.264000 -0.977401 
0.265000 -0.979531 
0.266000 -0.981643 
0.267000 -0.983735 
0.268000 -0.985809 
0.269000 -0.987864 
0.270000 -0.989901 
0.271000 -0.991919 
0.272000 -0.993918 
0.273000 -0.995900 
0.274000 -0.997863 
0.275000 -0.999808 
0.276000 -1.001734 
0.277000 -1.003643 
0.278000 -1.005534 
0.279000 -1.007407 
0.280000 -1.009263 
0.281000 -1.011100 
0.282000 -1.012920 
0.283000 -1.014723 
0.284000 -1.016508 
0.285000 -1.018276 
0.286000 -1.020026 
0.287000 -1.021760 
0.288000 -1.023476 
0.289000 -1.025175 
0.290000 -1.026857 
0.291000 -1.028522 
0.292000 -1.030171 
0.293000 -1.031802 
0.294000 -1.033417 
0.295000 -1.035015 
0.296000 -1.036597 
0.297000 -1.038162 
0.298000 -1.039710 
0.299000 -1.041243 
0.300000 -1.042758 
0.301000 -1.044258 
0.302000 -1.045741 
0.303000 -1.047209 
0.304000 -1.048660 
0.305000 -1.050095 
0.306000 -1.051514 
0.307000 -1.052917 
0.308000 -1.054305 
0.309000 -1.055676 
0.310000 -1.057032 
0.311000 -1.058372 
0.312000 -1.059697 
0.313000 -1.061005 
0.314000 -1.062299 
0.315000 -1.063577 
0.316000 -1.064839 
0.317000 -1.066086 
0.318000 -1.067318 
0.319000 -1.068534 
0.320000 -1.069735 
0.321000 -1.070921 
0.322000 -1.072091 
0.323000 -1.073247 
0.324000 -1.074388 
0.325000 -1.075513 
0.326000 -1.076624 
0.327000 -1.077719 
0.328000 -1.078800 
0.329000 -1.079865 
0.330000 -1.080916 
0.331000 -1.081953 
0.332000 -1.082974 
0.333000 -1.083981 
0.334000 -1.084973 
0.335000 -1.085950 
0.336000 -1.086913 
0.337000 -1.087861 
0.338000 -1.088795 
0.339000 -1.089714 
0.340000 -1.090619 
0.341000 -1.091509 
0.342000 -1.092385 
0.343000 -1.093247 
0.344000 -1.094094 
0.345000 -1.094927 
0.346000 -1.095745 
0.347000 -1.096550 
0.348000 -1.097340 
0.349000 -1.098116 
0.350000 -1.098878 
0.351000 -1.099625 
0.352000 -1.100359 
0.353000 -1.101078 
0.354000 -1.101784 
0.355000 -1.102475 
0.356000 -1.103152 
0.357000 -1.103816 
0.358000 -1.104465 
0.359000 -1.105101 
0.360000 -1.105722 
0.361000 -1.106330 
0.362000 -1.106923 
0.363000 -1.107503 
0.364000 -1.108069 
0.365000 -1.108621 
0.366000 -1.109160 
0.367000 -1.109684 
0.368000 -1.110195 
0.369000 -1.110692 
0.370000 -1.111175 
0.371000 -1.111645 
0.372000 -1.112101 
0.373000 -1.112543 
0.374000 -1.112971 
0.375000 -1.113386 
0.376000 -1.113787 
0.377000 -1.114174 
0.378000 -1.114548 
0.379000 -1.114908 
0.380000 -1.115255 
0.381000 -1.115588 
0.382000 -1.115907 
0.383000 -1.116213 
0.384000 -1.116505 
0.385000 -1.116783 
0.386000 -1.117048 
0.387000 -1.117299 
0.388000 -1.117537 
0.389000 -1.117761 
0.390000 -1.117972 
0.391000 -1.118169 
0.392000 -1.118353 
0.393000 -1.118523 
0.394000 -1.118679 
0.395000 -1.118824 
0.396000 -1.118953 
0.397000 -1.119069 
0.398000 -1.119171 
0.399000 -1.119259 
0.400000 -1.119334 
0.401000 -1.119396 
0.402000 -1.119444 
0.403000 -1.119478 
0.404000 -1.119499 
0.405000 -1.119506 
0.406000 -1.119500 
0.407000 -1.119480 
0.408000 -1.119446 
0.409000 -1.119399 
0.410000 -1.119339 
0.411000 -1.119264 
0.412000 -1.119177 
0.413000 -1.119075 
0.414000 -1.118960 
0.415000 -1.118831 
0.416000 -1.118689 
0.417000 -1.118533 
0.418000 -1.118363 
0.419000 -1.118180 
0.420000 -1.117983 
0.421000 -1.117772 
0.422000 -1.117547 
0.423000 -1.117309 
0.424000 -1.117057 
0.425000 -1.116791 
0.426000 -1.116512 
0.427000 -1.116218 
0.428000 -1.115911 
0.429000 -1.115590 
0.430000 -1.115256 
0.431000 -1.114907 
0.432000 -1.114544 
0.433000 -1.114168 
0.434000 -1.113777 
0.435000 -1.113373 
0.436000 -1.112955 
0.437000 -1.112522 
0.438000 -1.112076 
0.439000 -1.111616 
0.440000 -1.111141 
0.441000 -1.110653 
0.442000 -1.110150 
0.443000 -1.109633 
0.444000 -1.109103 
0.445000 -1.108557 
0.446000 -1.107998 
0.447000 -1.107424 
0.448000 -1.106837 
0.449000 -1.106234 
0.450000 -1.105618 
0.451000 -1.104987 
0.452000 -1.104342 
0.453000 -1.103682 
0.454000 -1.103008 
0.455000 -1.102319 
0.456000 -1.101616 
0.457000 -1.100898 
0.458000 -1.100166 
0.459000 -1.099419 
0.460000 -1.098657 
0.461000 -1.097881 
0.462000 -1.097090 
0.463000 -1.096284 
0.464000 -1.095463 
0.465000 -1.094627 
0.466000 -1.093777 
0.467000 -1.092911 
0.468000 -1.092031 
0.469000 -1.091135 
0.470000 -1.090225 
0.471000 -1.089299 
0.472000 -1.088358 
0.473000 -1.087402 
0.474000 -1.086430 
0.475000 -1.085444 
0.476000 -1.084442 
0.477000 -1.083424 
0.478000 -1.082391 
0.479000 -1.081343 
0.480000 -1.080279 
0.481000 -1.079199 
0.482000 -1.078104 
0.483000 -1.076993 
0.484000 -1.075866 
0.485000 -1.074724 
0.486000 -1.073565 
0.487000 -1.072391 
0.488000 -1.071201 
0.489000 -1.069994 
0.490000 -1.068772 
0.491000 -1.067533 
0.492000 -1.066278 
0.493000 -1.065007 
0.494000 -1.063719 
0.495000 -1.062415 
0.496000 -1.061095 
0.497000 -1.059758 
0.498000 -1.058404 
0.499000 -1.057034 
0.500000 -1.055647 
0.501000 -1.054243 
0.502000 -1.052822 
0.503000 -1.051385 
0.504000 -1.049930 
0.505000 -1.048458 
0.506000 -1.046969 
0.507000 -1.045463 
0.508000 -1.043939 
0.509000 -1.042398 
0.510000 -1.040840 
0.511000 -1.039264 
0.512000 -1.037671 
0.513000 -1.036059 
0.514000 -1.034430 
0.515000 -1.032783 
0.516000 -1.031118 
0.517000 -1.029435 
0.518000 -1.027734 
0.519000 -1.026015 
0.520000 -1.024278 
0.521000 -1.022522 
0.522000 -1.020747 
0.523000 -1.018954 
0.524000 -1.017143 
0.525000 -1.015312 
0.526000 -1.013463 
0.527000 -1.011595 
0.528000 -1.009708 
0.529000 -1.007802 
0.530000 -1.005876 
0.531000 -1.003931 
0.532000 -1.001967 
0.533000 -0.999983 
0.534000 -0.997980 
0.535000 -0.995957 
0.536000 -0.993914 
0.537000 -0.991851 
0.538000 -0.989768 
0.539000 -0.987665 
0.540000 -0.985541 
0.541000 -0.983397 
0.542000 -0.981233 
0.543000 -0.979048 
0.544000 -0.976842 
0.545000 -0.974616 
0.546000 -0.972368 
0.547000 -0.970100 
0.548000 -0.967810 
0.549000 -0.965499 
0.550000 -0.963166 
0.551000 -0.960812 
0.552000 -0.958436 
0.553000 -0.956038 
0.554000 -0.953619 
0.555000 -0.951177 
0.556000 -0.948713 
0.557000 -0.946226 
0.558000 -0.943717 
0.559000 -0.941186 
0.560000 -0.938631 
0.561000 -0.936054 
0.562000 -0.933454 
0.563000 -0.930830 
0.564000 -0.928183 
0.565000 -0.925512 
0.566000 -0.922818 
0.567000 -0.920100 
0.568000 -0.917358 
0.569000 -0.914592 
0.570000 -0.911802 
0.571000 -0.908987 
0.572000 -0.906147 
0.573000 -0.903283 
0.574000 -0.900394 
0.575000 -0.897479 
0.576000 -0.894540 
0.577000 -0.891575 
0.578000 -0.888584 
0.579000 -0.885568 
0.580000 -0.882525 
0.581000 -0.879457 
0.582000 -0.876362 
0.583000 -0.873240 
0.584000 -0.870092 
0.585000 -0.866917 
0.586000 -0.863715 
0.587000 -0.860486 
0.588000 -0.857229 
0.589000 -0.853944 
0.590000 -0.850632 
0.591000 -0.847291 
0.592000 -0.843922 
0.593000 -0.840525 
0.594000 -0.837099 
0.595000 -0.833644 
0.596000 -0.830160 
0.597000 -0.826647 
0.598000 -0.823104 
0.599000 -0.819532 
0.600000 -0.815929 
0.601000 -0.812296 
0.602000 -0.808633 
0.603000 -0.804939 
0.604000 -0.801214 
0.605000 -0.797457 
0.606000 -0.793670 
0.607000 -0.789851 
0.608000 -0.786000 
0.609000 -0.782116 
0.610000 -0.778201 
0.611000 -0.774252 
0.612000 -0.770271 
0.613000 -0.766256 
0.614000 -0.762209 
0.615000 -0.758127 
0.616000 -0.754011 
0.617000 -0.749861 
0.618000 -0.745677 
0.619000 -0.741458 
0.620000 -0.737203 
0.621000 -0.732913 
0.622000 -0.728588 
0.623000 -0.724226 
0.624000 -0.719828 
0.625000 -0.715394 
0.626000 -0.710923 
0.627000 -0.706414 
0.628000 -0.701868 
0.629000 -0.697284 
0.630000 -0.692662 
0.631000 -0.688001 
0.632000 -0.683301 
0.633000 -0.678563 
0.634000 -0.673785 
0.635000 -0.668966 
0.636000 -0.664108 
0.637000 -0.659209 
0.638000 -0.654269 
0.639000 -0.649288 
0.640000 -0.644266 
0.641000 -0.639201 
0.642000 -0.634094 
0.643000 -0.628944 
0.644000 -0.623751 
0.645000 -0.618514 
0.646000 -0.613233 
0.647000 -0.607909 
0.648000 -0.602539 
0.649000 -0.597124 
0.650000 -0.591664 
0.651000 -0.586157 
0.652000 -0.580604 
0.653000 -0.575004 
0.654000 -0.569357 
0.655000 -0.563663 
0.656000 -0.557920 
0.657000 -0.552128 
0.658000 -0.546288 
0.659000 -0.540397 
0.660000 -0.534457 
0.661000 -0.528466 
0.662000 -0.522425 
0.663000 -0.516331 
0.664000 -0.510186 
0.665000 -0.503988 
0.666000 -0.497738 
0.667000 -0.491433 
0.668000 -0.485075 
0.669000 -0.478662 
0.670000 -0.472195 
0.671000 -0.465671 
0.672000 -0.459091 
0.673000 -0.452455 
0.674000 -0.445761 
0.675000 -0.439009 
0.676000 -0.432199 
0.677000 -0.425330 
0.678000 -0.418401 
0.679000 -0.411412 
0.680000 -0.404362 
0.681000 -0.397251 
0.682000 -0.390078 
0.683000 -0.382842 
0.684000 -0.375542 
0.685000 -0.368179 
0.686000 -0.360750 
0.687000 -0.353257 
0.688000 -0.345697 
0.689000 -0.338071 
0.690000 -0.330377 
0.691000 -0.322616 
0.692000 -0.314785 
0.693000 -0.306885 
0.694000 -0.298915 
0.695000 -0.290873 
0.696000 -0.282760 
0.697000 -0.274575 
0.698000 -0.266316 
0.699000 -0.257983 
0.700000 -0.249575 
0.701000 -0.241092 
0.702000 -0.232532 
0.703000 -0.223895 
0.704000 -0.215180 
0.705000 -0.206386 
0.706000 -0.197512 
0.707000 -0.188558 
0.708000 -0.179522 
0.709000 -0.170403 
0.710000 -0.161201 
0.711000 -0.151916 
0.712000 -0.142545 
0.713000 -0.133088 
0.714000 -0.123544 
0.715000 -0.113912 
0.716000 -0.104191 
0.717000 -0.094380 
0.718000 -0.084478 
0.719000 -0.074485 
0.720000 -0.064399 
0.721000 -0.054218 
0.722000 -0.043943 
0.723000 -0.033572 
0.724000 -0.023104 
0.725000 -0.012538 
0.726000 -0.001873 
0.727000 0.008893 
0.728000 0.019760 
0.729000 0.030730 
0.730000 0.041803 
0.731000 0.052981 
0.732000 0.064265 
0.733000 0.075657 
0.734000 0.087156 
0.735000 0.098765 
0.736000 0.110485 
0.737000 0.122317 
0.738000 0.134262 
0.739000 0.146321 
0.740000 0.158496 
0.741000 0.170788 
0.742000 0.183199 
0.743000 0.195729 
0.744000 0.208380 
0.745000 0.221153 
0.746000 0.234049 
0.747000 0.247071 
0.748000 0.260219 
0.749000 0.273494 
0.750000 0.286899 
0.751000 0.300433 
0.752000 0.314100 
0.753000 0.327900 
0.754000 0.341834 
0.755000 0.355905 
0.756000 0.370113 
0.757000 0.384460 
0.758000 0.398947 
0.759000 0.413576 
0.760000 0.428349 
0.761000 0.443266 
0.762000 0.458330 
0.763000 0.473541 
0.764000 0.488902 
0.765000 0.504413 
0.766000 0.520077 
0.767000 0.535894 
0.768000 0.551866 
0.769000 0.567996 
0.770000 0.584283 
0.771000 0.600730 
0.772000 0.617338 
0.773000 0.634109 
0.774000 0.651043 
0.775000 0.668144 
0.776000 0.685411 
0.777000 0.702847 
0.778000 0.720452 
0.779000 0.738229 
0.780000 0.756178 
0.781000 0.774301 
0.782000 0.792600 
0.783000 0.811075 
0.784000 0.829728 
0.785000 0.848560 
0.786000 0.867572 
0.787000 0.886766 
0.788000 0.906142 
0.789000 0.925703 
0.790000 0.945447 
0.791000 0.965378 
0.792000 0.985495 
0.793000 1.005800 
0.794000 1.026294 
0.795000 1.046976 
0.796000 1.067848 
0.797000 1.088911 
0.798000 1.110164 
0.799000 1.131609 
0.800000 1.153245 
0.801000 1.175074 
0.802000 1.197094 
0.803000 1.219307 
0.804000 1.241711 
0.805000 1.264307 
0.806000 1.287094 
0.807000 1.310072 
0.808000 1.333240 
0.809000 1.356598 
0.810000 1.380144 
0.811000 1.403877 
0.812000 1.427796 
0.813000 1.451899 
0.814000 1.476185 
0.815000 1.500652 
0.816000 1.525297 
0.817000 1.550118 
0.818000 1.575113 
0.819000 1.600279 
0.820000 1.625611 
0.821000 1.651108 
0.822000 1.676766 
0.823000 1.702579 
0.824000 1.728545 
0.825000 1.754658 
0.826000 1.780913 
0.827000 1.807305 
0.828000 1.833828 
0.829000 1.860477 
0.830000 1.887244 
0.831000 1.914123 
0.832000 1.941106 
0.833000 1.968187 
0.834000 1.995356 
0.835000 2.022604 
0.836000 2.049924 
0.837000 2.077306 
0.838000 2.104738 
0.839000 2.132211 
0.840000 2.159714 
0.841000 2.187236 
0.842000 2.214763 
0.843000 2.242283 
0.844000 2.269784 
0.845000 2.297252 
0.846000 2.324671 
0.847000 2.352029 
0.848000 2.379308 
0.849000 2.406493 
0.850000 2.433568 
0.851000 2.460516 
0.852000 2.487319 
0.853000 2.513959 
0.854000 2.540418 
0.855000 2.566675 
0.856000 2.592713 
0.857000 2.618510 
0.858000 2.644047 
0.859000 2.669302 
0.860000 2.694253 
0.861000 2.718880 
0.862000 2.743160 
0.863000 2.767071 
0.864000 2.790590 
0.865000 2.813694 
0.866000 2.836361 
0.867000 2.858567 
0.868000 2.880289 
0.869000 2.901504 
0.870000 2.922188 
0.871000 2.942319 
0.872000 2.961874 
0.873000 2.980829 
0.874000 2.999163 
0.875000 3.016853 
0.876000 3.033878 
0.877000 3.050217 
0.878000 3.065848 
0.879000 3.080752 
0.880000 3.094910 
0.881000 3.108303 
0.882000 3.120913 
0.883000 3.132723 
0.884000 3.143718 
0.885000 3.153883 
0.886000 3.163203 
0.887000 3.171666 
0.888000 3.179261 
0.889000 3.185977 
0.890000 3.191806 
0.891000 3.196739 
0.892000 3.200770 
0.893000 3.203894 
0.894000 3.206107 
0.895000 3.207417 
0.896000 3.207793 
0.897000 3.207255 
0.898000 3.205805 
0.899000 3.203447 
0.900000 3.200184 
0.901000 3.196022 
0.902000 3.190968 
0.903000 3.185032 
0.904000 3.178221 
0.905000 3.170549 
0.906000 3.162025 
0.907000 3.152664 
0.908000 3.142480 
0.909000 3.131488 
0.910000 3.119705 
0.911000 3.107147 
0.912000 3.093832 
0.913000 3.079780 
0.914000 3.065009 
0.915000 3.049540 
0.916000 3.033393 
0.917000 3.016590 
0.918000 2.999152 
0.919000 2.981100 
0.920000 2.962457 
0.921000 2.943246 
0.922000 2.923489 
0.923000 2.903209 
0.924000 2.882428 
0.925000 2.861170 
0.926000 2.839457 
0.927000 2.817311 
0.928000 2.794755 
0.929000 2.771812 
0.930000 2.748503 
0.931000 2.724850 
0.932000 2.700875 
0.933000 2.676598 
0.934000 2.652040 
0.935000 2.627222 
0.936000 2.602163 
0.937000 2.576883 
0.938000 2.551401 
0.939000 2.525735 
0.940000 2.499903 
0.941000 2.473922 
0.942000 2.447811 
0.943000 2.421584 
0.944000 2.395257 
0.945000 2.368847 
0.946000 2.342368 
0.947000 2.315834 
0.948000 2.289260 
0.949000 2.262657 
0.950000 2.236039 
0.951000 2.209418 
0.952000 2.182806 
0.953000 2.156214 
0.954000 2.129653 
0.955000 2.103132 
0.956000 2.076662 
0.957000 2.050251 
0.958000 2.023909 
0.959000 1.997643 
0.960000 1.971463 
0.961000 1.945374 
0.962000 1.919385 
0.963000 1.893502 
0.964000 1.867732 
0.965000 1.842079 
0.966000 1.816551 
0.967000 1.791151 
0.968000 1.765886 
0.969000 1.740759 
0.970000 1.715775 
0.971000 1.690937 
0.972000 1.666250 
0.973000 1.641718 
0.974000 1.617342 
0.975000 1.593126 
0.976000 1.569072 
0.977000 1.545184 
0.978000 1.521463 
0.979000 1.497911 
0.980000 1.474530 
0.981000 1.451322 
0.982000 1.428287 
0.983000 1.405428 
0.984000 1.382746 
0.985000 1.360240 
0.986000 1.337913 
0.987000 1.315764 
0.988000 1.293794 
0.989000 1.272003 
0.990000 1.250393 
0.991000 1.228962 
0.992000 1.207711 
0.993000 1.186639 
0.994000 1.165747 
0.995000 1.145035 
0.996000 1.124501 
0.997000 1.104146 
0.998000 1.083968 
0.999000 1.063968 
1.000000 1.044145 
1.001000 1.024498 
1.002000 1.005025 
1.003000 0.985727 
1.004000 0.966603 
1.005000 0.947651 
1.006000 0.928870 
1.007000 0.910261 
1.008000 0.891820 
1.009000 0.873548 
1.010000 0.855443 
1.011000 0.837504 
1.012000 0.819730 
1.013000 0.802120 
1.014000 0.784672 
1.015000 0.767386 
1.016000 0.750259 
1.017000 0.733292 
1.018000 0.716481 
1.019000 0.699827 
1.020000 0.683327 
1.021000 0.666981 
1.022000 0.650787 
1.023000 0.634743 
1.024000 0.618849 
1.025000 0.603103 
1.026000 0.587504 
1.027000 0.572050 
1.028000 0.556740 
1.029000 0.541573 
1.030000 0.526546 
1.031000 0.511660 
1.032000 0.496912 
1.033000 0.482302 
1.034000 0.467827 
1.035000 0.453487 
1.036000 0.439280 
1.037000 0.425204 
1.038000 0.411259 
1.039000 0.397444 
1.040000 0.383756 
1.041000 0.370194 
1.042000 0.356758 
1.043000 0.343446 
1.044000 0.330257 
1.045000 0.317189 
1.046000 0.304241 
1.047000 0.291412 
1.048000 0.278700 
1.049000 0.266106 
1.050000 0.253626 
1.051000 0.241260 
1.052000 0.229007 
1.053000 0.216866 
1.054000 0.204835 
1.055000 0.192913 
1.056000 0.181100 
1.057000 0.169393 
1.058000 0.157792 
1.059000 0.146296 
1.060000 0.134903 
1.061000 0.123613 
1.062000 0.112424 
1.063000 0.101336 
1.064000 0.090347 
1.065000 0.079456 
1.066000 0.068662 
1.067000 0.057964 
1.068000 0.047362 
1.069000 0.036853 
1.070000 0.026438 
1.071000 0.016114 
1.072000 0.005882 
1.073000 -0.004260 
1.074000 -0.014313 
1.075000 -0.024278 
1.076000 -0.034155 
1.077000 -0.043946 
1.078000 -0.053651 
1.079000 -0.063272 
1.080000 -0.072809 
1.081000 -0.082264 
1.082000 -0.091636 
1.083000 -0.100927 
1.084000 -0.110138 
1.085000 -0.119270 
1.086000 -0.128323 
1.087000 -0.137298 
1.088000 -0.146197 
1.089000 -0.155019 
1.090000 -0.163765 
1.091000 -0.172438 
1.092000 -0.181036 
1.093000 -0.189561 
1.094000 -0.198014 
1.095000 -0.206396 
1.096000 -0.214706 
1.097000 -0.222946 
1.098000 -0.231117 
1.099000 -0.239220 
1.100000 -0.247254 
1.101000 -0.255221 
1.102000 -0.263121 
1.103000 -0.270956 
1.104000 -0.278725 
1.105000 -0.286429 
1.106000 -0.294069 
1.107000 -0.301646 
1.108000 -0.309161 
1.109000 -0.316613 
1.110000 -0.324003 
1.111000 -0.331333 
1.112000 -0.338603 
1.113000 -0.345812 
1.114000 -0.352963 
1.115000 -0.360055 
1.116000 -0.367089 
1.117000 -0.374066 
1.118000 -0.380985 
1.119000 -0.387849 
1.120000 -0.394656 
1.121000 -0.401409 
1.122000 -0.408107 
1.123000 -0.414750 
1.124000 -0.421340 
1.125000 -0.427877 
1.126000 -0.434361 
1.127000 -0.440793 
1.128000 -0.447173 
1.129000 -0.453502 
1.130000 -0.459780 
1.131000 -0.466008 
1.132000 -0.472186 
1.133000 -0.478315 
1.134000 -0.484395 
1.135000 -0.490427 
1.136000 -0.496411 
1.137000 -0.502347 
1.138000 -0.508236 
1.139000 -0.514078 
1.140000 -0.519875 
1.141000 -0.525625 
1.142000 -0.531330 
1.143000 -0.536990 
1.144000 -0.542605 
1.145000 -0.548176 
1.146000 -0.553703 
1.147000 -0.559187 
1.148000 -0.564628 
1.149000 -0.570026 
1.150000 -0.575382 
1.151000 -0.580695 
1.152000 -0.585968 
1.153000 -0.591199 
1.154000 -0.596389 
1.155000 -0.601539 
1.156000 -0.606648 
1.157000 -0.611718 
1.158000 -0.616748 
1.159000 -0.621739 
1.160000 -0.626691 
1.161000 -0.631605 
1.162000 -0.636481 
1.163000 -0.641318 
1.164000 -0.646119 
1.165000 -0.650882 
1.166000 -0.655608 
1.167000 -0.660297 
1.168000 -0.664950 
1.169000 -0.669567 
1.170000 -0.674149 
1.171000 -0.678695 
1.172000 -0.683206 
1.173000 -0.687682 
1.174000 -0.692123 
1.175000 -0.696530 
1.176000 -0.700903 
1.177000 -0.705242 
1.178000 -0.709548 
1.179000 -0.713821 
1.180000 -0.718060 
1.181000 -0.722267 
1.182000 -0.726441 
1.183000 -0.730584 
1.184000 -0.734694 
1.185000 -0.738772 
1.186000 -0.742819 
1.187000 -0.746835 
1.188000 -0.750819 
1.189000 -0.754773 
1.190000 -0.758697 
1.191000 -0.762590 
1.192000 -0.766453 
1.193000 -0.770286 
1.194000 -0.774089 
1.195000 -0.777863 
1.196000 -0.781608 
1.197000 -0.785324 
1.198000 -0.789011 
1.199000 -0.792669 
1.200000 -0.796299 
1.201000 -0.799901 
1.202000 -0.803475 
1.203000 -0.807021 
1.204000 -0.810539 
1.205000 -0.814030 
1.206000 -0.817494 
1.207000 -0.820931 
1.208000 -0.824341 
1.209000 -0.827725 
1.210000 -0.831082 
1.211000 -0.834412 
1.212000 -0.837717 
1.213000 -0.840996 
1.214000 -0.844249 
1.215000 -0.847476 
1.216000 -0.850678 
1.217000 -0.853855 
1.218000 -0.857006 
1.219000 -0.860133 
1.220000 -0.863235 
1.221000 -0.866313 
1.222000 -0.869366 
1.223000 -0.872394 
1.224000 -0.875399 
1.225000 -0.878380 
1.226000 -0.881337 
1.227000 -0.884270 
1.228000 -0.887180 
1.229000 -0.890066 
1.230000 -0.892929 
1.231000 -0.895769 
1.232000 -0.898586 
1.233000 -0.901381 
1.234000 -0.904153 
1.235000 -0.906902 
1.236000 -0.909629 
1.237000 -0.912333 
1.238000 -0.915016 
1.239000 -0.917676 
1.240000 -0.920315 
1.241000 -0.922932 
1.242000 -0.925528 
1.243000 -0.928101 
1.244000 -0.930654 
1.245000 -0.933185 
1.246000 -0.935696 
1.247000 -0.938185 
1.248000 -0.940653 
1.249000 -0.943101 
1.250000 -0.945528 
1.251000 -0.947934 
1.252000 -0.950321 
1.253000 -0.952686 
1.254000 -0.955032 
1.255000 -0.957357 
1.256000 -0.959663 
1.257000 -0.961949 
1.258000 -0.964215 
1.259000 -0.966461 
1.260000 -0.968688 
1.261000 -0.970895 
1.262000 -0.973083 
1.263000 -0.975251 
1.264000 -0.977401 
1.265000 -0.979531 
1.266000 -0.981643 
1.267000 -0.983735 
1.268000 -0.985809 
1.269000 -0.987864 
1.270000 -0.989901 
1.271000 -0.991919 
1.272000 -0.993918 
1.273000 -0.995900 
1.274000 -0.997863 
1.275000 -0.999808 
1.276000 -1.001734 
1.277000 -1.003643 
1.278000 -1.005534 
1.279000 -1.007407 
1.280000 -1.009263 
1.281000 -1.011100 
1.282000 -1.012920 
1.283000 -1.014723 
1.284000 -1.016508 
1.285000 -1.018276 
1.286000 -1.020026 
1.287000 -1.021760 
1.288000 -1.023476 
1.289000 -1.025175 
1.290000 -1.026857 
1.291000 -1.028522 
1.292000 -1.030171 
1.293000 -1.031802 
1.294000 -1.033417 
1.295000 -1.035015 
1.296000 -1.036597 
1.297000 -1.038162 
1.298000 -1.039710 
1.299000 -1.041243 
1.300000 -1.042758 
1.301000 -1.044258 
1.302000 -1.045741 
1.303000 -1.047209 
1.304000 -1.048660 
1.305000 -1.050095 
1.306000 -1.051514 
1.307000 -1.052917 
1.308000 -1.054305 
1.309000 -1.055676 
1.310000 -1.057032 
1.311000 -1.058372 
1.312000 -1.059697 
1.313000 -1.061005 
1.314000 -1.062299 
1.315000 -1.063577 
1.316000 -1.064839 
1.317000 -1.066086 
1.318000 -1.067318 
1.319000 -1.068534 
1.320000 -1.069735 
1.321000 -1.070921 
1.322000 -1.072091 
1.323000 -1.073247 
1.324000 -1.074388 
1.325000 -1.075513 
1.326000 -1.076624 
1.327000 -1.077719 
1.328000 -1.078800 
1.329000 -1.079865 
1.330000 -1.080916 
1.331000 -1.081953 
1.332000 -1.082974 
1.333000 -1.083981 
1.334000 -1.084973 
1.335000 -1.085950 
1.336000 -1.086913 
1.337000 -1.087861 
1.338000 -1.088795 
1.339000 -1.089714 
1.340000 -1.090619 
1.341000 -1.091509 
1.342000 -1.092385 
1.343000 -1.093247 
1.344000 -1.094094 
1.345000 -1.094927 
1.346000 -1.095745 
1.347000 -1.096550 
1.348000 -1.097340 
1.349000 -1.098116 
1.350000 -1.098878 
1.351000 -1.099625 
1.352000 -1.100359 
1.353000 -1.101078 
1.354000 -1.101784 
1.355000 -1.102475 
1.356000 -1.103152 
1.357000 -1.103816 
1.358000 -1.104465 
1.359000 -1.105101 
1.360000 -1.105722 
1.361000 -1.106330 
1.362000 -1.106923 
1.363000 -1.107503 
1.364000 -1.108069 
1.365000 -1.108621 
1.366000 -1.109160 
1.367000 -1.109684 
1.368000 -1.110195 
1.369000 -1.110692 
1.370000 -1.111175 
1.371000 -1.111645 
1.372000 -1.112101 
1.373000 -1.112543 
1.374000 -1.112971 
1.375000 -1.113386 
1.376000 -1.113787 
1.377000 -1.114174 
1.378000 -1.114548 
1.379000 -1.114908 
1.380000 -1.115255 
1.381000 -1.115588 
1.382000 -1.115907 
1.383000 -1.116213 
1.384000 -1.116505 
1.385000 -1.116783 
1.386000 -1.117048 
1.387000 -1.117299 
1.388000 -1.117537 
1.389000 -1.117761 
1.390000 -1.117972 
1.391000 -1.118169 
1.392000 -1.118353 
1.393000 -1.118523 
1.394000 -1.118679 
1.395000 -1.118824 
1.396000 -1.118953 
1.397000 -1.119069 
1.398000 -1.119171 
1.399000 -1.119259 
1.400000 -1.119334 
1.401000 -1.119396 
1.402000 -1.119444 
1.403000 -1.119478 
1.404000 -1.119499 
1.405000 -1.119506 
1.406000 -1.119500 
1.407000 -1.119480 
1.408000 -1.119446 
1.409000 -1.119399 
1.410000 -1.119339 
1.411000 -1.119264 
1.412000 -1.119177 
1.413000 -1.119075 
1.414000 -1.118960 
1.415000 -1.118831 
1.416000 -1.118689 
1.417000 -1.118533 
1.418000 -1.118363 
1.419000 -1.118180 
1.420000 -1.117983 
1.421000 -1.117772 
1.422000 -1.117547 
1.423000 -1.117309 
1.424000 -1.117057 
1.425000 -1.116791 
1.426000 -1.116512 
1.427000 -1.116218 
1.428000 -1.115911 
1.429000 -1.115590 
1.430000 -1.115256 
1.431000 -1.114907 
1.432000 -1.114544 
1.433000 -1.114168 
1.434000 -1.113777 
1.435000 -1.113373 
1.436000 -1.112955 
1.437000 -1.112522 
1.438000 -1.112076 
1.439000 -1.111616 
1.440000 -1.111141 
1.441000 -1.110653 
1.442000 -1.110150 
1.443000 -1.109633 
1.444000 -1.109103 
1.445000 -1.108557 
1.446000 -1.107998 
1.447000 -1.107424 
1.448000 -1.106837 
1.449000 -1.106234 
1.450000 -1.105618 
1.451000 -1.104987 
1.452000 -1.104342 
1.453000 -1.103682 
1.454000 -1.103008 
1.455000 -1.102319 
1.456000 -1.101616 
1.457000 -1.100898 
1.458000 -1.100166 
1.459000 -1.099419 
1.460000 -1.098657 
1.461000 -1.097881 
1.462000 -1.097090 
1.463000 -1.096284 
1.464000 -1.095463 
1.465000 -1.094627 
1.466000 -1.093777 
1.467000 -1.092911 
1.468000 -1.092031 
1.469000 -1.091135 
1.470000 -1.090225 
1.471000 -1.089299 
1.472000 -1.088358 
1.473000 -1.087402 
1.474000 -1.086430 
1.475000 -1.085444 
1.476000 -1.084442 
1.477000 -1.083424 
1.478000 -1.082391 
1.479000 -1.081343 
1.480000 -1.080279 
1.481000 -1.079199 
1.482000 -1.078104 
1.483000 -1.076993 
1.484000 -1.075866 
1.485000 -1.074724 
1.486000 -1.073565 
1.487000 -1.072391 
1.488000 -1.071201 
1.489000 -1.069994 
1.490000 -1.068772 
1.491000 -1.067533 
1.492000 -1.066278 
1.493000 -1.065007 
1.494000 -1.063719 
1.495000 -1.062415 
1.496000 -1.061095 
1.497000 -1.059758 
1.498000 -1.058404 
1.499000 -1.057034 
