# Tc_folded model 
-1.500000 -1.524828 
-1.499000 -1.524886 
-1.498000 -1.524919 
-1.497000 -1.524925 
-1.496000 -1.524905 
-1.495000 -1.524859 
-1.494000 -1.524787 
-1.493000 -1.524687 
-1.492000 -1.524561 
-1.491000 -1.524408 
-1.490000 -1.524227 
-1.489000 -1.524019 
-1.488000 -1.523782 
-1.487000 -1.523518 
-1.486000 -1.523226 
-1.485000 -1.522905 
-1.484000 -1.522556 
-1.483000 -1.522177 
-1.482000 -1.521770 
-1.481000 -1.521333 
-1.480000 -1.520867 
-1.479000 -1.520371 
-1.478000 -1.519845 
-1.477000 -1.519288 
-1.476000 -1.518701 
-1.475000 -1.518083 
-1.474000 -1.517434 
-1.473000 -1.516754 
-1.472000 -1.516042 
-1.471000 -1.515298 
-1.470000 -1.514523 
-1.469000 -1.513714 
-1.468000 -1.512873 
-1.467000 -1.512000 
-1.466000 -1.511093 
-1.465000 -1.510152 
-1.464000 -1.509177 
-1.463000 -1.508169 
-1.462000 -1.507126 
-1.461000 -1.506048 
-1.460000 -1.504936 
-1.459000 -1.503787 
-1.458000 -1.502604 
-1.457000 -1.501384 
-1.456000 -1.500128 
-1.455000 -1.498835 
-1.454000 -1.497505 
-1.453000 -1.496138 
-1.452000 -1.494734 
-1.451000 -1.493291 
-1.450000 -1.491810 
-1.449000 -1.490290 
-1.448000 -1.488731 
-1.447000 -1.487132 
-1.446000 -1.485494 
-1.445000 -1.483815 
-1.444000 -1.482096 
-1.443000 -1.480336 
-1.442000 -1.478534 
-1.441000 -1.476691 
-1.440000 -1.474805 
-1.439000 -1.472877 
-1.438000 -1.470905 
-1.437000 -1.468890 
-1.436000 -1.466832 
-1.435000 -1.464728 
-1.434000 -1.462580 
-1.433000 -1.460387 
-1.432000 -1.458148 
-1.431000 -1.455863 
-1.430000 -1.453531 
-1.429000 -1.451151 
-1.428000 -1.448725 
-1.427000 -1.446250 
-1.426000 -1.443726 
-1.425000 -1.441154 
-1.424000 -1.438531 
-1.423000 -1.435859 
-1.422000 -1.433136 
-1.421000 -1.430361 
-1.420000 -1.427535 
-1.419000 -1.424657 
-1.418000 -1.421725 
-1.417000 -1.418740 
-1.416000 -1.415701 
-1.415000 -1.412608 
-1.414000 -1.409459 
-1.413000 -1.406254 
-1.412000 -1.402993 
-1.411000 -1.399675 
-1.410000 -1.396299 
-1.409000 -1.392865 
-1.408000 -1.389371 
-1.407000 -1.385818 
-1.406000 -1.382205 
-1.405000 -1.378531 
-1.404000 -1.374795 
-1.403000 -1.370997 
-1.402000 -1.367135 
-1.401000 -1.363210 
-1.400000 -1.359220 
-1.399000 -1.355165 
-1.398000 -1.351044 
-1.397000 -1.346855 
-1.396000 -1.342600 
-1.395000 -1.338276 
-1.394000 -1.333882 
-1.393000 -1.329419 
-1.392000 -1.324885 
-1.391000 -1.320279 
-1.390000 -1.315601 
-1.389000 -1.310849 
-1.388000 -1.306023 
-1.387000 -1.301122 
-1.386000 -1.296145 
-1.385000 -1.291091 
-1.384000 -1.285959 
-1.383000 -1.280748 
-1.382000 -1.275457 
-1.381000 -1.270086 
-1.380000 -1.264632 
-1.379000 -1.259096 
-1.378000 -1.253477 
-1.377000 -1.247772 
-1.376000 -1.241981 
-1.375000 -1.236104 
-1.374000 -1.230138 
-1.373000 -1.224083 
-1.372000 -1.217938 
-1.371000 -1.211702 
-1.370000 -1.205373 
-1.369000 -1.198950 
-1.368000 -1.192433 
-1.367000 -1.185819 
-1.366000 -1.179108 
-1.365000 -1.172299 
-1.364000 -1.165389 
-1.363000 -1.158379 
-1.362000 -1.151266 
-1.361000 -1.144049 
-1.360000 -1.136727 
-1.359000 -1.129299 
-1.358000 -1.121763 
-1.357000 -1.114118 
-1.356000 -1.106362 
-1.355000 -1.098493 
-1.354000 -1.090512 
-1.353000 -1.082415 
-1.352000 -1.074202 
-1.351000 -1.065870 
-1.350000 -1.057419 
-1.349000 -1.048847 
-1.348000 -1.040151 
-1.347000 -1.031331 
-1.346000 -1.022385 
-1.345000 -1.013312 
-1.344000 -1.004108 
-1.343000 -0.994773 
-1.342000 -0.985306 
-1.341000 -0.975703 
-1.340000 -0.965964 
-1.339000 -0.956086 
-1.338000 -0.946068 
-1.337000 -0.935908 
-1.336000 -0.925603 
-1.335000 -0.915152 
-1.334000 -0.904554 
-1.333000 -0.893805 
-1.332000 -0.882904 
-1.331000 -0.871849 
-1.330000 -0.860637 
-1.329000 -0.849268 
-1.328000 -0.837737 
-1.327000 -0.826044 
-1.326000 -0.814187 
-1.325000 -0.802161 
-1.324000 -0.789967 
-1.323000 -0.777601 
-1.322000 -0.765060 
-1.321000 -0.752344 
-1.320000 -0.739448 
-1.319000 -0.726371 
-1.318000 -0.713111 
-1.317000 -0.699665 
-1.316000 -0.686029 
-1.315000 -0.672203 
-1.314000 -0.658183 
-1.313000 -0.643966 
-1.312000 -0.629551 
-1.311000 -0.614934 
-1.310000 -0.600112 
-1.309000 -0.585083 
-1.308000 -0.569845 
-1.307000 -0.554394 
-1.306000 -0.538728 
-1.305000 -0.522843 
-1.304000 -0.506738 
-1.303000 -0.490408 
-1.302000 -0.473852 
-1.301000 -0.457066 
-1.300000 -0.440047 
-1.299000 -0.422792 
-1.298000 -0.405299 
-1.297000 -0.387564 
-1.296000 -0.369584 
-1.295000 -0.351357 
-1.294000 -0.332879 
-1.293000 -0.314146 
-1.292000 -0.295157 
-1.291000 -0.275908 
-1.290000 -0.256396 
-1.289000 -0.236617 
-1.288000 -0.216569 
-1.287000 -0.196248 
-1.286000 -0.175652 
-1.285000 -0.154777 
-1.284000 -0.133620 
-1.283000 -0.112179 
-1.282000 -0.090449 
-1.281000 -0.068428 
-1.280000 -0.046114 
-1.279000 -0.023502 
-1.278000 -0.000591 
-1.277000 0.022624 
-1.276000 0.046144 
-1.275000 0.069973 
-1.274000 0.094114 
-1.273000 0.118568 
-1.272000 0.143340 
-1.271000 0.168431 
-1.270000 0.193843 
-1.269000 0.219580 
-1.268000 0.245644 
-1.267000 0.272037 
-1.266000 0.298761 
-1.265000 0.325818 
-1.264000 0.353210 
-1.263000 0.380939 
-1.262000 0.409007 
-1.261000 0.437414 
-1.260000 0.466162 
-1.259000 0.495253 
-1.258000 0.524687 
-1.257000 0.554465 
-1.256000 0.584587 
-1.255000 0.615055 
-1.254000 0.645867 
-1.253000 0.677024 
-1.252000 0.708526 
-1.251000 0.740371 
-1.250000 0.772559 
-1.249000 0.805088 
-1.248000 0.837957 
-1.247000 0.871164 
-1.246000 0.904706 
-1.245000 0.938581 
-1.244000 0.972785 
-1.243000 1.007316 
-1.242000 1.042170 
-1.241000 1.077341 
-1.240000 1.112826 
-1.239000 1.148619 
-1.238000 1.184714 
-1.237000 1.221105 
-1.236000 1.257786 
-1.235000 1.294749 
-1.234000 1.331986 
-1.233000 1.369489 
-1.232000 1.407249 
-1.231000 1.445256 
-1.230000 1.483500 
-1.229000 1.521971 
-1.228000 1.560656 
-1.227000 1.599544 
-1.226000 1.638622 
-1.225000 1.677877 
-1.224000 1.717294 
-1.223000 1.756859 
-1.222000 1.796556 
-1.221000 1.836368 
-1.220000 1.876280 
-1.219000 1.916274 
-1.218000 1.956330 
-1.217000 1.996431 
-1.216000 2.036557 
-1.215000 2.076688 
-1.214000 2.116802 
-1.213000 2.156878 
-1.212000 2.196894 
-1.211000 2.236827 
-1.210000 2.276654 
-1.209000 2.316351 
-1.208000 2.355894 
-1.207000 2.395257 
-1.206000 2.434417 
-1.205000 2.473346 
-1.204000 2.512019 
-1.203000 2.550409 
-1.202000 2.588491 
-1.201000 2.626237 
-1.200000 2.663620 
-1.199000 2.700614 
-1.198000 2.737190 
-1.197000 2.773323 
-1.196000 2.808985 
-1.195000 2.844150 
-1.194000 2.878790 
-1.193000 2.912880 
-1.192000 2.946394 
-1.191000 2.979306 
-1.190000 3.011590 
-1.189000 3.043224 
-1.188000 3.074182 
-1.187000 3.104441 
-1.186000 3.133980 
-1.185000 3.162776 
-1.184000 3.190809 
-1.183000 3.218058 
-1.182000 3.244506 
-1.181000 3.270134 
-1.180000 3.294925 
-1.179000 3.319087 
-1.178000 3.342152 
-1.177000 3.364339 
-1.176000 3.385634 
-1.175000 3.406027 
-1.174000 3.425507 
-1.173000 3.444067 
-1.172000 3.461699 
-1.171000 3.478397 
-1.170000 3.494156 
-1.169000 3.508973 
-1.168000 3.522846 
-1.167000 3.535774 
-1.166000 3.547757 
-1.165000 3.558798 
-1.164000 3.568898 
-1.163000 3.578062 
-1.162000 3.586295 
-1.161000 3.593604 
-1.160000 3.599995 
-1.159000 3.605476 
-1.158000 3.610058 
-1.157000 3.613750 
-1.156000 3.616564 
-1.155000 3.618510 
-1.154000 3.619603 
-1.153000 3.619856 
-1.152000 3.619282 
-1.151000 3.617897 
-1.150000 3.615715 
-1.149000 3.612753 
-1.148000 3.609027 
-1.147000 3.604554 
-1.146000 3.599351 
-1.145000 3.593435 
-1.144000 3.586824 
-1.143000 3.579537 
-1.142000 3.571590 
-1.141000 3.563003 
-1.140000 3.553795 
-1.139000 3.543982 
-1.138000 3.533585 
-1.137000 3.522621 
-1.136000 3.511109 
-1.135000 3.499067 
-1.134000 3.486514 
-1.133000 3.473467 
-1.132000 3.459946 
-1.131000 3.445966 
-1.130000 3.431547 
-1.129000 3.416704 
-1.128000 3.401457 
-1.127000 3.385820 
-1.126000 3.369812 
-1.125000 3.353447 
-1.124000 3.336743 
-1.123000 3.319714 
-1.122000 3.302376 
-1.121000 3.284745 
-1.120000 3.266834 
-1.119000 3.248658 
-1.118000 3.230232 
-1.117000 3.211568 
-1.116000 3.192679 
-1.115000 3.173580 
-1.114000 3.154282 
-1.113000 3.134797 
-1.112000 3.115138 
-1.111000 3.095316 
-1.110000 3.075342 
-1.109000 3.055227 
-1.108000 3.034981 
-1.107000 3.014614 
-1.106000 2.994137 
-1.105000 2.973559 
-1.104000 2.952888 
-1.103000 2.932134 
-1.102000 2.911305 
-1.101000 2.890410 
-1.100000 2.869456 
-1.099000 2.848451 
-1.098000 2.827402 
-1.097000 2.806317 
-1.096000 2.785202 
-1.095000 2.764064 
-1.094000 2.742909 
-1.093000 2.721742 
-1.092000 2.700571 
-1.091000 2.679399 
-1.090000 2.658234 
-1.089000 2.637079 
-1.088000 2.615939 
-1.087000 2.594820 
-1.086000 2.573726 
-1.085000 2.552660 
-1.084000 2.531627 
-1.083000 2.510631 
-1.082000 2.489676 
-1.081000 2.468765 
-1.080000 2.447901 
-1.079000 2.427088 
-1.078000 2.406328 
-1.077000 2.385625 
-1.076000 2.364981 
-1.075000 2.344399 
-1.074000 2.323881 
-1.073000 2.303430 
-1.072000 2.283047 
-1.071000 2.262736 
-1.070000 2.242497 
-1.069000 2.222333 
-1.068000 2.202245 
-1.067000 2.182236 
-1.066000 2.162306 
-1.065000 2.142457 
-1.064000 2.122691 
-1.063000 2.103008 
-1.062000 2.083410 
-1.061000 2.063898 
-1.060000 2.044473 
-1.059000 2.025136 
-1.058000 2.005887 
-1.057000 1.986729 
-1.056000 1.967660 
-1.055000 1.948682 
-1.054000 1.929796 
-1.053000 1.911002 
-1.052000 1.892301 
-1.051000 1.873693 
-1.050000 1.855178 
-1.049000 1.836756 
-1.048000 1.818429 
-1.047000 1.800197 
-1.046000 1.782058 
-1.045000 1.764015 
-1.044000 1.746066 
-1.043000 1.728212 
-1.042000 1.710453 
-1.041000 1.692789 
-1.040000 1.675219 
-1.039000 1.657745 
-1.038000 1.640366 
-1.037000 1.623081 
-1.036000 1.605891 
-1.035000 1.588795 
-1.034000 1.571794 
-1.033000 1.554886 
-1.032000 1.538073 
-1.031000 1.521353 
-1.030000 1.504726 
-1.029000 1.488192 
-1.028000 1.471751 
-1.027000 1.455403 
-1.026000 1.439147 
-1.025000 1.422982 
-1.024000 1.406909 
-1.023000 1.390927 
-1.022000 1.375035 
-1.021000 1.359234 
-1.020000 1.343523 
-1.019000 1.327901 
-1.018000 1.312368 
-1.017000 1.296924 
-1.016000 1.281568 
-1.015000 1.266299 
-1.014000 1.251118 
-1.013000 1.236024 
-1.012000 1.221016 
-1.011000 1.206093 
-1.010000 1.191256 
-1.009000 1.176504 
-1.008000 1.161837 
-1.007000 1.147253 
-1.006000 1.132752 
-1.005000 1.118335 
-1.004000 1.104000 
-1.003000 1.089747 
-1.002000 1.075575 
-1.001000 1.061484 
-1.000000 1.047473 
-0.999000 1.033542 
-0.998000 1.019691 
-0.997000 1.005918 
-0.996000 0.992224 
-0.995000 0.978607 
-0.994000 0.965068 
-0.993000 0.951605 
-0.992000 0.938219 
-0.991000 0.924908 
-0.990000 0.911673 
-0.989000 0.898512 
-0.988000 0.885425 
-0.987000 0.872413 
-0.986000 0.859473 
-0.985000 0.846606 
-0.984000 0.833811 
-0.983000 0.821088 
-0.982000 0.808435 
-0.981000 0.795854 
-0.980000 0.783343 
-0.979000 0.770901 
-0.978000 0.758528 
-0.977000 0.746224 
-0.976000 0.733988 
-0.975000 0.721820 
-0.974000 0.709719 
-0.973000 0.697685 
-0.972000 0.685717 
-0.971000 0.673814 
-0.970000 0.661977 
-0.969000 0.650205 
-0.968000 0.638497 
-0.967000 0.626853 
-0.966000 0.615272 
-0.965000 0.603754 
-0.964000 0.592298 
-0.963000 0.580905 
-0.962000 0.569573 
-0.961000 0.558302 
-0.960000 0.547092 
-0.959000 0.535942 
-0.958000 0.524852 
-0.957000 0.513821 
-0.956000 0.502849 
-0.955000 0.491935 
-0.954000 0.481079 
-0.953000 0.470281 
-0.952000 0.459541 
-0.951000 0.448857 
-0.950000 0.438229 
-0.949000 0.427657 
-0.948000 0.417141 
-0.947000 0.406680 
-0.946000 0.396273 
-0.945000 0.385921 
-0.944000 0.375623 
-0.943000 0.365378 
-0.942000 0.355187 
-0.941000 0.345048 
-0.940000 0.334962 
-0.939000 0.324927 
-0.938000 0.314944 
-0.937000 0.305013 
-0.936000 0.295132 
-0.935000 0.285301 
-0.934000 0.275521 
-0.933000 0.265791 
-0.932000 0.256110 
-0.931000 0.246478 
-0.930000 0.236894 
-0.929000 0.227359 
-0.928000 0.217872 
-0.927000 0.208433 
-0.926000 0.199041 
-0.925000 0.189696 
-0.924000 0.180397 
-0.923000 0.171145 
-0.922000 0.161939 
-0.921000 0.152778 
-0.920000 0.143663 
-0.919000 0.134593 
-0.918000 0.125567 
-0.917000 0.116586 
-0.916000 0.107649 
-0.915000 0.098755 
-0.914000 0.089905 
-0.913000 0.081098 
-0.912000 0.072334 
-0.911000 0.063613 
-0.910000 0.054933 
-0.909000 0.046296 
-0.908000 0.037700 
-0.907000 0.029146 
-0.906000 0.020633 
-0.905000 0.012160 
-0.904000 0.003728 
-0.903000 -0.004663 
-0.902000 -0.013015 
-0.901000 -0.021327 
-0.900000 -0.029600 
-0.899000 -0.037833 
-0.898000 -0.046028 
-0.897000 -0.054184 
-0.896000 -0.062302 
-0.895000 -0.070381 
-0.894000 -0.078423 
-0.893000 -0.086427 
-0.892000 -0.094394 
-0.891000 -0.102324 
-0.890000 -0.110217 
-0.889000 -0.118073 
-0.888000 -0.125893 
-0.887000 -0.133677 
-0.886000 -0.141424 
-0.885000 -0.149137 
-0.884000 -0.156814 
-0.883000 -0.164455 
-0.882000 -0.172062 
-0.881000 -0.179634 
-0.880000 -0.187172 
-0.879000 -0.194675 
-0.878000 -0.202144 
-0.877000 -0.209579 
-0.876000 -0.216981 
-0.875000 -0.224349 
-0.874000 -0.231685 
-0.873000 -0.238987 
-0.872000 -0.246256 
-0.871000 -0.253493 
-0.870000 -0.260697 
-0.869000 -0.267870 
-0.868000 -0.275010 
-0.867000 -0.282119 
-0.866000 -0.289196 
-0.865000 -0.296241 
-0.864000 -0.303256 
-0.863000 -0.310239 
-0.862000 -0.317192 
-0.861000 -0.324114 
-0.860000 -0.331006 
-0.859000 -0.337868 
-0.858000 -0.344699 
-0.857000 -0.351501 
-0.856000 -0.358272 
-0.855000 -0.365015 
-0.854000 -0.371728 
-0.853000 -0.378412 
-0.852000 -0.385067 
-0.851000 -0.391693 
-0.850000 -0.398291 
-0.849000 -0.404860 
-0.848000 -0.411400 
-0.847000 -0.417913 
-0.846000 -0.424398 
-0.845000 -0.430854 
-0.844000 -0.437284 
-0.843000 -0.443685 
-0.842000 -0.450060 
-0.841000 -0.456407 
-0.840000 -0.462727 
-0.839000 -0.469020 
-0.838000 -0.475287 
-0.837000 -0.481527 
-0.836000 -0.487740 
-0.835000 -0.493928 
-0.834000 -0.500089 
-0.833000 -0.506224 
-0.832000 -0.512334 
-0.831000 -0.518417 
-0.830000 -0.524475 
-0.829000 -0.530508 
-0.828000 -0.536516 
-0.827000 -0.542498 
-0.826000 -0.548455 
-0.825000 -0.554388 
-0.824000 -0.560295 
-0.823000 -0.566179 
-0.822000 -0.572037 
-0.821000 -0.577872 
-0.820000 -0.583682 
-0.819000 -0.589468 
-0.818000 -0.595230 
-0.817000 -0.600968 
-0.816000 -0.606683 
-0.815000 -0.612373 
-0.814000 -0.618041 
-0.813000 -0.623685 
-0.812000 -0.629306 
-0.811000 -0.634904 
-0.810000 -0.640479 
-0.809000 -0.646030 
-0.808000 -0.651560 
-0.807000 -0.657066 
-0.806000 -0.662550 
-0.805000 -0.668011 
-0.804000 -0.673451 
-0.803000 -0.678868 
-0.802000 -0.684263 
-0.801000 -0.689635 
-0.800000 -0.694986 
-0.799000 -0.700316 
-0.798000 -0.705623 
-0.797000 -0.710909 
-0.796000 -0.716173 
-0.795000 -0.721417 
-0.794000 -0.726638 
-0.793000 -0.731839 
-0.792000 -0.737018 
-0.791000 -0.742177 
-0.790000 -0.747315 
-0.789000 -0.752432 
-0.788000 -0.757528 
-0.787000 -0.762603 
-0.786000 -0.767658 
-0.785000 -0.772693 
-0.784000 -0.777707 
-0.783000 -0.782701 
-0.782000 -0.787675 
-0.781000 -0.792629 
-0.780000 -0.797563 
-0.779000 -0.802477 
-0.778000 -0.807371 
-0.777000 -0.812245 
-0.776000 -0.817100 
-0.775000 -0.821935 
-0.774000 -0.826751 
-0.773000 -0.831547 
-0.772000 -0.836324 
-0.771000 -0.841081 
-0.770000 -0.845820 
-0.769000 -0.850539 
-0.768000 -0.855240 
-0.767000 -0.859921 
-0.766000 -0.864584 
-0.765000 -0.869228 
-0.764000 -0.873853 
-0.763000 -0.878459 
-0.762000 -0.883047 
-0.761000 -0.887616 
-0.760000 -0.892167 
-0.759000 -0.896700 
-0.758000 -0.901214 
-0.757000 -0.905710 
-0.756000 -0.910188 
-0.755000 -0.914648 
-0.754000 -0.919089 
-0.753000 -0.923513 
-0.752000 -0.927919 
-0.751000 -0.932307 
-0.750000 -0.936677 
-0.749000 -0.941030 
-0.748000 -0.945365 
-0.747000 -0.949682 
-0.746000 -0.953982 
-0.745000 -0.958264 
-0.744000 -0.962529 
-0.743000 -0.966776 
-0.742000 -0.971006 
-0.741000 -0.975219 
-0.740000 -0.979415 
-0.739000 -0.983593 
-0.738000 -0.987755 
-0.737000 -0.991899 
-0.736000 -0.996027 
-0.735000 -1.000137 
-0.734000 -1.004231 
-0.733000 -1.008308 
-0.732000 -1.012368 
-0.731000 -1.016411 
-0.730000 -1.020437 
-0.729000 -1.024447 
-0.728000 -1.028441 
-0.727000 -1.032417 
-0.726000 -1.036378 
-0.725000 -1.040322 
-0.724000 -1.044249 
-0.723000 -1.048160 
-0.722000 -1.052055 
-0.721000 -1.055933 
-0.720000 -1.059795 
-0.719000 -1.063641 
-0.718000 -1.067471 
-0.717000 -1.071285 
-0.716000 -1.075083 
-0.715000 -1.078864 
-0.714000 -1.082630 
-0.713000 -1.086379 
-0.712000 -1.090113 
-0.711000 -1.093831 
-0.710000 -1.097533 
-0.709000 -1.101219 
-0.708000 -1.104889 
-0.707000 -1.108544 
-0.706000 -1.112183 
-0.705000 -1.115806 
-0.704000 -1.119413 
-0.703000 -1.123005 
-0.702000 -1.126581 
-0.701000 -1.130142 
-0.700000 -1.133687 
-0.699000 -1.137217 
-0.698000 -1.140731 
-0.697000 -1.144230 
-0.696000 -1.147713 
-0.695000 -1.151181 
-0.694000 -1.154633 
-0.693000 -1.158070 
-0.692000 -1.161492 
-0.691000 -1.164899 
-0.690000 -1.168290 
-0.689000 -1.171666 
-0.688000 -1.175026 
-0.687000 -1.178372 
-0.686000 -1.181702 
-0.685000 -1.185017 
-0.684000 -1.188317 
-0.683000 -1.191602 
-0.682000 -1.194872 
-0.681000 -1.198126 
-0.680000 -1.201366 
-0.679000 -1.204628 
-0.678000 -1.207837 
-0.677000 -1.211031 
-0.676000 -1.214211 
-0.675000 -1.217375 
-0.674000 -1.220524 
-0.673000 -1.223658 
-0.672000 -1.226778 
-0.671000 -1.229882 
-0.670000 -1.232971 
-0.669000 -1.236046 
-0.668000 -1.239105 
-0.667000 -1.242150 
-0.666000 -1.245180 
-0.665000 -1.248195 
-0.664000 -1.251195 
-0.663000 -1.254180 
-0.662000 -1.257150 
-0.661000 -1.260106 
-0.660000 -1.263046 
-0.659000 -1.265972 
-0.658000 -1.268883 
-0.657000 -1.271779 
-0.656000 -1.274660 
-0.655000 -1.277526 
-0.654000 -1.280378 
-0.653000 -1.283214 
-0.652000 -1.286036 
-0.651000 -1.288843 
-0.650000 -1.291635 
-0.649000 -1.294412 
-0.648000 -1.297175 
-0.647000 -1.299922 
-0.646000 -1.302655 
-0.645000 -1.305373 
-0.644000 -1.308075 
-0.643000 -1.310764 
-0.642000 -1.313437 
-0.641000 -1.316095 
-0.640000 -1.318738 
-0.639000 -1.321367 
-0.638000 -1.323980 
-0.637000 -1.326579 
-0.636000 -1.329163 
-0.635000 -1.331732 
-0.634000 -1.334285 
-0.633000 -1.336824 
-0.632000 -1.339348 
-0.631000 -1.341857 
-0.630000 -1.344351 
-0.629000 -1.346830 
-0.628000 -1.349293 
-0.627000 -1.351742 
-0.626000 -1.354176 
-0.625000 -1.356594 
-0.624000 -1.358998 
-0.623000 -1.361386 
-0.622000 -1.363759 
-0.621000 -1.366117 
-0.620000 -1.368460 
-0.619000 -1.370787 
-0.618000 -1.373100 
-0.617000 -1.375397 
-0.616000 -1.377679 
-0.615000 -1.379945 
-0.614000 -1.382196 
-0.613000 -1.384432 
-0.612000 -1.386652 
-0.611000 -1.388857 
-0.610000 -1.391046 
-0.609000 -1.393220 
-0.608000 -1.395379 
-0.607000 -1.397522 
-0.606000 -1.399649 
-0.605000 -1.401761 
-0.604000 -1.403857 
-0.603000 -1.405937 
-0.602000 -1.408002 
-0.601000 -1.410051 
-0.600000 -1.412084 
-0.599000 -1.414101 
-0.598000 -1.416102 
-0.597000 -1.418088 
-0.596000 -1.420058 
-0.595000 -1.422011 
-0.594000 -1.423949 
-0.593000 -1.425870 
-0.592000 -1.427776 
-0.591000 -1.429665 
-0.590000 -1.431538 
-0.589000 -1.433394 
-0.588000 -1.435235 
-0.587000 -1.437059 
-0.586000 -1.438867 
-0.585000 -1.440658 
-0.584000 -1.442433 
-0.583000 -1.444191 
-0.582000 -1.445932 
-0.581000 -1.447657 
-0.580000 -1.449365 
-0.579000 -1.451057 
-0.578000 -1.452731 
-0.577000 -1.454389 
-0.576000 -1.456030 
-0.575000 -1.457653 
-0.574000 -1.459260 
-0.573000 -1.460850 
-0.572000 -1.462422 
-0.571000 -1.463977 
-0.570000 -1.465515 
-0.569000 -1.467035 
-0.568000 -1.468538 
-0.567000 -1.470023 
-0.566000 -1.471491 
-0.565000 -1.472941 
-0.564000 -1.474374 
-0.563000 -1.475788 
-0.562000 -1.477185 
-0.561000 -1.478564 
-0.560000 -1.479924 
-0.559000 -1.481267 
-0.558000 -1.482591 
-0.557000 -1.483897 
-0.556000 -1.485185 
-0.555000 -1.486454 
-0.554000 -1.487705 
-0.553000 -1.488937 
-0.552000 -1.490150 
-0.551000 -1.491345 
-0.550000 -1.492521 
-0.549000 -1.493678 
-0.548000 -1.494815 
-0.547000 -1.495934 
-0.546000 -1.497033 
-0.545000 -1.498113 
-0.544000 -1.499174 
-0.543000 -1.500215 
-0.542000 -1.501236 
-0.541000 -1.502238 
-0.540000 -1.503220 
-0.539000 -1.504181 
-0.538000 -1.505123 
-0.537000 -1.506045 
-0.536000 -1.506946 
-0.535000 -1.507827 
-0.534000 -1.508688 
-0.533000 -1.509527 
-0.532000 -1.510347 
-0.531000 -1.511145 
-0.530000 -1.511922 
-0.529000 -1.512678 
-0.528000 -1.513413 
-0.527000 -1.514127 
-0.526000 -1.514819 
-0.525000 -1.515490 
-0.524000 -1.516139 
-0.523000 -1.516766 
-0.522000 -1.517371 
-0.521000 -1.517954 
-0.520000 -1.518515 
-0.519000 -1.519053 
-0.518000 -1.519569 
-0.517000 -1.520062 
-0.516000 -1.520532 
-0.515000 -1.520979 
-0.514000 -1.521404 
-0.513000 -1.521805 
-0.512000 -1.522182 
-0.511000 -1.522536 
-0.510000 -1.522866 
-0.509000 -1.523173 
-0.508000 -1.523455 
-0.507000 -1.523713 
-0.506000 -1.523947 
-0.505000 -1.524156 
-0.504000 -1.524341 
-0.503000 -1.524500 
-0.502000 -1.524635 
-0.501000 -1.524744 
-0.500000 -1.524828 
-0.499000 -1.524886 
-0.498000 -1.524919 
-0.497000 -1.524925 
-0.496000 -1.524905 
-0.495000 -1.524859 
-0.494000 -1.524787 
-0.493000 -1.524687 
-0.492000 -1.524561 
-0.491000 -1.524408 
-0.490000 -1.524227 
-0.489000 -1.524019 
-0.488000 -1.523782 
-0.487000 -1.523518 
-0.486000 -1.523226 
-0.485000 -1.522905 
-0.484000 -1.522556 
-0.483000 -1.522177 
-0.482000 -1.521770 
-0.481000 -1.521333 
-0.480000 -1.520867 
-0.479000 -1.520371 
-0.478000 -1.519845 
-0.477000 -1.519288 
-0.476000 -1.518701 
-0.475000 -1.518083 
-0.474000 -1.517434 
-0.473000 -1.516754 
-0.472000 -1.516042 
-0.471000 -1.515298 
-0.470000 -1.514523 
-0.469000 -1.513714 
-0.468000 -1.512873 
-0.467000 -1.512000 
-0.466000 -1.511093 
-0.465000 -1.510152 
-0.464000 -1.509177 
-0.463000 -1.508169 
-0.462000 -1.507126 
-0.461000 -1.506048 
-0.460000 -1.504936 
-0.459000 -1.503787 
-0.458000 -1.502604 
-0.457000 -1.501384 
-0.456000 -1.500128 
-0.455000 -1.498835 
-0.454000 -1.497505 
-0.453000 -1.496138 
-0.452000 -1.494734 
-0.451000 -1.493291 
-0.450000 -1.491810 
-0.449000 -1.490290 
-0.448000 -1.488731 
-0.447000 -1.487132 
-0.446000 -1.485494 
-0.445000 -1.483815 
-0.444000 -1.482096 
-0.443000 -1.480336 
-0.442000 -1.478534 
-0.441000 -1.476691 
-0.440000 -1.474805 
-0.439000 -1.472877 
-0.438000 -1.470905 
-0.437000 -1.468890 
-0.436000 -1.466832 
-0.435000 -1.464728 
-0.434000 -1.462580 
-0.433000 -1.460387 
-0.432000 -1.458148 
-0.431000 -1.455863 
-0.430000 -1.453531 
-0.429000 -1.451151 
-0.428000 -1.448725 
-0.427000 -1.446250 
-0.426000 -1.443726 
-0.425000 -1.441154 
-0.424000 -1.438531 
-0.423000 -1.435859 
-0.422000 -1.433136 
-0.421000 -1.430361 
-0.420000 -1.427535 
-0.419000 -1.424657 
-0.418000 -1.421725 
-0.417000 -1.418740 
-0.416000 -1.415701 
-0.415000 -1.412608 
-0.414000 -1.409459 
-0.413000 -1.406254 
-0.412000 -1.402993 
-0.411000 -1.399675 
-0.410000 -1.396299 
-0.409000 -1.392865 
-0.408000 -1.389371 
-0.407000 -1.385818 
-0.406000 -1.382205 
-0.405000 -1.378531 
-0.404000 -1.374795 
-0.403000 -1.370997 
-0.402000 -1.367135 
-0.401000 -1.363210 
-0.400000 -1.359220 
-0.399000 -1.355165 
-0.398000 -1.351044 
-0.397000 -1.346855 
-0.396000 -1.342600 
-0.395000 -1.338276 
-0.394000 -1.333882 
-0.393000 -1.329419 
-0.392000 -1.324885 
-0.391000 -1.320279 
-0.390000 -1.315601 
-0.389000 -1.310849 
-0.388000 -1.306023 
-0.387000 -1.301122 
-0.386000 -1.296145 
-0.385000 -1.291091 
-0.384000 -1.285959 
-0.383000 -1.280748 
-0.382000 -1.275457 
-0.381000 -1.270086 
-0.380000 -1.264632 
-0.379000 -1.259096 
-0.378000 -1.253477 
-0.377000 -1.247772 
-0.376000 -1.241981 
-0.375000 -1.236104 
-0.374000 -1.230138 
-0.373000 -1.224083 
-0.372000 -1.217938 
-0.371000 -1.211702 
-0.370000 -1.205373 
-0.369000 -1.198950 
-0.368000 -1.192433 
-0.367000 -1.185819 
-0.366000 -1.179108 
-0.365000 -1.172299 
-0.364000 -1.165389 
-0.363000 -1.158379 
-0.362000 -1.151266 
-0.361000 -1.144049 
-0.360000 -1.136727 
-0.359000 -1.129299 
-0.358000 -1.121763 
-0.357000 -1.114118 
-0.356000 -1.106362 
-0.355000 -1.098493 
-0.354000 -1.090512 
-0.353000 -1.082415 
-0.352000 -1.074202 
-0.351000 -1.065870 
-0.350000 -1.057419 
-0.349000 -1.048847 
-0.348000 -1.040151 
-0.347000 -1.031331 
-0.346000 -1.022385 
-0.345000 -1.013312 
-0.344000 -1.004108 
-0.343000 -0.994773 
-0.342000 -0.985306 
-0.341000 -0.975703 
-0.340000 -0.965964 
-0.339000 -0.956086 
-0.338000 -0.946068 
-0.337000 -0.935908 
-0.336000 -0.925603 
-0.335000 -0.915152 
-0.334000 -0.904554 
-0.333000 -0.893805 
-0.332000 -0.882904 
-0.331000 -0.871849 
-0.330000 -0.860637 
-0.329000 -0.849268 
-0.328000 -0.837737 
-0.327000 -0.826044 
-0.326000 -0.814187 
-0.325000 -0.802161 
-0.324000 -0.789967 
-0.323000 -0.777601 
-0.322000 -0.765060 
-0.321000 -0.752344 
-0.320000 -0.739448 
-0.319000 -0.726371 
-0.318000 -0.713111 
-0.317000 -0.699665 
-0.316000 -0.686029 
-0.315000 -0.672203 
-0.314000 -0.658183 
-0.313000 -0.643966 
-0.312000 -0.629551 
-0.311000 -0.614934 
-0.310000 -0.600112 
-0.309000 -0.585083 
-0.308000 -0.569845 
-0.307000 -0.554394 
-0.306000 -0.538728 
-0.305000 -0.522843 
-0.304000 -0.506738 
-0.303000 -0.490408 
-0.302000 -0.473852 
-0.301000 -0.457066 
-0.300000 -0.440047 
-0.299000 -0.422792 
-0.298000 -0.405299 
-0.297000 -0.387564 
-0.296000 -0.369584 
-0.295000 -0.351357 
-0.294000 -0.332879 
-0.293000 -0.314146 
-0.292000 -0.295157 
-0.291000 -0.275908 
-0.290000 -0.256396 
-0.289000 -0.236617 
-0.288000 -0.216569 
-0.287000 -0.196248 
-0.286000 -0.175652 
-0.285000 -0.154777 
-0.284000 -0.133620 
-0.283000 -0.112179 
-0.282000 -0.090449 
-0.281000 -0.068428 
-0.280000 -0.046114 
-0.279000 -0.023502 
-0.278000 -0.000591 
-0.277000 0.022624 
-0.276000 0.046144 
-0.275000 0.069973 
-0.274000 0.094114 
-0.273000 0.118568 
-0.272000 0.143340 
-0.271000 0.168431 
-0.270000 0.193843 
-0.269000 0.219580 
-0.268000 0.245644 
-0.267000 0.272037 
-0.266000 0.298761 
-0.265000 0.325818 
-0.264000 0.353210 
-0.263000 0.380939 
-0.262000 0.409007 
-0.261000 0.437414 
-0.260000 0.466162 
-0.259000 0.495253 
-0.258000 0.524687 
-0.257000 0.554465 
-0.256000 0.584587 
-0.255000 0.615055 
-0.254000 0.645867 
-0.253000 0.677024 
-0.252000 0.708526 
-0.251000 0.740371 
-0.250000 0.772559 
-0.249000 0.805088 
-0.248000 0.837957 
-0.247000 0.871164 
-0.246000 0.904706 
-0.245000 0.938581 
-0.244000 0.972785 
-0.243000 1.007316 
-0.242000 1.042170 
-0.241000 1.077341 
-0.240000 1.112826 
-0.239000 1.148619 
-0.238000 1.184714 
-0.237000 1.221105 
-0.236000 1.257786 
-0.235000 1.294749 
-0.234000 1.331986 
-0.233000 1.369489 
-0.232000 1.407249 
-0.231000 1.445256 
-0.230000 1.483500 
-0.229000 1.521971 
-0.228000 1.560656 
-0.227000 1.599544 
-0.226000 1.638622 
-0.225000 1.677877 
-0.224000 1.717294 
-0.223000 1.756859 
-0.222000 1.796556 
-0.221000 1.836368 
-0.220000 1.876280 
-0.219000 1.916274 
-0.218000 1.956330 
-0.217000 1.996431 
-0.216000 2.036557 
-0.215000 2.076688 
-0.214000 2.116802 
-0.213000 2.156878 
-0.212000 2.196894 
-0.211000 2.236827 
-0.210000 2.276654 
-0.209000 2.316351 
-0.208000 2.355894 
-0.207000 2.395257 
-0.206000 2.434417 
-0.205000 2.473346 
-0.204000 2.512019 
-0.203000 2.550409 
-0.202000 2.588491 
-0.201000 2.626237 
-0.200000 2.663620 
-0.199000 2.700614 
-0.198000 2.737190 
-0.197000 2.773323 
-0.196000 2.808985 
-0.195000 2.844150 
-0.194000 2.878790 
-0.193000 2.912880 
-0.192000 2.946394 
-0.191000 2.979306 
-0.190000 3.011590 
-0.189000 3.043224 
-0.188000 3.074182 
-0.187000 3.104441 
-0.186000 3.133980 
-0.185000 3.162776 
-0.184000 3.190809 
-0.183000 3.218058 
-0.182000 3.244506 
-0.181000 3.270134 
-0.180000 3.294925 
-0.179000 3.319087 
-0.178000 3.342152 
-0.177000 3.364339 
-0.176000 3.385634 
-0.175000 3.406027 
-0.174000 3.425507 
-0.173000 3.444067 
-0.172000 3.461699 
-0.171000 3.478397 
-0.170000 3.494156 
-0.169000 3.508973 
-0.168000 3.522846 
-0.167000 3.535774 
-0.166000 3.547757 
-0.165000 3.558798 
-0.164000 3.568898 
-0.163000 3.578062 
-0.162000 3.586295 
-0.161000 3.593604 
-0.160000 3.599995 
-0.159000 3.605476 
-0.158000 3.610058 
-0.157000 3.613750 
-0.156000 3.616564 
-0.155000 3.618510 
-0.154000 3.619603 
-0.153000 3.619856 
-0.152000 3.619282 
-0.151000 3.617897 
-0.150000 3.615715 
-0.149000 3.612753 
-0.148000 3.609027 
-0.147000 3.604554 
-0.146000 3.599351 
-0.145000 3.593435 
-0.144000 3.586824 
-0.143000 3.579537 
-0.142000 3.571590 
-0.141000 3.563003 
-0.140000 3.553795 
-0.139000 3.543982 
-0.138000 3.533585 
-0.137000 3.522621 
-0.136000 3.511109 
-0.135000 3.499067 
-0.134000 3.486514 
-0.133000 3.473467 
-0.132000 3.459946 
-0.131000 3.445966 
-0.130000 3.431547 
-0.129000 3.416704 
-0.128000 3.401457 
-0.127000 3.385820 
-0.126000 3.369812 
-0.125000 3.353447 
-0.124000 3.336743 
-0.123000 3.319714 
-0.122000 3.302376 
-0.121000 3.284745 
-0.120000 3.266834 
-0.119000 3.248658 
-0.118000 3.230232 
-0.117000 3.211568 
-0.116000 3.192679 
-0.115000 3.173580 
-0.114000 3.154282 
-0.113000 3.134797 
-0.112000 3.115138 
-0.111000 3.095316 
-0.110000 3.075342 
-0.109000 3.055227 
-0.108000 3.034981 
-0.107000 3.014614 
-0.106000 2.994137 
-0.105000 2.973559 
-0.104000 2.952888 
-0.103000 2.932134 
-0.102000 2.911305 
-0.101000 2.890410 
-0.100000 2.869456 
-0.099000 2.848451 
-0.098000 2.827402 
-0.097000 2.806317 
-0.096000 2.785202 
-0.095000 2.764064 
-0.094000 2.742909 
-0.093000 2.721742 
-0.092000 2.700571 
-0.091000 2.679399 
-0.090000 2.658234 
-0.089000 2.637079 
-0.088000 2.615939 
-0.087000 2.594820 
-0.086000 2.573726 
-0.085000 2.552660 
-0.084000 2.531627 
-0.083000 2.510631 
-0.082000 2.489676 
-0.081000 2.468765 
-0.080000 2.447901 
-0.079000 2.427088 
-0.078000 2.406328 
-0.077000 2.385625 
-0.076000 2.364981 
-0.075000 2.344399 
-0.074000 2.323881 
-0.073000 2.303430 
-0.072000 2.283047 
-0.071000 2.262736 
-0.070000 2.242497 
-0.069000 2.222333 
-0.068000 2.202245 
-0.067000 2.182236 
-0.066000 2.162306 
-0.065000 2.142457 
-0.064000 2.122691 
-0.063000 2.103008 
-0.062000 2.083410 
-0.061000 2.063898 
-0.060000 2.044473 
-0.059000 2.025136 
-0.058000 2.005887 
-0.057000 1.986729 
-0.056000 1.967660 
-0.055000 1.948682 
-0.054000 1.929796 
-0.053000 1.911002 
-0.052000 1.892301 
-0.051000 1.873693 
-0.050000 1.855178 
-0.049000 1.836756 
-0.048000 1.818429 
-0.047000 1.800197 
-0.046000 1.782058 
-0.045000 1.764015 
-0.044000 1.746066 
-0.043000 1.728212 
-0.042000 1.710453 
-0.041000 1.692789 
-0.040000 1.675219 
-0.039000 1.657745 
-0.038000 1.640366 
-0.037000 1.623081 
-0.036000 1.605891 
-0.035000 1.588795 
-0.034000 1.571794 
-0.033000 1.554886 
-0.032000 1.538073 
-0.031000 1.521353 
-0.030000 1.504726 
-0.029000 1.488192 
-0.028000 1.471751 
-0.027000 1.455403 
-0.026000 1.439147 
-0.025000 1.422982 
-0.024000 1.406909 
-0.023000 1.390927 
-0.022000 1.375035 
-0.021000 1.359234 
-0.020000 1.343523 
-0.019000 1.327901 
-0.018000 1.312368 
-0.017000 1.296924 
-0.016000 1.281568 
-0.015000 1.266299 
-0.014000 1.251118 
-0.013000 1.236024 
-0.012000 1.221016 
-0.011000 1.206093 
-0.010000 1.191256 
-0.009000 1.176504 
-0.008000 1.161837 
-0.007000 1.147253 
-0.006000 1.132752 
-0.005000 1.118335 
-0.004000 1.104000 
-0.003000 1.089747 
-0.002000 1.075575 
-0.001000 1.061484 
-0.000000 1.047473 
0.001000 1.033542 
0.002000 1.019691 
0.003000 1.005918 
0.004000 0.992224 
0.005000 0.978607 
0.006000 0.965068 
0.007000 0.951605 
0.008000 0.938219 
0.009000 0.924908 
0.010000 0.911673 
0.011000 0.898512 
0.012000 0.885425 
0.013000 0.872413 
0.014000 0.859473 
0.015000 0.846606 
0.016000 0.833811 
0.017000 0.821088 
0.018000 0.808435 
0.019000 0.795854 
0.020000 0.783343 
0.021000 0.770901 
0.022000 0.758528 
0.023000 0.746224 
0.024000 0.733988 
0.025000 0.721820 
0.026000 0.709719 
0.027000 0.697685 
0.028000 0.685717 
0.029000 0.673814 
0.030000 0.661977 
0.031000 0.650205 
0.032000 0.638497 
0.033000 0.626853 
0.034000 0.615272 
0.035000 0.603754 
0.036000 0.592298 
0.037000 0.580905 
0.038000 0.569573 
0.039000 0.558302 
0.040000 0.547092 
0.041000 0.535942 
0.042000 0.524852 
0.043000 0.513821 
0.044000 0.502849 
0.045000 0.491935 
0.046000 0.481079 
0.047000 0.470281 
0.048000 0.459541 
0.049000 0.448857 
0.050000 0.438229 
0.051000 0.427657 
0.052000 0.417141 
0.053000 0.406680 
0.054000 0.396273 
0.055000 0.385921 
0.056000 0.375623 
0.057000 0.365378 
0.058000 0.355187 
0.059000 0.345048 
0.060000 0.334962 
0.061000 0.324927 
0.062000 0.314944 
0.063000 0.305013 
0.064000 0.295132 
0.065000 0.285301 
0.066000 0.275521 
0.067000 0.265791 
0.068000 0.256110 
0.069000 0.246478 
0.070000 0.236894 
0.071000 0.227359 
0.072000 0.217872 
0.073000 0.208433 
0.074000 0.199041 
0.075000 0.189696 
0.076000 0.180397 
0.077000 0.171145 
0.078000 0.161939 
0.079000 0.152778 
0.080000 0.143663 
0.081000 0.134593 
0.082000 0.125567 
0.083000 0.116586 
0.084000 0.107649 
0.085000 0.098755 
0.086000 0.089905 
0.087000 0.081098 
0.088000 0.072334 
0.089000 0.063613 
0.090000 0.054933 
0.091000 0.046296 
0.092000 0.037700 
0.093000 0.029146 
0.094000 0.020633 
0.095000 0.012160 
0.096000 0.003728 
0.097000 -0.004663 
0.098000 -0.013015 
0.099000 -0.021327 
0.100000 -0.029600 
0.101000 -0.037833 
0.102000 -0.046028 
0.103000 -0.054184 
0.104000 -0.062302 
0.105000 -0.070381 
0.106000 -0.078423 
0.107000 -0.086427 
0.108000 -0.094394 
0.109000 -0.102324 
0.110000 -0.110217 
0.111000 -0.118073 
0.112000 -0.125893 
0.113000 -0.133677 
0.114000 -0.141424 
0.115000 -0.149137 
0.116000 -0.156814 
0.117000 -0.164455 
0.118000 -0.172062 
0.119000 -0.179634 
0.120000 -0.187172 
0.121000 -0.194675 
0.122000 -0.202144 
0.123000 -0.209579 
0.124000 -0.216981 
0.125000 -0.224349 
0.126000 -0.231685 
0.127000 -0.238987 
0.128000 -0.246256 
0.129000 -0.253493 
0.130000 -0.260697 
0.131000 -0.267870 
0.132000 -0.275010 
0.133000 -0.282119 
0.134000 -0.289196 
0.135000 -0.296241 
0.136000 -0.303256 
0.137000 -0.310239 
0.138000 -0.317192 
0.139000 -0.324114 
0.140000 -0.331006 
0.141000 -0.337868 
0.142000 -0.344699 
0.143000 -0.351501 
0.144000 -0.358272 
0.145000 -0.365015 
0.146000 -0.371728 
0.147000 -0.378412 
0.148000 -0.385067 
0.149000 -0.391693 
0.150000 -0.398291 
0.151000 -0.404860 
0.152000 -0.411400 
0.153000 -0.417913 
0.154000 -0.424398 
0.155000 -0.430854 
0.156000 -0.437284 
0.157000 -0.443685 
0.158000 -0.450060 
0.159000 -0.456407 
0.160000 -0.462727 
0.161000 -0.469020 
0.162000 -0.475287 
0.163000 -0.481527 
0.164000 -0.487740 
0.165000 -0.493928 
0.166000 -0.500089 
0.167000 -0.506224 
0.168000 -0.512334 
0.169000 -0.518417 
0.170000 -0.524475 
0.171000 -0.530508 
0.172000 -0.536516 
0.173000 -0.542498 
0.174000 -0.548455 
0.175000 -0.554388 
0.176000 -0.560295 
0.177000 -0.566179 
0.178000 -0.572037 
0.179000 -0.577872 
0.180000 -0.583682 
0.181000 -0.589468 
0.182000 -0.595230 
0.183000 -0.600968 
0.184000 -0.606683 
0.185000 -0.612373 
0.186000 -0.618041 
0.187000 -0.623685 
0.188000 -0.629306 
0.189000 -0.634904 
0.190000 -0.640479 
0.191000 -0.646030 
0.192000 -0.651560 
0.193000 -0.657066 
0.194000 -0.662550 
0.195000 -0.668011 
0.196000 -0.673451 
0.197000 -0.678868 
0.198000 -0.684263 
0.199000 -0.689635 
0.200000 -0.694986 
0.201000 -0.700316 
0.202000 -0.705623 
0.203000 -0.710909 
0.204000 -0.716173 
0.205000 -0.721417 
0.206000 -0.726638 
0.207000 -0.731839 
0.208000 -0.737018 
0.209000 -0.742177 
0.210000 -0.747315 
0.211000 -0.752432 
0.212000 -0.757528 
0.213000 -0.762603 
0.214000 -0.767658 
0.215000 -0.772693 
0.216000 -0.777707 
0.217000 -0.782701 
0.218000 -0.787675 
0.219000 -0.792629 
0.220000 -0.797563 
0.221000 -0.802477 
0.222000 -0.807371 
0.223000 -0.812245 
0.224000 -0.817100 
0.225000 -0.821935 
0.226000 -0.826751 
0.227000 -0.831547 
0.228000 -0.836324 
0.229000 -0.841081 
0.230000 -0.845820 
0.231000 -0.850539 
0.232000 -0.855240 
0.233000 -0.859921 
0.234000 -0.864584 
0.235000 -0.869228 
0.236000 -0.873853 
0.237000 -0.878459 
0.238000 -0.883047 
0.239000 -0.887616 
0.240000 -0.892167 
0.241000 -0.896700 
0.242000 -0.901214 
0.243000 -0.905710 
0.244000 -0.910188 
0.245000 -0.914648 
0.246000 -0.919089 
0.247000 -0.923513 
0.248000 -0.927919 
0.249000 -0.932307 
0.250000 -0.936677 
0.251000 -0.941030 
0.252000 -0.945365 
0.253000 -0.949682 
0.254000 -0.953982 
0.255000 -0.958264 
0.256000 -0.962529 
0.257000 -0.966776 
0.258000 -0.971006 
0.259000 -0.975219 
0.260000 -0.979415 
0.261000 -0.983593 
0.262000 -0.987755 
0.263000 -0.991899 
0.264000 -0.996027 
0.265000 -1.000137 
0.266000 -1.004231 
0.267000 -1.008308 
0.268000 -1.012368 
0.269000 -1.016411 
0.270000 -1.020437 
0.271000 -1.024447 
0.272000 -1.028441 
0.273000 -1.032417 
0.274000 -1.036378 
0.275000 -1.040322 
0.276000 -1.044249 
0.277000 -1.048160 
0.278000 -1.052055 
0.279000 -1.055933 
0.280000 -1.059795 
0.281000 -1.063641 
0.282000 -1.067471 
0.283000 -1.071285 
0.284000 -1.075083 
0.285000 -1.078864 
0.286000 -1.082630 
0.287000 -1.086379 
0.288000 -1.090113 
0.289000 -1.093831 
0.290000 -1.097533 
0.291000 -1.101219 
0.292000 -1.104889 
0.293000 -1.108544 
0.294000 -1.112183 
0.295000 -1.115806 
0.296000 -1.119413 
0.297000 -1.123005 
0.298000 -1.126581 
0.299000 -1.130142 
0.300000 -1.133687 
0.301000 -1.137217 
0.302000 -1.140731 
0.303000 -1.144230 
0.304000 -1.147713 
0.305000 -1.151181 
0.306000 -1.154633 
0.307000 -1.158070 
0.308000 -1.161492 
0.309000 -1.164899 
0.310000 -1.168290 
0.311000 -1.171666 
0.312000 -1.175026 
0.313000 -1.178372 
0.314000 -1.181702 
0.315000 -1.185017 
0.316000 -1.188317 
0.317000 -1.191602 
0.318000 -1.194872 
0.319000 -1.198126 
0.320000 -1.201366 
0.321000 -1.204628 
0.322000 -1.207837 
0.323000 -1.211031 
0.324000 -1.214211 
0.325000 -1.217375 
0.326000 -1.220524 
0.327000 -1.223658 
0.328000 -1.226778 
0.329000 -1.229882 
0.330000 -1.232971 
0.331000 -1.236046 
0.332000 -1.239105 
0.333000 -1.242150 
0.334000 -1.245180 
0.335000 -1.248195 
0.336000 -1.251195 
0.337000 -1.254180 
0.338000 -1.257150 
0.339000 -1.260106 
0.340000 -1.263046 
0.341000 -1.265972 
0.342000 -1.268883 
0.343000 -1.271779 
0.344000 -1.274660 
0.345000 -1.277526 
0.346000 -1.280378 
0.347000 -1.283214 
0.348000 -1.286036 
0.349000 -1.288843 
0.350000 -1.291635 
0.351000 -1.294412 
0.352000 -1.297175 
0.353000 -1.299922 
0.354000 -1.302655 
0.355000 -1.305373 
0.356000 -1.308075 
0.357000 -1.310764 
0.358000 -1.313437 
0.359000 -1.316095 
0.360000 -1.318738 
0.361000 -1.321367 
0.362000 -1.323980 
0.363000 -1.326579 
0.364000 -1.329163 
0.365000 -1.331732 
0.366000 -1.334285 
0.367000 -1.336824 
0.368000 -1.339348 
0.369000 -1.341857 
0.370000 -1.344351 
0.371000 -1.346830 
0.372000 -1.349293 
0.373000 -1.351742 
0.374000 -1.354176 
0.375000 -1.356594 
0.376000 -1.358998 
0.377000 -1.361386 
0.378000 -1.363759 
0.379000 -1.366117 
0.380000 -1.368460 
0.381000 -1.370787 
0.382000 -1.373100 
0.383000 -1.375397 
0.384000 -1.377679 
0.385000 -1.379945 
0.386000 -1.382196 
0.387000 -1.384432 
0.388000 -1.386652 
0.389000 -1.388857 
0.390000 -1.391046 
0.391000 -1.393220 
0.392000 -1.395379 
0.393000 -1.397522 
0.394000 -1.399649 
0.395000 -1.401761 
0.396000 -1.403857 
0.397000 -1.405937 
0.398000 -1.408002 
0.399000 -1.410051 
0.400000 -1.412084 
0.401000 -1.414101 
0.402000 -1.416102 
0.403000 -1.418088 
0.404000 -1.420058 
0.405000 -1.422011 
0.406000 -1.423949 
0.407000 -1.425870 
0.408000 -1.427776 
0.409000 -1.429665 
0.410000 -1.431538 
0.411000 -1.433394 
0.412000 -1.435235 
0.413000 -1.437059 
0.414000 -1.438867 
0.415000 -1.440658 
0.416000 -1.442433 
0.417000 -1.444191 
0.418000 -1.445932 
0.419000 -1.447657 
0.420000 -1.449365 
0.421000 -1.451057 
0.422000 -1.452731 
0.423000 -1.454389 
0.424000 -1.456030 
0.425000 -1.457653 
0.426000 -1.459260 
0.427000 -1.460850 
0.428000 -1.462422 
0.429000 -1.463977 
0.430000 -1.465515 
0.431000 -1.467035 
0.432000 -1.468538 
0.433000 -1.470023 
0.434000 -1.471491 
0.435000 -1.472941 
0.436000 -1.474374 
0.437000 -1.475788 
0.438000 -1.477185 
0.439000 -1.478564 
0.440000 -1.479924 
0.441000 -1.481267 
0.442000 -1.482591 
0.443000 -1.483897 
0.444000 -1.485185 
0.445000 -1.486454 
0.446000 -1.487705 
0.447000 -1.488937 
0.448000 -1.490150 
0.449000 -1.491345 
0.450000 -1.492521 
0.451000 -1.493678 
0.452000 -1.494815 
0.453000 -1.495934 
0.454000 -1.497033 
0.455000 -1.498113 
0.456000 -1.499174 
0.457000 -1.500215 
0.458000 -1.501236 
0.459000 -1.502238 
0.460000 -1.503220 
0.461000 -1.504181 
0.462000 -1.505123 
0.463000 -1.506045 
0.464000 -1.506946 
0.465000 -1.507827 
0.466000 -1.508688 
0.467000 -1.509527 
0.468000 -1.510347 
0.469000 -1.511145 
0.470000 -1.511922 
0.471000 -1.512678 
0.472000 -1.513413 
0.473000 -1.514127 
0.474000 -1.514819 
0.475000 -1.515490 
0.476000 -1.516139 
0.477000 -1.516766 
0.478000 -1.517371 
0.479000 -1.517954 
0.480000 -1.518515 
0.481000 -1.519053 
0.482000 -1.519569 
0.483000 -1.520062 
0.484000 -1.520532 
0.485000 -1.520979 
0.486000 -1.521404 
0.487000 -1.521805 
0.488000 -1.522182 
0.489000 -1.522536 
0.490000 -1.522866 
0.491000 -1.523173 
0.492000 -1.523455 
0.493000 -1.523713 
0.494000 -1.523947 
0.495000 -1.524156 
0.496000 -1.524341 
0.497000 -1.524500 
0.498000 -1.524635 
0.499000 -1.524744 
0.500000 -1.524828 
0.501000 -1.524886 
0.502000 -1.524919 
0.503000 -1.524925 
0.504000 -1.524905 
0.505000 -1.524859 
0.506000 -1.524787 
0.507000 -1.524687 
0.508000 -1.524561 
0.509000 -1.524408 
0.510000 -1.524227 
0.511000 -1.524019 
0.512000 -1.523782 
0.513000 -1.523518 
0.514000 -1.523226 
0.515000 -1.522905 
0.516000 -1.522556 
0.517000 -1.522177 
0.518000 -1.521770 
0.519000 -1.521333 
0.520000 -1.520867 
0.521000 -1.520371 
0.522000 -1.519845 
0.523000 -1.519288 
0.524000 -1.518701 
0.525000 -1.518083 
0.526000 -1.517434 
0.527000 -1.516754 
0.528000 -1.516042 
0.529000 -1.515298 
0.530000 -1.514523 
0.531000 -1.513714 
0.532000 -1.512873 
0.533000 -1.512000 
0.534000 -1.511093 
0.535000 -1.510152 
0.536000 -1.509177 
0.537000 -1.508169 
0.538000 -1.507126 
0.539000 -1.506048 
0.540000 -1.504936 
0.541000 -1.503787 
0.542000 -1.502604 
0.543000 -1.501384 
0.544000 -1.500128 
0.545000 -1.498835 
0.546000 -1.497505 
0.547000 -1.496138 
0.548000 -1.494734 
0.549000 -1.493291 
0.550000 -1.491810 
0.551000 -1.490290 
0.552000 -1.488731 
0.553000 -1.487132 
0.554000 -1.485494 
0.555000 -1.483815 
0.556000 -1.482096 
0.557000 -1.480336 
0.558000 -1.478534 
0.559000 -1.476691 
0.560000 -1.474805 
0.561000 -1.472877 
0.562000 -1.470905 
0.563000 -1.468890 
0.564000 -1.466832 
0.565000 -1.464728 
0.566000 -1.462580 
0.567000 -1.460387 
0.568000 -1.458148 
0.569000 -1.455863 
0.570000 -1.453531 
0.571000 -1.451151 
0.572000 -1.448725 
0.573000 -1.446250 
0.574000 -1.443726 
0.575000 -1.441154 
0.576000 -1.438531 
0.577000 -1.435859 
0.578000 -1.433136 
0.579000 -1.430361 
0.580000 -1.427535 
0.581000 -1.424657 
0.582000 -1.421725 
0.583000 -1.418740 
0.584000 -1.415701 
0.585000 -1.412608 
0.586000 -1.409459 
0.587000 -1.406254 
0.588000 -1.402993 
0.589000 -1.399675 
0.590000 -1.396299 
0.591000 -1.392865 
0.592000 -1.389371 
0.593000 -1.385818 
0.594000 -1.382205 
0.595000 -1.378531 
0.596000 -1.374795 
0.597000 -1.370997 
0.598000 -1.367135 
0.599000 -1.363210 
0.600000 -1.359220 
0.601000 -1.355165 
0.602000 -1.351044 
0.603000 -1.346855 
0.604000 -1.342600 
0.605000 -1.338276 
0.606000 -1.333882 
0.607000 -1.329419 
0.608000 -1.324885 
0.609000 -1.320279 
0.610000 -1.315601 
0.611000 -1.310849 
0.612000 -1.306023 
0.613000 -1.301122 
0.614000 -1.296145 
0.615000 -1.291091 
0.616000 -1.285959 
0.617000 -1.280748 
0.618000 -1.275457 
0.619000 -1.270086 
0.620000 -1.264632 
0.621000 -1.259096 
0.622000 -1.253477 
0.623000 -1.247772 
0.624000 -1.241981 
0.625000 -1.236104 
0.626000 -1.230138 
0.627000 -1.224083 
0.628000 -1.217938 
0.629000 -1.211702 
0.630000 -1.205373 
0.631000 -1.198950 
0.632000 -1.192433 
0.633000 -1.185819 
0.634000 -1.179108 
0.635000 -1.172299 
0.636000 -1.165389 
0.637000 -1.158379 
0.638000 -1.151266 
0.639000 -1.144049 
0.640000 -1.136727 
0.641000 -1.129299 
0.642000 -1.121763 
0.643000 -1.114118 
0.644000 -1.106362 
0.645000 -1.098493 
0.646000 -1.090512 
0.647000 -1.082415 
0.648000 -1.074202 
0.649000 -1.065870 
0.650000 -1.057419 
0.651000 -1.048847 
0.652000 -1.040151 
0.653000 -1.031331 
0.654000 -1.022385 
0.655000 -1.013312 
0.656000 -1.004108 
0.657000 -0.994773 
0.658000 -0.985306 
0.659000 -0.975703 
0.660000 -0.965964 
0.661000 -0.956086 
0.662000 -0.946068 
0.663000 -0.935908 
0.664000 -0.925603 
0.665000 -0.915152 
0.666000 -0.904554 
0.667000 -0.893805 
0.668000 -0.882904 
0.669000 -0.871849 
0.670000 -0.860637 
0.671000 -0.849268 
0.672000 -0.837737 
0.673000 -0.826044 
0.674000 -0.814187 
0.675000 -0.802161 
0.676000 -0.789967 
0.677000 -0.777601 
0.678000 -0.765060 
0.679000 -0.752344 
0.680000 -0.739448 
0.681000 -0.726371 
0.682000 -0.713111 
0.683000 -0.699665 
0.684000 -0.686029 
0.685000 -0.672203 
0.686000 -0.658183 
0.687000 -0.643966 
0.688000 -0.629551 
0.689000 -0.614934 
0.690000 -0.600112 
0.691000 -0.585083 
0.692000 -0.569845 
0.693000 -0.554394 
0.694000 -0.538728 
0.695000 -0.522843 
0.696000 -0.506738 
0.697000 -0.490408 
0.698000 -0.473852 
0.699000 -0.457066 
0.700000 -0.440047 
0.701000 -0.422792 
0.702000 -0.405299 
0.703000 -0.387564 
0.704000 -0.369584 
0.705000 -0.351357 
0.706000 -0.332879 
0.707000 -0.314146 
0.708000 -0.295157 
0.709000 -0.275908 
0.710000 -0.256396 
0.711000 -0.236617 
0.712000 -0.216569 
0.713000 -0.196248 
0.714000 -0.175652 
0.715000 -0.154777 
0.716000 -0.133620 
0.717000 -0.112179 
0.718000 -0.090449 
0.719000 -0.068428 
0.720000 -0.046114 
0.721000 -0.023502 
0.722000 -0.000591 
0.723000 0.022624 
0.724000 0.046144 
0.725000 0.069973 
0.726000 0.094114 
0.727000 0.118568 
0.728000 0.143340 
0.729000 0.168431 
0.730000 0.193843 
0.731000 0.219580 
0.732000 0.245644 
0.733000 0.272037 
0.734000 0.298761 
0.735000 0.325818 
0.736000 0.353210 
0.737000 0.380939 
0.738000 0.409007 
0.739000 0.437414 
0.740000 0.466162 
0.741000 0.495253 
0.742000 0.524687 
0.743000 0.554465 
0.744000 0.584587 
0.745000 0.615055 
0.746000 0.645867 
0.747000 0.677024 
0.748000 0.708526 
0.749000 0.740371 
0.750000 0.772559 
0.751000 0.805088 
0.752000 0.837957 
0.753000 0.871164 
0.754000 0.904706 
0.755000 0.938581 
0.756000 0.972785 
0.757000 1.007316 
0.758000 1.042170 
0.759000 1.077341 
0.760000 1.112826 
0.761000 1.148619 
0.762000 1.184714 
0.763000 1.221105 
0.764000 1.257786 
0.765000 1.294749 
0.766000 1.331986 
0.767000 1.369489 
0.768000 1.407249 
0.769000 1.445256 
0.770000 1.483500 
0.771000 1.521971 
0.772000 1.560656 
0.773000 1.599544 
0.774000 1.638622 
0.775000 1.677877 
0.776000 1.717294 
0.777000 1.756859 
0.778000 1.796556 
0.779000 1.836368 
0.780000 1.876280 
0.781000 1.916274 
0.782000 1.956330 
0.783000 1.996431 
0.784000 2.036557 
0.785000 2.076688 
0.786000 2.116802 
0.787000 2.156878 
0.788000 2.196894 
0.789000 2.236827 
0.790000 2.276654 
0.791000 2.316351 
0.792000 2.355894 
0.793000 2.395257 
0.794000 2.434417 
0.795000 2.473346 
0.796000 2.512019 
0.797000 2.550409 
0.798000 2.588491 
0.799000 2.626237 
0.800000 2.663620 
0.801000 2.700614 
0.802000 2.737190 
0.803000 2.773323 
0.804000 2.808985 
0.805000 2.844150 
0.806000 2.878790 
0.807000 2.912880 
0.808000 2.946394 
0.809000 2.979306 
0.810000 3.011590 
0.811000 3.043224 
0.812000 3.074182 
0.813000 3.104441 
0.814000 3.133980 
0.815000 3.162776 
0.816000 3.190809 
0.817000 3.218058 
0.818000 3.244506 
0.819000 3.270134 
0.820000 3.294925 
0.821000 3.319087 
0.822000 3.342152 
0.823000 3.364339 
0.824000 3.385634 
0.825000 3.406027 
0.826000 3.425507 
0.827000 3.444067 
0.828000 3.461699 
0.829000 3.478397 
0.830000 3.494156 
0.831000 3.508973 
0.832000 3.522846 
0.833000 3.535774 
0.834000 3.547757 
0.835000 3.558798 
0.836000 3.568898 
0.837000 3.578062 
0.838000 3.586295 
0.839000 3.593604 
0.840000 3.599995 
0.841000 3.605476 
0.842000 3.610058 
0.843000 3.613750 
0.844000 3.616564 
0.845000 3.618510 
0.846000 3.619603 
0.847000 3.619856 
0.848000 3.619282 
0.849000 3.617897 
0.850000 3.615715 
0.851000 3.612753 
0.852000 3.609027 
0.853000 3.604554 
0.854000 3.599351 
0.855000 3.593435 
0.856000 3.586824 
0.857000 3.579537 
0.858000 3.571590 
0.859000 3.563003 
0.860000 3.553795 
0.861000 3.543982 
0.862000 3.533585 
0.863000 3.522621 
0.864000 3.511109 
0.865000 3.499067 
0.866000 3.486514 
0.867000 3.473467 
0.868000 3.459946 
0.869000 3.445966 
0.870000 3.431547 
0.871000 3.416704 
0.872000 3.401457 
0.873000 3.385820 
0.874000 3.369812 
0.875000 3.353447 
0.876000 3.336743 
0.877000 3.319714 
0.878000 3.302376 
0.879000 3.284745 
0.880000 3.266834 
0.881000 3.248658 
0.882000 3.230232 
0.883000 3.211568 
0.884000 3.192679 
0.885000 3.173580 
0.886000 3.154282 
0.887000 3.134797 
0.888000 3.115138 
0.889000 3.095316 
0.890000 3.075342 
0.891000 3.055227 
0.892000 3.034981 
0.893000 3.014614 
0.894000 2.994137 
0.895000 2.973559 
0.896000 2.952888 
0.897000 2.932134 
0.898000 2.911305 
0.899000 2.890410 
0.900000 2.869456 
0.901000 2.848451 
0.902000 2.827402 
0.903000 2.806317 
0.904000 2.785202 
0.905000 2.764064 
0.906000 2.742909 
0.907000 2.721742 
0.908000 2.700571 
0.909000 2.679399 
0.910000 2.658234 
0.911000 2.637079 
0.912000 2.615939 
0.913000 2.594820 
0.914000 2.573726 
0.915000 2.552660 
0.916000 2.531627 
0.917000 2.510631 
0.918000 2.489676 
0.919000 2.468765 
0.920000 2.447901 
0.921000 2.427088 
0.922000 2.406328 
0.923000 2.385625 
0.924000 2.364981 
0.925000 2.344399 
0.926000 2.323881 
0.927000 2.303430 
0.928000 2.283047 
0.929000 2.262736 
0.930000 2.242497 
0.931000 2.222333 
0.932000 2.202245 
0.933000 2.182236 
0.934000 2.162306 
0.935000 2.142457 
0.936000 2.122691 
0.937000 2.103008 
0.938000 2.083410 
0.939000 2.063898 
0.940000 2.044473 
0.941000 2.025136 
0.942000 2.005887 
0.943000 1.986729 
0.944000 1.967660 
0.945000 1.948682 
0.946000 1.929796 
0.947000 1.911002 
0.948000 1.892301 
0.949000 1.873693 
0.950000 1.855178 
0.951000 1.836756 
0.952000 1.818429 
0.953000 1.800197 
0.954000 1.782058 
0.955000 1.764015 
0.956000 1.746066 
0.957000 1.728212 
0.958000 1.710453 
0.959000 1.692789 
0.960000 1.675219 
0.961000 1.657745 
0.962000 1.640366 
0.963000 1.623081 
0.964000 1.605891 
0.965000 1.588795 
0.966000 1.571794 
0.967000 1.554886 
0.968000 1.538073 
0.969000 1.521353 
0.970000 1.504726 
0.971000 1.488192 
0.972000 1.471751 
0.973000 1.455403 
0.974000 1.439147 
0.975000 1.422982 
0.976000 1.406909 
0.977000 1.390927 
0.978000 1.375035 
0.979000 1.359234 
0.980000 1.343523 
0.981000 1.327901 
0.982000 1.312368 
0.983000 1.296924 
0.984000 1.281568 
0.985000 1.266299 
0.986000 1.251118 
0.987000 1.236024 
0.988000 1.221016 
0.989000 1.206093 
0.990000 1.191256 
0.991000 1.176504 
0.992000 1.161837 
0.993000 1.147253 
0.994000 1.132752 
0.995000 1.118335 
0.996000 1.104000 
0.997000 1.089747 
0.998000 1.075575 
0.999000 1.061484 
1.000000 1.047473 
1.001000 1.033542 
1.002000 1.019691 
1.003000 1.005918 
1.004000 0.992224 
1.005000 0.978607 
1.006000 0.965068 
1.007000 0.951605 
1.008000 0.938219 
1.009000 0.924908 
1.010000 0.911673 
1.011000 0.898512 
1.012000 0.885425 
1.013000 0.872413 
1.014000 0.859473 
1.015000 0.846606 
1.016000 0.833811 
1.017000 0.821088 
1.018000 0.808435 
1.019000 0.795854 
1.020000 0.783343 
1.021000 0.770901 
1.022000 0.758528 
1.023000 0.746224 
1.024000 0.733988 
1.025000 0.721820 
1.026000 0.709719 
1.027000 0.697685 
1.028000 0.685717 
1.029000 0.673814 
1.030000 0.661977 
1.031000 0.650205 
1.032000 0.638497 
1.033000 0.626853 
1.034000 0.615272 
1.035000 0.603754 
1.036000 0.592298 
1.037000 0.580905 
1.038000 0.569573 
1.039000 0.558302 
1.040000 0.547092 
1.041000 0.535942 
1.042000 0.524852 
1.043000 0.513821 
1.044000 0.502849 
1.045000 0.491935 
1.046000 0.481079 
1.047000 0.470281 
1.048000 0.459541 
1.049000 0.448857 
1.050000 0.438229 
1.051000 0.427657 
1.052000 0.417141 
1.053000 0.406680 
1.054000 0.396273 
1.055000 0.385921 
1.056000 0.375623 
1.057000 0.365378 
1.058000 0.355187 
1.059000 0.345048 
1.060000 0.334962 
1.061000 0.324927 
1.062000 0.314944 
1.063000 0.305013 
1.064000 0.295132 
1.065000 0.285301 
1.066000 0.275521 
1.067000 0.265791 
1.068000 0.256110 
1.069000 0.246478 
1.070000 0.236894 
1.071000 0.227359 
1.072000 0.217872 
1.073000 0.208433 
1.074000 0.199041 
1.075000 0.189696 
1.076000 0.180397 
1.077000 0.171145 
1.078000 0.161939 
1.079000 0.152778 
1.080000 0.143663 
1.081000 0.134593 
1.082000 0.125567 
1.083000 0.116586 
1.084000 0.107649 
1.085000 0.098755 
1.086000 0.089905 
1.087000 0.081098 
1.088000 0.072334 
1.089000 0.063613 
1.090000 0.054933 
1.091000 0.046296 
1.092000 0.037700 
1.093000 0.029146 
1.094000 0.020633 
1.095000 0.012160 
1.096000 0.003728 
1.097000 -0.004663 
1.098000 -0.013015 
1.099000 -0.021327 
1.100000 -0.029600 
1.101000 -0.037833 
1.102000 -0.046028 
1.103000 -0.054184 
1.104000 -0.062302 
1.105000 -0.070381 
1.106000 -0.078423 
1.107000 -0.086427 
1.108000 -0.094394 
1.109000 -0.102324 
1.110000 -0.110217 
1.111000 -0.118073 
1.112000 -0.125893 
1.113000 -0.133677 
1.114000 -0.141424 
1.115000 -0.149137 
1.116000 -0.156814 
1.117000 -0.164455 
1.118000 -0.172062 
1.119000 -0.179634 
1.120000 -0.187172 
1.121000 -0.194675 
1.122000 -0.202144 
1.123000 -0.209579 
1.124000 -0.216981 
1.125000 -0.224349 
1.126000 -0.231685 
1.127000 -0.238987 
1.128000 -0.246256 
1.129000 -0.253493 
1.130000 -0.260697 
1.131000 -0.267870 
1.132000 -0.275010 
1.133000 -0.282119 
1.134000 -0.289196 
1.135000 -0.296241 
1.136000 -0.303256 
1.137000 -0.310239 
1.138000 -0.317192 
1.139000 -0.324114 
1.140000 -0.331006 
1.141000 -0.337868 
1.142000 -0.344699 
1.143000 -0.351501 
1.144000 -0.358272 
1.145000 -0.365015 
1.146000 -0.371728 
1.147000 -0.378412 
1.148000 -0.385067 
1.149000 -0.391693 
1.150000 -0.398291 
1.151000 -0.404860 
1.152000 -0.411400 
1.153000 -0.417913 
1.154000 -0.424398 
1.155000 -0.430854 
1.156000 -0.437284 
1.157000 -0.443685 
1.158000 -0.450060 
1.159000 -0.456407 
1.160000 -0.462727 
1.161000 -0.469020 
1.162000 -0.475287 
1.163000 -0.481527 
1.164000 -0.487740 
1.165000 -0.493928 
1.166000 -0.500089 
1.167000 -0.506224 
1.168000 -0.512334 
1.169000 -0.518417 
1.170000 -0.524475 
1.171000 -0.530508 
1.172000 -0.536516 
1.173000 -0.542498 
1.174000 -0.548455 
1.175000 -0.554388 
1.176000 -0.560295 
1.177000 -0.566179 
1.178000 -0.572037 
1.179000 -0.577872 
1.180000 -0.583682 
1.181000 -0.589468 
1.182000 -0.595230 
1.183000 -0.600968 
1.184000 -0.606683 
1.185000 -0.612373 
1.186000 -0.618041 
1.187000 -0.623685 
1.188000 -0.629306 
1.189000 -0.634904 
1.190000 -0.640479 
1.191000 -0.646030 
1.192000 -0.651560 
1.193000 -0.657066 
1.194000 -0.662550 
1.195000 -0.668011 
1.196000 -0.673451 
1.197000 -0.678868 
1.198000 -0.684263 
1.199000 -0.689635 
1.200000 -0.694986 
1.201000 -0.700316 
1.202000 -0.705623 
1.203000 -0.710909 
1.204000 -0.716173 
1.205000 -0.721417 
1.206000 -0.726638 
1.207000 -0.731839 
1.208000 -0.737018 
1.209000 -0.742177 
1.210000 -0.747315 
1.211000 -0.752432 
1.212000 -0.757528 
1.213000 -0.762603 
1.214000 -0.767658 
1.215000 -0.772693 
1.216000 -0.777707 
1.217000 -0.782701 
1.218000 -0.787675 
1.219000 -0.792629 
1.220000 -0.797563 
1.221000 -0.802477 
1.222000 -0.807371 
1.223000 -0.812245 
1.224000 -0.817100 
1.225000 -0.821935 
1.226000 -0.826751 
1.227000 -0.831547 
1.228000 -0.836324 
1.229000 -0.841081 
1.230000 -0.845820 
1.231000 -0.850539 
1.232000 -0.855240 
1.233000 -0.859921 
1.234000 -0.864584 
1.235000 -0.869228 
1.236000 -0.873853 
1.237000 -0.878459 
1.238000 -0.883047 
1.239000 -0.887616 
1.240000 -0.892167 
1.241000 -0.896700 
1.242000 -0.901214 
1.243000 -0.905710 
1.244000 -0.910188 
1.245000 -0.914648 
1.246000 -0.919089 
1.247000 -0.923513 
1.248000 -0.927919 
1.249000 -0.932307 
1.250000 -0.936677 
1.251000 -0.941030 
1.252000 -0.945365 
1.253000 -0.949682 
1.254000 -0.953982 
1.255000 -0.958264 
1.256000 -0.962529 
1.257000 -0.966776 
1.258000 -0.971006 
1.259000 -0.975219 
1.260000 -0.979415 
1.261000 -0.983593 
1.262000 -0.987755 
1.263000 -0.991899 
1.264000 -0.996027 
1.265000 -1.000137 
1.266000 -1.004231 
1.267000 -1.008308 
1.268000 -1.012368 
1.269000 -1.016411 
1.270000 -1.020437 
1.271000 -1.024447 
1.272000 -1.028441 
1.273000 -1.032417 
1.274000 -1.036378 
1.275000 -1.040322 
1.276000 -1.044249 
1.277000 -1.048160 
1.278000 -1.052055 
1.279000 -1.055933 
1.280000 -1.059795 
1.281000 -1.063641 
1.282000 -1.067471 
1.283000 -1.071285 
1.284000 -1.075083 
1.285000 -1.078864 
1.286000 -1.082630 
1.287000 -1.086379 
1.288000 -1.090113 
1.289000 -1.093831 
1.290000 -1.097533 
1.291000 -1.101219 
1.292000 -1.104889 
1.293000 -1.108544 
1.294000 -1.112183 
1.295000 -1.115806 
1.296000 -1.119413 
1.297000 -1.123005 
1.298000 -1.126581 
1.299000 -1.130142 
1.300000 -1.133687 
1.301000 -1.137217 
1.302000 -1.140731 
1.303000 -1.144230 
1.304000 -1.147713 
1.305000 -1.151181 
1.306000 -1.154633 
1.307000 -1.158070 
1.308000 -1.161492 
1.309000 -1.164899 
1.310000 -1.168290 
1.311000 -1.171666 
1.312000 -1.175026 
1.313000 -1.178372 
1.314000 -1.181702 
1.315000 -1.185017 
1.316000 -1.188317 
1.317000 -1.191602 
1.318000 -1.194872 
1.319000 -1.198126 
1.320000 -1.201366 
1.321000 -1.204628 
1.322000 -1.207837 
1.323000 -1.211031 
1.324000 -1.214211 
1.325000 -1.217375 
1.326000 -1.220524 
1.327000 -1.223658 
1.328000 -1.226778 
1.329000 -1.229882 
1.330000 -1.232971 
1.331000 -1.236046 
1.332000 -1.239105 
1.333000 -1.242150 
1.334000 -1.245180 
1.335000 -1.248195 
1.336000 -1.251195 
1.337000 -1.254180 
1.338000 -1.257150 
1.339000 -1.260106 
1.340000 -1.263046 
1.341000 -1.265972 
1.342000 -1.268883 
1.343000 -1.271779 
1.344000 -1.274660 
1.345000 -1.277526 
1.346000 -1.280378 
1.347000 -1.283214 
1.348000 -1.286036 
1.349000 -1.288843 
1.350000 -1.291635 
1.351000 -1.294412 
1.352000 -1.297175 
1.353000 -1.299922 
1.354000 -1.302655 
1.355000 -1.305373 
1.356000 -1.308075 
1.357000 -1.310764 
1.358000 -1.313437 
1.359000 -1.316095 
1.360000 -1.318738 
1.361000 -1.321367 
1.362000 -1.323980 
1.363000 -1.326579 
1.364000 -1.329163 
1.365000 -1.331732 
1.366000 -1.334285 
1.367000 -1.336824 
1.368000 -1.339348 
1.369000 -1.341857 
1.370000 -1.344351 
1.371000 -1.346830 
1.372000 -1.349293 
1.373000 -1.351742 
1.374000 -1.354176 
1.375000 -1.356594 
1.376000 -1.358998 
1.377000 -1.361386 
1.378000 -1.363759 
1.379000 -1.366117 
1.380000 -1.368460 
1.381000 -1.370787 
1.382000 -1.373100 
1.383000 -1.375397 
1.384000 -1.377679 
1.385000 -1.379945 
1.386000 -1.382196 
1.387000 -1.384432 
1.388000 -1.386652 
1.389000 -1.388857 
1.390000 -1.391046 
1.391000 -1.393220 
1.392000 -1.395379 
1.393000 -1.397522 
1.394000 -1.399649 
1.395000 -1.401761 
1.396000 -1.403857 
1.397000 -1.405937 
1.398000 -1.408002 
1.399000 -1.410051 
1.400000 -1.412084 
1.401000 -1.414101 
1.402000 -1.416102 
1.403000 -1.418088 
1.404000 -1.420058 
1.405000 -1.422011 
1.406000 -1.423949 
1.407000 -1.425870 
1.408000 -1.427776 
1.409000 -1.429665 
1.410000 -1.431538 
1.411000 -1.433394 
1.412000 -1.435235 
1.413000 -1.437059 
1.414000 -1.438867 
1.415000 -1.440658 
1.416000 -1.442433 
1.417000 -1.444191 
1.418000 -1.445932 
1.419000 -1.447657 
1.420000 -1.449365 
1.421000 -1.451057 
1.422000 -1.452731 
1.423000 -1.454389 
1.424000 -1.456030 
1.425000 -1.457653 
1.426000 -1.459260 
1.427000 -1.460850 
1.428000 -1.462422 
1.429000 -1.463977 
1.430000 -1.465515 
1.431000 -1.467035 
1.432000 -1.468538 
1.433000 -1.470023 
1.434000 -1.471491 
1.435000 -1.472941 
1.436000 -1.474374 
1.437000 -1.475788 
1.438000 -1.477185 
1.439000 -1.478564 
1.440000 -1.479924 
1.441000 -1.481267 
1.442000 -1.482591 
1.443000 -1.483897 
1.444000 -1.485185 
1.445000 -1.486454 
1.446000 -1.487705 
1.447000 -1.488937 
1.448000 -1.490150 
1.449000 -1.491345 
1.450000 -1.492521 
1.451000 -1.493678 
1.452000 -1.494815 
1.453000 -1.495934 
1.454000 -1.497033 
1.455000 -1.498113 
1.456000 -1.499174 
1.457000 -1.500215 
1.458000 -1.501236 
1.459000 -1.502238 
1.460000 -1.503220 
1.461000 -1.504181 
1.462000 -1.505123 
1.463000 -1.506045 
1.464000 -1.506946 
1.465000 -1.507827 
1.466000 -1.508688 
1.467000 -1.509527 
1.468000 -1.510347 
1.469000 -1.511145 
1.470000 -1.511922 
1.471000 -1.512678 
1.472000 -1.513413 
1.473000 -1.514127 
1.474000 -1.514819 
1.475000 -1.515490 
1.476000 -1.516139 
1.477000 -1.516766 
1.478000 -1.517371 
1.479000 -1.517954 
1.480000 -1.518515 
1.481000 -1.519053 
1.482000 -1.519569 
1.483000 -1.520062 
1.484000 -1.520532 
1.485000 -1.520979 
1.486000 -1.521404 
1.487000 -1.521805 
1.488000 -1.522182 
1.489000 -1.522536 
1.490000 -1.522866 
1.491000 -1.523173 
1.492000 -1.523455 
1.493000 -1.523713 
1.494000 -1.523947 
1.495000 -1.524156 
1.496000 -1.524341 
1.497000 -1.524500 
1.498000 -1.524635 
1.499000 -1.524744 
