# Tc_folded model 
-1.500000 -0.037874 
-1.499000 -0.023949 
-1.498000 -0.010022 
-1.497000 0.003906 
-1.496000 0.017837 
-1.495000 0.031767 
-1.494000 0.045699 
-1.493000 0.059630 
-1.492000 0.073560 
-1.491000 0.087489 
-1.490000 0.101417 
-1.489000 0.115342 
-1.488000 0.129265 
-1.487000 0.143184 
-1.486000 0.157100 
-1.485000 0.171011 
-1.484000 0.184918 
-1.483000 0.198819 
-1.482000 0.212715 
-1.481000 0.226605 
-1.480000 0.240487 
-1.479000 0.254363 
-1.478000 0.268231 
-1.477000 0.282090 
-1.476000 0.295941 
-1.475000 0.309783 
-1.474000 0.323615 
-1.473000 0.337436 
-1.472000 0.351247 
-1.471000 0.365046 
-1.470000 0.378834 
-1.469000 0.392609 
-1.468000 0.406372 
-1.467000 0.420121 
-1.466000 0.433857 
-1.465000 0.447578 
-1.464000 0.461284 
-1.463000 0.474975 
-1.462000 0.488650 
-1.461000 0.502309 
-1.460000 0.515951 
-1.459000 0.529576 
-1.458000 0.543183 
-1.457000 0.556771 
-1.456000 0.570341 
-1.455000 0.583891 
-1.454000 0.597422 
-1.453000 0.610932 
-1.452000 0.624422 
-1.451000 0.637890 
-1.450000 0.651336 
-1.449000 0.664760 
-1.448000 0.678160 
-1.447000 0.691538 
-1.446000 0.704892 
-1.445000 0.718221 
-1.444000 0.731526 
-1.443000 0.744805 
-1.442000 0.758059 
-1.441000 0.771286 
-1.440000 0.784486 
-1.439000 0.797659 
-1.438000 0.810804 
-1.437000 0.823921 
-1.436000 0.837009 
-1.435000 0.850068 
-1.434000 0.863096 
-1.433000 0.876095 
-1.432000 0.889063 
-1.431000 0.902000 
-1.430000 0.914904 
-1.429000 0.927777 
-1.428000 0.940617 
-1.427000 0.953424 
-1.426000 0.966196 
-1.425000 0.978935 
-1.424000 0.991639 
-1.423000 1.004308 
-1.422000 1.016941 
-1.421000 1.029539 
-1.420000 1.042099 
-1.419000 1.054622 
-1.418000 1.067108 
-1.417000 1.079556 
-1.416000 1.091965 
-1.415000 1.104336 
-1.414000 1.116666 
-1.413000 1.128957 
-1.412000 1.141207 
-1.411000 1.153417 
-1.410000 1.165585 
-1.409000 1.177711 
-1.408000 1.189795 
-1.407000 1.201836 
-1.406000 1.213834 
-1.405000 1.225788 
-1.404000 1.237697 
-1.403000 1.249563 
-1.402000 1.261383 
-1.401000 1.273157 
-1.400000 1.284885 
-1.399000 1.296567 
-1.398000 1.308202 
-1.397000 1.319789 
-1.396000 1.331329 
-1.395000 1.342820 
-1.394000 1.354262 
-1.393000 1.365655 
-1.392000 1.376998 
-1.391000 1.388292 
-1.390000 1.399534 
-1.389000 1.410725 
-1.388000 1.421865 
-1.387000 1.432953 
-1.386000 1.443989 
-1.385000 1.454972 
-1.384000 1.465901 
-1.383000 1.476777 
-1.382000 1.487598 
-1.381000 1.498365 
-1.380000 1.509077 
-1.379000 1.519733 
-1.378000 1.530334 
-1.377000 1.540878 
-1.376000 1.551365 
-1.375000 1.561795 
-1.374000 1.572168 
-1.373000 1.582482 
-1.372000 1.592738 
-1.371000 1.602935 
-1.370000 1.613073 
-1.369000 1.623151 
-1.368000 1.633169 
-1.367000 1.643127 
-1.366000 1.653023 
-1.365000 1.662858 
-1.364000 1.672631 
-1.363000 1.682342 
-1.362000 1.691991 
-1.361000 1.701576 
-1.360000 1.711098 
-1.359000 1.720556 
-1.358000 1.729950 
-1.357000 1.739280 
-1.356000 1.748544 
-1.355000 1.757743 
-1.354000 1.766877 
-1.353000 1.775944 
-1.352000 1.784944 
-1.351000 1.793878 
-1.350000 1.802744 
-1.349000 1.811543 
-1.348000 1.820273 
-1.347000 1.828935 
-1.346000 1.837529 
-1.345000 1.846053 
-1.344000 1.854507 
-1.343000 1.862892 
-1.342000 1.871206 
-1.341000 1.879450 
-1.340000 1.887622 
-1.339000 1.895724 
-1.338000 1.903753 
-1.337000 1.911711 
-1.336000 1.919596 
-1.335000 1.927408 
-1.334000 1.935147 
-1.333000 1.942813 
-1.332000 1.950405 
-1.331000 1.957923 
-1.330000 1.965366 
-1.329000 1.972734 
-1.328000 1.980028 
-1.327000 1.987246 
-1.326000 1.994388 
-1.325000 2.001453 
-1.324000 2.008443 
-1.323000 2.015356 
-1.322000 2.022191 
-1.321000 2.028950 
-1.320000 2.035630 
-1.319000 2.042233 
-1.318000 2.048757 
-1.317000 2.055203 
-1.316000 2.061569 
-1.315000 2.067857 
-1.314000 2.074065 
-1.313000 2.080193 
-1.312000 2.086241 
-1.311000 2.092209 
-1.310000 2.098096 
-1.309000 2.103902 
-1.308000 2.109627 
-1.307000 2.115271 
-1.306000 2.120832 
-1.305000 2.126312 
-1.304000 2.131709 
-1.303000 2.137024 
-1.302000 2.142256 
-1.301000 2.147405 
-1.300000 2.152471 
-1.299000 2.157453 
-1.298000 2.162351 
-1.297000 2.167165 
-1.296000 2.171895 
-1.295000 2.176540 
-1.294000 2.181101 
-1.293000 2.185576 
-1.292000 2.189967 
-1.291000 2.194271 
-1.290000 2.198490 
-1.289000 2.202624 
-1.288000 2.206671 
-1.287000 2.210631 
-1.286000 2.214505 
-1.285000 2.218293 
-1.284000 2.221993 
-1.283000 2.225606 
-1.282000 2.229132 
-1.281000 2.232571 
-1.280000 2.235921 
-1.279000 2.239184 
-1.278000 2.242358 
-1.277000 2.245445 
-1.276000 2.248442 
-1.275000 2.251351 
-1.274000 2.254172 
-1.273000 2.256903 
-1.272000 2.259545 
-1.271000 2.262098 
-1.270000 2.264562 
-1.269000 2.266935 
-1.268000 2.269219 
-1.267000 2.271414 
-1.266000 2.273518 
-1.265000 2.275532 
-1.264000 2.277455 
-1.263000 2.279288 
-1.262000 2.281031 
-1.261000 2.282683 
-1.260000 2.284244 
-1.259000 2.285714 
-1.258000 2.287093 
-1.257000 2.288381 
-1.256000 2.289577 
-1.255000 2.290683 
-1.254000 2.291697 
-1.253000 2.292619 
-1.252000 2.293449 
-1.251000 2.294188 
-1.250000 2.294835 
-1.249000 2.295390 
-1.248000 2.295854 
-1.247000 2.296225 
-1.246000 2.296504 
-1.245000 2.296691 
-1.244000 2.296785 
-1.243000 2.296788 
-1.242000 2.296698 
-1.241000 2.296515 
-1.240000 2.296240 
-1.239000 2.295873 
-1.238000 2.295413 
-1.237000 2.294861 
-1.236000 2.294216 
-1.235000 2.293478 
-1.234000 2.292648 
-1.233000 2.291725 
-1.232000 2.290710 
-1.231000 2.289602 
-1.230000 2.288401 
-1.229000 2.287108 
-1.228000 2.285722 
-1.227000 2.284243 
-1.226000 2.282671 
-1.225000 2.281007 
-1.224000 2.279251 
-1.223000 2.277402 
-1.222000 2.275460 
-1.221000 2.273426 
-1.220000 2.271299 
-1.219000 2.269080 
-1.218000 2.266768 
-1.217000 2.264364 
-1.216000 2.261868 
-1.215000 2.259279 
-1.214000 2.256598 
-1.213000 2.253825 
-1.212000 2.250960 
-1.211000 2.248003 
-1.210000 2.244955 
-1.209000 2.241814 
-1.208000 2.238581 
-1.207000 2.235257 
-1.206000 2.231842 
-1.205000 2.228334 
-1.204000 2.224736 
-1.203000 2.221046 
-1.202000 2.217265 
-1.201000 2.213393 
-1.200000 2.209430 
-1.199000 2.205377 
-1.198000 2.201232 
-1.197000 2.196997 
-1.196000 2.192672 
-1.195000 2.188256 
-1.194000 2.183751 
-1.193000 2.179155 
-1.192000 2.174469 
-1.191000 2.169694 
-1.190000 2.164829 
-1.189000 2.159875 
-1.188000 2.154832 
-1.187000 2.149699 
-1.186000 2.144478 
-1.185000 2.139168 
-1.184000 2.133770 
-1.183000 2.128284 
-1.182000 2.122709 
-1.181000 2.117046 
-1.180000 2.111296 
-1.179000 2.105458 
-1.178000 2.099533 
-1.177000 2.093521 
-1.176000 2.087422 
-1.175000 2.081236 
-1.174000 2.074964 
-1.173000 2.068606 
-1.172000 2.062162 
-1.171000 2.055632 
-1.170000 2.049016 
-1.169000 2.042316 
-1.168000 2.035530 
-1.167000 2.028660 
-1.166000 2.021705 
-1.165000 2.014666 
-1.164000 2.007543 
-1.163000 2.000337 
-1.162000 1.993047 
-1.161000 1.985674 
-1.160000 1.978218 
-1.159000 1.970679 
-1.158000 1.963059 
-1.157000 1.955356 
-1.156000 1.947572 
-1.155000 1.939706 
-1.154000 1.931759 
-1.153000 1.923732 
-1.152000 1.915624 
-1.151000 1.907436 
-1.150000 1.899168 
-1.149000 1.890821 
-1.148000 1.882395 
-1.147000 1.873889 
-1.146000 1.865306 
-1.145000 1.856644 
-1.144000 1.847904 
-1.143000 1.839087 
-1.142000 1.830193 
-1.141000 1.821222 
-1.140000 1.812175 
-1.139000 1.803052 
-1.138000 1.793853 
-1.137000 1.784579 
-1.136000 1.775230 
-1.135000 1.765807 
-1.134000 1.756309 
-1.133000 1.746738 
-1.132000 1.737094 
-1.131000 1.727376 
-1.130000 1.717586 
-1.129000 1.707724 
-1.128000 1.697789 
-1.127000 1.687784 
-1.126000 1.677708 
-1.125000 1.667561 
-1.124000 1.657344 
-1.123000 1.647057 
-1.122000 1.636701 
-1.121000 1.626277 
-1.120000 1.615784 
-1.119000 1.605223 
-1.118000 1.594594 
-1.117000 1.583898 
-1.116000 1.573136 
-1.115000 1.562307 
-1.114000 1.551413 
-1.113000 1.540454 
-1.112000 1.529430 
-1.111000 1.518341 
-1.110000 1.507188 
-1.109000 1.495972 
-1.108000 1.484693 
-1.107000 1.473352 
-1.106000 1.461949 
-1.105000 1.450484 
-1.104000 1.438958 
-1.103000 1.427371 
-1.102000 1.415725 
-1.101000 1.404019 
-1.100000 1.392254 
-1.099000 1.380430 
-1.098000 1.368548 
-1.097000 1.356609 
-1.096000 1.344612 
-1.095000 1.332559 
-1.094000 1.320450 
-1.093000 1.308286 
-1.092000 1.296066 
-1.091000 1.283792 
-1.090000 1.271465 
-1.089000 1.259083 
-1.088000 1.246649 
-1.087000 1.234162 
-1.086000 1.221624 
-1.085000 1.209034 
-1.084000 1.196394 
-1.083000 1.183703 
-1.082000 1.170963 
-1.081000 1.158173 
-1.080000 1.145335 
-1.079000 1.132449 
-1.078000 1.119516 
-1.077000 1.106536 
-1.076000 1.093509 
-1.075000 1.080436 
-1.074000 1.067319 
-1.073000 1.054156 
-1.072000 1.040950 
-1.071000 1.027700 
-1.070000 1.014407 
-1.069000 1.001072 
-1.068000 0.987695 
-1.067000 0.974277 
-1.066000 0.960818 
-1.065000 0.947319 
-1.064000 0.933780 
-1.063000 0.920203 
-1.062000 0.906588 
-1.061000 0.892935 
-1.060000 0.879244 
-1.059000 0.865517 
-1.058000 0.851755 
-1.057000 0.837957 
-1.056000 0.824124 
-1.055000 0.810257 
-1.054000 0.796356 
-1.053000 0.782423 
-1.052000 0.768457 
-1.051000 0.754460 
-1.050000 0.740432 
-1.049000 0.726373 
-1.048000 0.712284 
-1.047000 0.698166 
-1.046000 0.684019 
-1.045000 0.669845 
-1.044000 0.655643 
-1.043000 0.641414 
-1.042000 0.627159 
-1.041000 0.612878 
-1.040000 0.598572 
-1.039000 0.584242 
-1.038000 0.569889 
-1.037000 0.555512 
-1.036000 0.541113 
-1.035000 0.526692 
-1.034000 0.512250 
-1.033000 0.497788 
-1.032000 0.483305 
-1.031000 0.468803 
-1.030000 0.454283 
-1.029000 0.439744 
-1.028000 0.425188 
-1.027000 0.410615 
-1.026000 0.396026 
-1.025000 0.381422 
-1.024000 0.366803 
-1.023000 0.352169 
-1.022000 0.337522 
-1.021000 0.322862 
-1.020000 0.308190 
-1.019000 0.293506 
-1.018000 0.278811 
-1.017000 0.264105 
-1.016000 0.249390 
-1.015000 0.234665 
-1.014000 0.219933 
-1.013000 0.205192 
-1.012000 0.190444 
-1.011000 0.175689 
-1.010000 0.160929 
-1.009000 0.146163 
-1.008000 0.131392 
-1.007000 0.116618 
-1.006000 0.101840 
-1.005000 0.087059 
-1.004000 0.072276 
-1.003000 0.057492 
-1.002000 0.042707 
-1.001000 0.027922 
-1.000000 0.013137 
-0.999000 -0.001647 
-0.998000 -0.016429 
-0.997000 -0.031208 
-0.996000 -0.045985 
-0.995000 -0.060758 
-0.994000 -0.075526 
-0.993000 -0.090290 
-0.992000 -0.105049 
-0.991000 -0.119801 
-0.990000 -0.134546 
-0.989000 -0.149284 
-0.988000 -0.164014 
-0.987000 -0.178735 
-0.986000 -0.193447 
-0.985000 -0.208148 
-0.984000 -0.222840 
-0.983000 -0.237519 
-0.982000 -0.252188 
-0.981000 -0.266843 
-0.980000 -0.281486 
-0.979000 -0.296115 
-0.978000 -0.310729 
-0.977000 -0.325329 
-0.976000 -0.339912 
-0.975000 -0.354480 
-0.974000 -0.369031 
-0.973000 -0.383564 
-0.972000 -0.398080 
-0.971000 -0.412576 
-0.970000 -0.427053 
-0.969000 -0.441511 
-0.968000 -0.455948 
-0.967000 -0.470363 
-0.966000 -0.484757 
-0.965000 -0.499129 
-0.964000 -0.513478 
-0.963000 -0.527803 
-0.962000 -0.542104 
-0.961000 -0.556380 
-0.960000 -0.570631 
-0.959000 -0.584855 
-0.958000 -0.599054 
-0.957000 -0.613225 
-0.956000 -0.627368 
-0.955000 -0.641483 
-0.954000 -0.655569 
-0.953000 -0.669625 
-0.952000 -0.683651 
-0.951000 -0.697647 
-0.950000 -0.711611 
-0.949000 -0.725544 
-0.948000 -0.739444 
-0.947000 -0.753311 
-0.946000 -0.767144 
-0.945000 -0.780943 
-0.944000 -0.794708 
-0.943000 -0.808437 
-0.942000 -0.822130 
-0.941000 -0.835787 
-0.940000 -0.849406 
-0.939000 -0.862989 
-0.938000 -0.876533 
-0.937000 -0.890038 
-0.936000 -0.903504 
-0.935000 -0.916930 
-0.934000 -0.930316 
-0.933000 -0.943661 
-0.932000 -0.956965 
-0.931000 -0.970226 
-0.930000 -0.983445 
-0.929000 -0.996621 
-0.928000 -1.009754 
-0.927000 -1.022842 
-0.926000 -1.035885 
-0.925000 -1.048884 
-0.924000 -1.061836 
-0.923000 -1.074743 
-0.922000 -1.087602 
-0.921000 -1.100415 
-0.920000 -1.113179 
-0.919000 -1.125895 
-0.918000 -1.138563 
-0.917000 -1.151181 
-0.916000 -1.163749 
-0.915000 -1.176267 
-0.914000 -1.188734 
-0.913000 -1.201149 
-0.912000 -1.213513 
-0.911000 -1.225825 
-0.910000 -1.238083 
-0.909000 -1.250288 
-0.908000 -1.262440 
-0.907000 -1.274537 
-0.906000 -1.286580 
-0.905000 -1.298567 
-0.904000 -1.310499 
-0.903000 -1.322374 
-0.902000 -1.334193 
-0.901000 -1.345954 
-0.900000 -1.357658 
-0.899000 -1.369305 
-0.898000 -1.380892 
-0.897000 -1.392421 
-0.896000 -1.403890 
-0.895000 -1.415300 
-0.894000 -1.426649 
-0.893000 -1.437938 
-0.892000 -1.449165 
-0.891000 -1.460331 
-0.890000 -1.471435 
-0.889000 -1.482477 
-0.888000 -1.493455 
-0.887000 -1.504371 
-0.886000 -1.515222 
-0.885000 -1.526010 
-0.884000 -1.536733 
-0.883000 -1.547391 
-0.882000 -1.557984 
-0.881000 -1.568511 
-0.880000 -1.578972 
-0.879000 -1.589367 
-0.878000 -1.599695 
-0.877000 -1.609955 
-0.876000 -1.620148 
-0.875000 -1.630273 
-0.874000 -1.640329 
-0.873000 -1.650316 
-0.872000 -1.660235 
-0.871000 -1.670083 
-0.870000 -1.679862 
-0.869000 -1.689571 
-0.868000 -1.699209 
-0.867000 -1.708776 
-0.866000 -1.718271 
-0.865000 -1.727695 
-0.864000 -1.737047 
-0.863000 -1.746327 
-0.862000 -1.755534 
-0.861000 -1.764668 
-0.860000 -1.773728 
-0.859000 -1.782715 
-0.858000 -1.791628 
-0.857000 -1.800466 
-0.856000 -1.809230 
-0.855000 -1.817919 
-0.854000 -1.826533 
-0.853000 -1.835071 
-0.852000 -1.843533 
-0.851000 -1.851919 
-0.850000 -1.860228 
-0.849000 -1.868461 
-0.848000 -1.876617 
-0.847000 -1.884695 
-0.846000 -1.892696 
-0.845000 -1.900619 
-0.844000 -1.908464 
-0.843000 -1.916230 
-0.842000 -1.923918 
-0.841000 -1.931526 
-0.840000 -1.939056 
-0.839000 -1.946506 
-0.838000 -1.953876 
-0.837000 -1.961166 
-0.836000 -1.968376 
-0.835000 -1.975506 
-0.834000 -1.982555 
-0.833000 -1.989522 
-0.832000 -1.996409 
-0.831000 -2.003214 
-0.830000 -2.009938 
-0.829000 -2.016580 
-0.828000 -2.023140 
-0.827000 -2.029617 
-0.826000 -2.036013 
-0.825000 -2.042325 
-0.824000 -2.048554 
-0.823000 -2.054701 
-0.822000 -2.060764 
-0.821000 -2.066744 
-0.820000 -2.072640 
-0.819000 -2.078452 
-0.818000 -2.084180 
-0.817000 -2.089824 
-0.816000 -2.095383 
-0.815000 -2.100858 
-0.814000 -2.106249 
-0.813000 -2.111554 
-0.812000 -2.116774 
-0.811000 -2.121910 
-0.810000 -2.126960 
-0.809000 -2.131924 
-0.808000 -2.136803 
-0.807000 -2.141596 
-0.806000 -2.146303 
-0.805000 -2.150924 
-0.804000 -2.155459 
-0.803000 -2.159907 
-0.802000 -2.164269 
-0.801000 -2.168545 
-0.800000 -2.172734 
-0.799000 -2.176836 
-0.798000 -2.180851 
-0.797000 -2.184779 
-0.796000 -2.188621 
-0.795000 -2.192374 
-0.794000 -2.196041 
-0.793000 -2.199621 
-0.792000 -2.203112 
-0.791000 -2.206517 
-0.790000 -2.209833 
-0.789000 -2.213062 
-0.788000 -2.216204 
-0.787000 -2.219257 
-0.786000 -2.222222 
-0.785000 -2.225100 
-0.784000 -2.227889 
-0.783000 -2.230590 
-0.782000 -2.233204 
-0.781000 -2.235729 
-0.780000 -2.238165 
-0.779000 -2.240514 
-0.778000 -2.242774 
-0.777000 -2.244945 
-0.776000 -2.247029 
-0.775000 -2.249024 
-0.774000 -2.250930 
-0.773000 -2.252748 
-0.772000 -2.254478 
-0.771000 -2.256118 
-0.770000 -2.257671 
-0.769000 -2.259135 
-0.768000 -2.260510 
-0.767000 -2.261797 
-0.766000 -2.262995 
-0.765000 -2.264105 
-0.764000 -2.265126 
-0.763000 -2.266059 
-0.762000 -2.266903 
-0.761000 -2.267659 
-0.760000 -2.268327 
-0.759000 -2.268905 
-0.758000 -2.269396 
-0.757000 -2.269798 
-0.756000 -2.270112 
-0.755000 -2.270337 
-0.754000 -2.270475 
-0.753000 -2.270524 
-0.752000 -2.270484 
-0.751000 -2.270357 
-0.750000 -2.270142 
-0.749000 -2.269838 
-0.748000 -2.269447 
-0.747000 -2.268968 
-0.746000 -2.268401 
-0.745000 -2.267746 
-0.744000 -2.267004 
-0.743000 -2.266174 
-0.742000 -2.265256 
-0.741000 -2.264251 
-0.740000 -2.263159 
-0.739000 -2.261979 
-0.738000 -2.260712 
-0.737000 -2.259359 
-0.736000 -2.257918 
-0.735000 -2.256390 
-0.734000 -2.254776 
-0.733000 -2.253075 
-0.732000 -2.251287 
-0.731000 -2.249413 
-0.730000 -2.247452 
-0.729000 -2.245406 
-0.728000 -2.243273 
-0.727000 -2.241054 
-0.726000 -2.238749 
-0.725000 -2.236359 
-0.724000 -2.233883 
-0.723000 -2.231322 
-0.722000 -2.228676 
-0.721000 -2.225944 
-0.720000 -2.223127 
-0.719000 -2.220226 
-0.718000 -2.217239 
-0.717000 -2.214168 
-0.716000 -2.211013 
-0.715000 -2.207774 
-0.714000 -2.204450 
-0.713000 -2.201043 
-0.712000 -2.197552 
-0.711000 -2.193977 
-0.710000 -2.190319 
-0.709000 -2.186577 
-0.708000 -2.182753 
-0.707000 -2.178846 
-0.706000 -2.174856 
-0.705000 -2.170783 
-0.704000 -2.166629 
-0.703000 -2.162392 
-0.702000 -2.158073 
-0.701000 -2.153673 
-0.700000 -2.149191 
-0.699000 -2.144628 
-0.698000 -2.139983 
-0.697000 -2.135258 
-0.696000 -2.130452 
-0.695000 -2.125566 
-0.694000 -2.120600 
-0.693000 -2.115553 
-0.692000 -2.110427 
-0.691000 -2.105221 
-0.690000 -2.099935 
-0.689000 -2.094571 
-0.688000 -2.089128 
-0.687000 -2.083606 
-0.686000 -2.078006 
-0.685000 -2.072327 
-0.684000 -2.066571 
-0.683000 -2.060736 
-0.682000 -2.054825 
-0.681000 -2.048836 
-0.680000 -2.042770 
-0.679000 -2.036628 
-0.678000 -2.030409 
-0.677000 -2.024114 
-0.676000 -2.017744 
-0.675000 -2.011297 
-0.674000 -2.004775 
-0.673000 -1.998178 
-0.672000 -1.991507 
-0.671000 -1.984760 
-0.670000 -1.977940 
-0.669000 -1.971045 
-0.668000 -1.964077 
-0.667000 -1.957035 
-0.666000 -1.949920 
-0.665000 -1.942732 
-0.664000 -1.935472 
-0.663000 -1.928139 
-0.662000 -1.920735 
-0.661000 -1.913258 
-0.660000 -1.905711 
-0.659000 -1.898092 
-0.658000 -1.890402 
-0.657000 -1.882642 
-0.656000 -1.874812 
-0.655000 -1.866912 
-0.654000 -1.858942 
-0.653000 -1.850903 
-0.652000 -1.842795 
-0.651000 -1.834619 
-0.650000 -1.826374 
-0.649000 -1.818062 
-0.648000 -1.809681 
-0.647000 -1.801234 
-0.646000 -1.792719 
-0.645000 -1.784138 
-0.644000 -1.775490 
-0.643000 -1.766776 
-0.642000 -1.757997 
-0.641000 -1.749153 
-0.640000 -1.740243 
-0.639000 -1.731269 
-0.638000 -1.722230 
-0.637000 -1.713128 
-0.636000 -1.703962 
-0.635000 -1.694733 
-0.634000 -1.685441 
-0.633000 -1.676086 
-0.632000 -1.666669 
-0.631000 -1.657191 
-0.630000 -1.647650 
-0.629000 -1.638049 
-0.628000 -1.628387 
-0.627000 -1.618665 
-0.626000 -1.608883 
-0.625000 -1.599041 
-0.624000 -1.589139 
-0.623000 -1.579179 
-0.622000 -1.569160 
-0.621000 -1.559084 
-0.620000 -1.548949 
-0.619000 -1.538757 
-0.618000 -1.528508 
-0.617000 -1.518202 
-0.616000 -1.507840 
-0.615000 -1.497423 
-0.614000 -1.486949 
-0.613000 -1.476421 
-0.612000 -1.465838 
-0.611000 -1.455201 
-0.610000 -1.444510 
-0.609000 -1.433765 
-0.608000 -1.422967 
-0.607000 -1.412116 
-0.606000 -1.401213 
-0.605000 -1.390259 
-0.604000 -1.379252 
-0.603000 -1.368195 
-0.602000 -1.357087 
-0.601000 -1.345929 
-0.600000 -1.334720 
-0.599000 -1.323462 
-0.598000 -1.312156 
-0.597000 -1.300800 
-0.596000 -1.289397 
-0.595000 -1.277945 
-0.594000 -1.266446 
-0.593000 -1.254900 
-0.592000 -1.243308 
-0.591000 -1.231669 
-0.590000 -1.219985 
-0.589000 -1.208256 
-0.588000 -1.196481 
-0.587000 -1.184662 
-0.586000 -1.172800 
-0.585000 -1.160893 
-0.584000 -1.148944 
-0.583000 -1.136951 
-0.582000 -1.124917 
-0.581000 -1.112841 
-0.580000 -1.100723 
-0.579000 -1.088564 
-0.578000 -1.076365 
-0.577000 -1.064126 
-0.576000 -1.051847 
-0.575000 -1.039529 
-0.574000 -1.027172 
-0.573000 -1.014777 
-0.572000 -1.002344 
-0.571000 -0.989873 
-0.570000 -0.977366 
-0.569000 -0.964822 
-0.568000 -0.952242 
-0.567000 -0.939627 
-0.566000 -0.926976 
-0.565000 -0.914291 
-0.564000 -0.901571 
-0.563000 -0.888818 
-0.562000 -0.876031 
-0.561000 -0.863211 
-0.560000 -0.850359 
-0.559000 -0.837476 
-0.558000 -0.824560 
-0.557000 -0.811614 
-0.556000 -0.798637 
-0.555000 -0.785630 
-0.554000 -0.772593 
-0.553000 -0.759527 
-0.552000 -0.746433 
-0.551000 -0.733310 
-0.550000 -0.720159 
-0.549000 -0.706982 
-0.548000 -0.693777 
-0.547000 -0.680546 
-0.546000 -0.667289 
-0.545000 -0.654007 
-0.544000 -0.640700 
-0.543000 -0.627369 
-0.542000 -0.614013 
-0.541000 -0.600634 
-0.540000 -0.587232 
-0.539000 -0.573808 
-0.538000 -0.560361 
-0.537000 -0.546893 
-0.536000 -0.533404 
-0.535000 -0.519894 
-0.534000 -0.506364 
-0.533000 -0.492815 
-0.532000 -0.479246 
-0.531000 -0.465659 
-0.530000 -0.452054 
-0.529000 -0.438430 
-0.528000 -0.424790 
-0.527000 -0.411133 
-0.526000 -0.397460 
-0.525000 -0.383771 
-0.524000 -0.370066 
-0.523000 -0.356347 
-0.522000 -0.342614 
-0.521000 -0.328867 
-0.520000 -0.315107 
-0.519000 -0.301333 
-0.518000 -0.287548 
-0.517000 -0.273751 
-0.516000 -0.259942 
-0.515000 -0.246123 
-0.514000 -0.232293 
-0.513000 -0.218454 
-0.512000 -0.204605 
-0.511000 -0.190748 
-0.510000 -0.176882 
-0.509000 -0.163008 
-0.508000 -0.149127 
-0.507000 -0.135239 
-0.506000 -0.121345 
-0.505000 -0.107444 
-0.504000 -0.093539 
-0.503000 -0.079629 
-0.502000 -0.065714 
-0.501000 -0.051796 
-0.500000 -0.037874 
-0.499000 -0.023949 
-0.498000 -0.010022 
-0.497000 0.003906 
-0.496000 0.017837 
-0.495000 0.031767 
-0.494000 0.045699 
-0.493000 0.059630 
-0.492000 0.073560 
-0.491000 0.087489 
-0.490000 0.101417 
-0.489000 0.115342 
-0.488000 0.129265 
-0.487000 0.143184 
-0.486000 0.157100 
-0.485000 0.171011 
-0.484000 0.184918 
-0.483000 0.198819 
-0.482000 0.212715 
-0.481000 0.226605 
-0.480000 0.240487 
-0.479000 0.254363 
-0.478000 0.268231 
-0.477000 0.282090 
-0.476000 0.295941 
-0.475000 0.309783 
-0.474000 0.323615 
-0.473000 0.337436 
-0.472000 0.351247 
-0.471000 0.365046 
-0.470000 0.378834 
-0.469000 0.392609 
-0.468000 0.406372 
-0.467000 0.420121 
-0.466000 0.433857 
-0.465000 0.447578 
-0.464000 0.461284 
-0.463000 0.474975 
-0.462000 0.488650 
-0.461000 0.502309 
-0.460000 0.515951 
-0.459000 0.529576 
-0.458000 0.543183 
-0.457000 0.556771 
-0.456000 0.570341 
-0.455000 0.583891 
-0.454000 0.597422 
-0.453000 0.610932 
-0.452000 0.624422 
-0.451000 0.637890 
-0.450000 0.651336 
-0.449000 0.664760 
-0.448000 0.678160 
-0.447000 0.691538 
-0.446000 0.704892 
-0.445000 0.718221 
-0.444000 0.731526 
-0.443000 0.744805 
-0.442000 0.758059 
-0.441000 0.771286 
-0.440000 0.784486 
-0.439000 0.797659 
-0.438000 0.810804 
-0.437000 0.823921 
-0.436000 0.837009 
-0.435000 0.850068 
-0.434000 0.863096 
-0.433000 0.876095 
-0.432000 0.889063 
-0.431000 0.902000 
-0.430000 0.914904 
-0.429000 0.927777 
-0.428000 0.940617 
-0.427000 0.953424 
-0.426000 0.966196 
-0.425000 0.978935 
-0.424000 0.991639 
-0.423000 1.004308 
-0.422000 1.016941 
-0.421000 1.029539 
-0.420000 1.042099 
-0.419000 1.054622 
-0.418000 1.067108 
-0.417000 1.079556 
-0.416000 1.091965 
-0.415000 1.104336 
-0.414000 1.116666 
-0.413000 1.128957 
-0.412000 1.141207 
-0.411000 1.153417 
-0.410000 1.165585 
-0.409000 1.177711 
-0.408000 1.189795 
-0.407000 1.201836 
-0.406000 1.213834 
-0.405000 1.225788 
-0.404000 1.237697 
-0.403000 1.249563 
-0.402000 1.261383 
-0.401000 1.273157 
-0.400000 1.284885 
-0.399000 1.296567 
-0.398000 1.308202 
-0.397000 1.319789 
-0.396000 1.331329 
-0.395000 1.342820 
-0.394000 1.354262 
-0.393000 1.365655 
-0.392000 1.376998 
-0.391000 1.388292 
-0.390000 1.399534 
-0.389000 1.410725 
-0.388000 1.421865 
-0.387000 1.432953 
-0.386000 1.443989 
-0.385000 1.454972 
-0.384000 1.465901 
-0.383000 1.476777 
-0.382000 1.487598 
-0.381000 1.498365 
-0.380000 1.509077 
-0.379000 1.519733 
-0.378000 1.530334 
-0.377000 1.540878 
-0.376000 1.551365 
-0.375000 1.561795 
-0.374000 1.572168 
-0.373000 1.582482 
-0.372000 1.592738 
-0.371000 1.602935 
-0.370000 1.613073 
-0.369000 1.623151 
-0.368000 1.633169 
-0.367000 1.643127 
-0.366000 1.653023 
-0.365000 1.662858 
-0.364000 1.672631 
-0.363000 1.682342 
-0.362000 1.691991 
-0.361000 1.701576 
-0.360000 1.711098 
-0.359000 1.720556 
-0.358000 1.729950 
-0.357000 1.739280 
-0.356000 1.748544 
-0.355000 1.757743 
-0.354000 1.766877 
-0.353000 1.775944 
-0.352000 1.784944 
-0.351000 1.793878 
-0.350000 1.802744 
-0.349000 1.811543 
-0.348000 1.820273 
-0.347000 1.828935 
-0.346000 1.837529 
-0.345000 1.846053 
-0.344000 1.854507 
-0.343000 1.862892 
-0.342000 1.871206 
-0.341000 1.879450 
-0.340000 1.887622 
-0.339000 1.895724 
-0.338000 1.903753 
-0.337000 1.911711 
-0.336000 1.919596 
-0.335000 1.927408 
-0.334000 1.935147 
-0.333000 1.942813 
-0.332000 1.950405 
-0.331000 1.957923 
-0.330000 1.965366 
-0.329000 1.972734 
-0.328000 1.980028 
-0.327000 1.987246 
-0.326000 1.994388 
-0.325000 2.001453 
-0.324000 2.008443 
-0.323000 2.015356 
-0.322000 2.022191 
-0.321000 2.028950 
-0.320000 2.035630 
-0.319000 2.042233 
-0.318000 2.048757 
-0.317000 2.055203 
-0.316000 2.061569 
-0.315000 2.067857 
-0.314000 2.074065 
-0.313000 2.080193 
-0.312000 2.086241 
-0.311000 2.092209 
-0.310000 2.098096 
-0.309000 2.103902 
-0.308000 2.109627 
-0.307000 2.115271 
-0.306000 2.120832 
-0.305000 2.126312 
-0.304000 2.131709 
-0.303000 2.137024 
-0.302000 2.142256 
-0.301000 2.147405 
-0.300000 2.152471 
-0.299000 2.157453 
-0.298000 2.162351 
-0.297000 2.167165 
-0.296000 2.171895 
-0.295000 2.176540 
-0.294000 2.181101 
-0.293000 2.185576 
-0.292000 2.189967 
-0.291000 2.194271 
-0.290000 2.198490 
-0.289000 2.202624 
-0.288000 2.206671 
-0.287000 2.210631 
-0.286000 2.214505 
-0.285000 2.218293 
-0.284000 2.221993 
-0.283000 2.225606 
-0.282000 2.229132 
-0.281000 2.232571 
-0.280000 2.235921 
-0.279000 2.239184 
-0.278000 2.242358 
-0.277000 2.245445 
-0.276000 2.248442 
-0.275000 2.251351 
-0.274000 2.254172 
-0.273000 2.256903 
-0.272000 2.259545 
-0.271000 2.262098 
-0.270000 2.264562 
-0.269000 2.266935 
-0.268000 2.269219 
-0.267000 2.271414 
-0.266000 2.273518 
-0.265000 2.275532 
-0.264000 2.277455 
-0.263000 2.279288 
-0.262000 2.281031 
-0.261000 2.282683 
-0.260000 2.284244 
-0.259000 2.285714 
-0.258000 2.287093 
-0.257000 2.288381 
-0.256000 2.289577 
-0.255000 2.290683 
-0.254000 2.291697 
-0.253000 2.292619 
-0.252000 2.293449 
-0.251000 2.294188 
-0.250000 2.294835 
-0.249000 2.295390 
-0.248000 2.295854 
-0.247000 2.296225 
-0.246000 2.296504 
-0.245000 2.296691 
-0.244000 2.296785 
-0.243000 2.296788 
-0.242000 2.296698 
-0.241000 2.296515 
-0.240000 2.296240 
-0.239000 2.295873 
-0.238000 2.295413 
-0.237000 2.294861 
-0.236000 2.294216 
-0.235000 2.293478 
-0.234000 2.292648 
-0.233000 2.291725 
-0.232000 2.290710 
-0.231000 2.289602 
-0.230000 2.288401 
-0.229000 2.287108 
-0.228000 2.285722 
-0.227000 2.284243 
-0.226000 2.282671 
-0.225000 2.281007 
-0.224000 2.279251 
-0.223000 2.277402 
-0.222000 2.275460 
-0.221000 2.273426 
-0.220000 2.271299 
-0.219000 2.269080 
-0.218000 2.266768 
-0.217000 2.264364 
-0.216000 2.261868 
-0.215000 2.259279 
-0.214000 2.256598 
-0.213000 2.253825 
-0.212000 2.250960 
-0.211000 2.248003 
-0.210000 2.244955 
-0.209000 2.241814 
-0.208000 2.238581 
-0.207000 2.235257 
-0.206000 2.231842 
-0.205000 2.228334 
-0.204000 2.224736 
-0.203000 2.221046 
-0.202000 2.217265 
-0.201000 2.213393 
-0.200000 2.209430 
-0.199000 2.205377 
-0.198000 2.201232 
-0.197000 2.196997 
-0.196000 2.192672 
-0.195000 2.188256 
-0.194000 2.183751 
-0.193000 2.179155 
-0.192000 2.174469 
-0.191000 2.169694 
-0.190000 2.164829 
-0.189000 2.159875 
-0.188000 2.154832 
-0.187000 2.149699 
-0.186000 2.144478 
-0.185000 2.139168 
-0.184000 2.133770 
-0.183000 2.128284 
-0.182000 2.122709 
-0.181000 2.117046 
-0.180000 2.111296 
-0.179000 2.105458 
-0.178000 2.099533 
-0.177000 2.093521 
-0.176000 2.087422 
-0.175000 2.081236 
-0.174000 2.074964 
-0.173000 2.068606 
-0.172000 2.062162 
-0.171000 2.055632 
-0.170000 2.049016 
-0.169000 2.042316 
-0.168000 2.035530 
-0.167000 2.028660 
-0.166000 2.021705 
-0.165000 2.014666 
-0.164000 2.007543 
-0.163000 2.000337 
-0.162000 1.993047 
-0.161000 1.985674 
-0.160000 1.978218 
-0.159000 1.970679 
-0.158000 1.963059 
-0.157000 1.955356 
-0.156000 1.947572 
-0.155000 1.939706 
-0.154000 1.931759 
-0.153000 1.923732 
-0.152000 1.915624 
-0.151000 1.907436 
-0.150000 1.899168 
-0.149000 1.890821 
-0.148000 1.882395 
-0.147000 1.873889 
-0.146000 1.865306 
-0.145000 1.856644 
-0.144000 1.847904 
-0.143000 1.839087 
-0.142000 1.830193 
-0.141000 1.821222 
-0.140000 1.812175 
-0.139000 1.803052 
-0.138000 1.793853 
-0.137000 1.784579 
-0.136000 1.775230 
-0.135000 1.765807 
-0.134000 1.756309 
-0.133000 1.746738 
-0.132000 1.737094 
-0.131000 1.727376 
-0.130000 1.717586 
-0.129000 1.707724 
-0.128000 1.697789 
-0.127000 1.687784 
-0.126000 1.677708 
-0.125000 1.667561 
-0.124000 1.657344 
-0.123000 1.647057 
-0.122000 1.636701 
-0.121000 1.626277 
-0.120000 1.615784 
-0.119000 1.605223 
-0.118000 1.594594 
-0.117000 1.583898 
-0.116000 1.573136 
-0.115000 1.562307 
-0.114000 1.551413 
-0.113000 1.540454 
-0.112000 1.529430 
-0.111000 1.518341 
-0.110000 1.507188 
-0.109000 1.495972 
-0.108000 1.484693 
-0.107000 1.473352 
-0.106000 1.461949 
-0.105000 1.450484 
-0.104000 1.438958 
-0.103000 1.427371 
-0.102000 1.415725 
-0.101000 1.404019 
-0.100000 1.392254 
-0.099000 1.380430 
-0.098000 1.368548 
-0.097000 1.356609 
-0.096000 1.344612 
-0.095000 1.332559 
-0.094000 1.320450 
-0.093000 1.308286 
-0.092000 1.296066 
-0.091000 1.283792 
-0.090000 1.271464 
-0.089000 1.259083 
-0.088000 1.246649 
-0.087000 1.234162 
-0.086000 1.221624 
-0.085000 1.209034 
-0.084000 1.196394 
-0.083000 1.183703 
-0.082000 1.170963 
-0.081000 1.158173 
-0.080000 1.145335 
-0.079000 1.132449 
-0.078000 1.119516 
-0.077000 1.106536 
-0.076000 1.093509 
-0.075000 1.080436 
-0.074000 1.067319 
-0.073000 1.054156 
-0.072000 1.040950 
-0.071000 1.027700 
-0.070000 1.014407 
-0.069000 1.001072 
-0.068000 0.987695 
-0.067000 0.974277 
-0.066000 0.960818 
-0.065000 0.947319 
-0.064000 0.933780 
-0.063000 0.920203 
-0.062000 0.906588 
-0.061000 0.892935 
-0.060000 0.879244 
-0.059000 0.865517 
-0.058000 0.851755 
-0.057000 0.837957 
-0.056000 0.824124 
-0.055000 0.810257 
-0.054000 0.796356 
-0.053000 0.782423 
-0.052000 0.768457 
-0.051000 0.754460 
-0.050000 0.740432 
-0.049000 0.726373 
-0.048000 0.712284 
-0.047000 0.698166 
-0.046000 0.684019 
-0.045000 0.669845 
-0.044000 0.655643 
-0.043000 0.641414 
-0.042000 0.627159 
-0.041000 0.612878 
-0.040000 0.598572 
-0.039000 0.584242 
-0.038000 0.569889 
-0.037000 0.555512 
-0.036000 0.541113 
-0.035000 0.526692 
-0.034000 0.512250 
-0.033000 0.497788 
-0.032000 0.483305 
-0.031000 0.468803 
-0.030000 0.454283 
-0.029000 0.439744 
-0.028000 0.425188 
-0.027000 0.410615 
-0.026000 0.396026 
-0.025000 0.381422 
-0.024000 0.366803 
-0.023000 0.352169 
-0.022000 0.337522 
-0.021000 0.322862 
-0.020000 0.308190 
-0.019000 0.293506 
-0.018000 0.278811 
-0.017000 0.264105 
-0.016000 0.249390 
-0.015000 0.234665 
-0.014000 0.219933 
-0.013000 0.205192 
-0.012000 0.190444 
-0.011000 0.175689 
-0.010000 0.160929 
-0.009000 0.146163 
-0.008000 0.131392 
-0.007000 0.116618 
-0.006000 0.101840 
-0.005000 0.087059 
-0.004000 0.072276 
-0.003000 0.057492 
-0.002000 0.042707 
-0.001000 0.027922 
-0.000000 0.013137 
0.001000 -0.001647 
0.002000 -0.016429 
0.003000 -0.031208 
0.004000 -0.045985 
0.005000 -0.060758 
0.006000 -0.075526 
0.007000 -0.090290 
0.008000 -0.105049 
0.009000 -0.119801 
0.010000 -0.134546 
0.011000 -0.149284 
0.012000 -0.164014 
0.013000 -0.178735 
0.014000 -0.193447 
0.015000 -0.208148 
0.016000 -0.222840 
0.017000 -0.237519 
0.018000 -0.252188 
0.019000 -0.266843 
0.020000 -0.281486 
0.021000 -0.296115 
0.022000 -0.310729 
0.023000 -0.325329 
0.024000 -0.339912 
0.025000 -0.354480 
0.026000 -0.369031 
0.027000 -0.383564 
0.028000 -0.398080 
0.029000 -0.412576 
0.030000 -0.427053 
0.031000 -0.441511 
0.032000 -0.455948 
0.033000 -0.470363 
0.034000 -0.484757 
0.035000 -0.499129 
0.036000 -0.513478 
0.037000 -0.527803 
0.038000 -0.542104 
0.039000 -0.556380 
0.040000 -0.570631 
0.041000 -0.584855 
0.042000 -0.599054 
0.043000 -0.613225 
0.044000 -0.627368 
0.045000 -0.641483 
0.046000 -0.655569 
0.047000 -0.669625 
0.048000 -0.683651 
0.049000 -0.697647 
0.050000 -0.711611 
0.051000 -0.725544 
0.052000 -0.739444 
0.053000 -0.753311 
0.054000 -0.767144 
0.055000 -0.780943 
0.056000 -0.794708 
0.057000 -0.808437 
0.058000 -0.822130 
0.059000 -0.835787 
0.060000 -0.849406 
0.061000 -0.862989 
0.062000 -0.876533 
0.063000 -0.890038 
0.064000 -0.903504 
0.065000 -0.916930 
0.066000 -0.930316 
0.067000 -0.943661 
0.068000 -0.956965 
0.069000 -0.970226 
0.070000 -0.983445 
0.071000 -0.996621 
0.072000 -1.009754 
0.073000 -1.022842 
0.074000 -1.035885 
0.075000 -1.048884 
0.076000 -1.061836 
0.077000 -1.074743 
0.078000 -1.087602 
0.079000 -1.100415 
0.080000 -1.113179 
0.081000 -1.125895 
0.082000 -1.138563 
0.083000 -1.151181 
0.084000 -1.163749 
0.085000 -1.176267 
0.086000 -1.188734 
0.087000 -1.201149 
0.088000 -1.213513 
0.089000 -1.225825 
0.090000 -1.238083 
0.091000 -1.250288 
0.092000 -1.262440 
0.093000 -1.274537 
0.094000 -1.286580 
0.095000 -1.298567 
0.096000 -1.310499 
0.097000 -1.322374 
0.098000 -1.334193 
0.099000 -1.345954 
0.100000 -1.357658 
0.101000 -1.369305 
0.102000 -1.380892 
0.103000 -1.392421 
0.104000 -1.403890 
0.105000 -1.415300 
0.106000 -1.426649 
0.107000 -1.437938 
0.108000 -1.449165 
0.109000 -1.460331 
0.110000 -1.471435 
0.111000 -1.482477 
0.112000 -1.493455 
0.113000 -1.504371 
0.114000 -1.515222 
0.115000 -1.526010 
0.116000 -1.536733 
0.117000 -1.547391 
0.118000 -1.557984 
0.119000 -1.568511 
0.120000 -1.578972 
0.121000 -1.589367 
0.122000 -1.599695 
0.123000 -1.609955 
0.124000 -1.620148 
0.125000 -1.630273 
0.126000 -1.640329 
0.127000 -1.650316 
0.128000 -1.660235 
0.129000 -1.670083 
0.130000 -1.679862 
0.131000 -1.689571 
0.132000 -1.699209 
0.133000 -1.708776 
0.134000 -1.718271 
0.135000 -1.727695 
0.136000 -1.737047 
0.137000 -1.746327 
0.138000 -1.755534 
0.139000 -1.764668 
0.140000 -1.773728 
0.141000 -1.782715 
0.142000 -1.791628 
0.143000 -1.800466 
0.144000 -1.809230 
0.145000 -1.817919 
0.146000 -1.826533 
0.147000 -1.835071 
0.148000 -1.843533 
0.149000 -1.851919 
0.150000 -1.860228 
0.151000 -1.868461 
0.152000 -1.876617 
0.153000 -1.884695 
0.154000 -1.892696 
0.155000 -1.900619 
0.156000 -1.908464 
0.157000 -1.916230 
0.158000 -1.923918 
0.159000 -1.931526 
0.160000 -1.939056 
0.161000 -1.946506 
0.162000 -1.953876 
0.163000 -1.961166 
0.164000 -1.968376 
0.165000 -1.975506 
0.166000 -1.982555 
0.167000 -1.989522 
0.168000 -1.996409 
0.169000 -2.003214 
0.170000 -2.009938 
0.171000 -2.016580 
0.172000 -2.023140 
0.173000 -2.029617 
0.174000 -2.036013 
0.175000 -2.042325 
0.176000 -2.048554 
0.177000 -2.054701 
0.178000 -2.060764 
0.179000 -2.066744 
0.180000 -2.072640 
0.181000 -2.078452 
0.182000 -2.084180 
0.183000 -2.089824 
0.184000 -2.095383 
0.185000 -2.100858 
0.186000 -2.106249 
0.187000 -2.111554 
0.188000 -2.116774 
0.189000 -2.121910 
0.190000 -2.126960 
0.191000 -2.131924 
0.192000 -2.136803 
0.193000 -2.141596 
0.194000 -2.146303 
0.195000 -2.150924 
0.196000 -2.155459 
0.197000 -2.159907 
0.198000 -2.164269 
0.199000 -2.168545 
0.200000 -2.172734 
0.201000 -2.176836 
0.202000 -2.180851 
0.203000 -2.184779 
0.204000 -2.188621 
0.205000 -2.192374 
0.206000 -2.196041 
0.207000 -2.199621 
0.208000 -2.203112 
0.209000 -2.206517 
0.210000 -2.209833 
0.211000 -2.213062 
0.212000 -2.216204 
0.213000 -2.219257 
0.214000 -2.222222 
0.215000 -2.225100 
0.216000 -2.227889 
0.217000 -2.230590 
0.218000 -2.233204 
0.219000 -2.235729 
0.220000 -2.238165 
0.221000 -2.240514 
0.222000 -2.242774 
0.223000 -2.244945 
0.224000 -2.247029 
0.225000 -2.249024 
0.226000 -2.250930 
0.227000 -2.252748 
0.228000 -2.254478 
0.229000 -2.256118 
0.230000 -2.257671 
0.231000 -2.259135 
0.232000 -2.260510 
0.233000 -2.261797 
0.234000 -2.262995 
0.235000 -2.264105 
0.236000 -2.265126 
0.237000 -2.266059 
0.238000 -2.266903 
0.239000 -2.267659 
0.240000 -2.268327 
0.241000 -2.268905 
0.242000 -2.269396 
0.243000 -2.269798 
0.244000 -2.270112 
0.245000 -2.270337 
0.246000 -2.270475 
0.247000 -2.270524 
0.248000 -2.270484 
0.249000 -2.270357 
0.250000 -2.270142 
0.251000 -2.269838 
0.252000 -2.269447 
0.253000 -2.268968 
0.254000 -2.268401 
0.255000 -2.267746 
0.256000 -2.267004 
0.257000 -2.266174 
0.258000 -2.265256 
0.259000 -2.264251 
0.260000 -2.263159 
0.261000 -2.261979 
0.262000 -2.260712 
0.263000 -2.259359 
0.264000 -2.257918 
0.265000 -2.256390 
0.266000 -2.254776 
0.267000 -2.253075 
0.268000 -2.251287 
0.269000 -2.249413 
0.270000 -2.247452 
0.271000 -2.245406 
0.272000 -2.243273 
0.273000 -2.241054 
0.274000 -2.238749 
0.275000 -2.236359 
0.276000 -2.233883 
0.277000 -2.231322 
0.278000 -2.228676 
0.279000 -2.225944 
0.280000 -2.223127 
0.281000 -2.220226 
0.282000 -2.217239 
0.283000 -2.214168 
0.284000 -2.211013 
0.285000 -2.207774 
0.286000 -2.204450 
0.287000 -2.201043 
0.288000 -2.197552 
0.289000 -2.193977 
0.290000 -2.190319 
0.291000 -2.186577 
0.292000 -2.182753 
0.293000 -2.178846 
0.294000 -2.174856 
0.295000 -2.170783 
0.296000 -2.166629 
0.297000 -2.162392 
0.298000 -2.158073 
0.299000 -2.153673 
0.300000 -2.149191 
0.301000 -2.144628 
0.302000 -2.139983 
0.303000 -2.135258 
0.304000 -2.130452 
0.305000 -2.125566 
0.306000 -2.120600 
0.307000 -2.115553 
0.308000 -2.110427 
0.309000 -2.105221 
0.310000 -2.099935 
0.311000 -2.094571 
0.312000 -2.089128 
0.313000 -2.083606 
0.314000 -2.078006 
0.315000 -2.072327 
0.316000 -2.066571 
0.317000 -2.060736 
0.318000 -2.054825 
0.319000 -2.048836 
0.320000 -2.042770 
0.321000 -2.036628 
0.322000 -2.030409 
0.323000 -2.024114 
0.324000 -2.017744 
0.325000 -2.011297 
0.326000 -2.004775 
0.327000 -1.998178 
0.328000 -1.991507 
0.329000 -1.984760 
0.330000 -1.977940 
0.331000 -1.971045 
0.332000 -1.964077 
0.333000 -1.957035 
0.334000 -1.949920 
0.335000 -1.942732 
0.336000 -1.935472 
0.337000 -1.928139 
0.338000 -1.920735 
0.339000 -1.913258 
0.340000 -1.905711 
0.341000 -1.898092 
0.342000 -1.890402 
0.343000 -1.882642 
0.344000 -1.874812 
0.345000 -1.866912 
0.346000 -1.858942 
0.347000 -1.850903 
0.348000 -1.842795 
0.349000 -1.834619 
0.350000 -1.826374 
0.351000 -1.818062 
0.352000 -1.809681 
0.353000 -1.801234 
0.354000 -1.792719 
0.355000 -1.784138 
0.356000 -1.775490 
0.357000 -1.766776 
0.358000 -1.757997 
0.359000 -1.749153 
0.360000 -1.740243 
0.361000 -1.731269 
0.362000 -1.722230 
0.363000 -1.713128 
0.364000 -1.703962 
0.365000 -1.694733 
0.366000 -1.685441 
0.367000 -1.676086 
0.368000 -1.666669 
0.369000 -1.657191 
0.370000 -1.647650 
0.371000 -1.638049 
0.372000 -1.628387 
0.373000 -1.618665 
0.374000 -1.608883 
0.375000 -1.599041 
0.376000 -1.589139 
0.377000 -1.579179 
0.378000 -1.569160 
0.379000 -1.559084 
0.380000 -1.548949 
0.381000 -1.538757 
0.382000 -1.528508 
0.383000 -1.518202 
0.384000 -1.507840 
0.385000 -1.497423 
0.386000 -1.486949 
0.387000 -1.476421 
0.388000 -1.465838 
0.389000 -1.455201 
0.390000 -1.444510 
0.391000 -1.433765 
0.392000 -1.422967 
0.393000 -1.412116 
0.394000 -1.401213 
0.395000 -1.390259 
0.396000 -1.379252 
0.397000 -1.368195 
0.398000 -1.357087 
0.399000 -1.345929 
0.400000 -1.334720 
0.401000 -1.323462 
0.402000 -1.312156 
0.403000 -1.300800 
0.404000 -1.289397 
0.405000 -1.277945 
0.406000 -1.266446 
0.407000 -1.254900 
0.408000 -1.243308 
0.409000 -1.231669 
0.410000 -1.219985 
0.411000 -1.208256 
0.412000 -1.196481 
0.413000 -1.184662 
0.414000 -1.172800 
0.415000 -1.160893 
0.416000 -1.148944 
0.417000 -1.136951 
0.418000 -1.124917 
0.419000 -1.112841 
0.420000 -1.100723 
0.421000 -1.088564 
0.422000 -1.076365 
0.423000 -1.064126 
0.424000 -1.051847 
0.425000 -1.039529 
0.426000 -1.027172 
0.427000 -1.014777 
0.428000 -1.002344 
0.429000 -0.989873 
0.430000 -0.977366 
0.431000 -0.964822 
0.432000 -0.952242 
0.433000 -0.939627 
0.434000 -0.926976 
0.435000 -0.914291 
0.436000 -0.901571 
0.437000 -0.888818 
0.438000 -0.876031 
0.439000 -0.863211 
0.440000 -0.850359 
0.441000 -0.837476 
0.442000 -0.824560 
0.443000 -0.811614 
0.444000 -0.798637 
0.445000 -0.785630 
0.446000 -0.772593 
0.447000 -0.759527 
0.448000 -0.746433 
0.449000 -0.733310 
0.450000 -0.720159 
0.451000 -0.706982 
0.452000 -0.693777 
0.453000 -0.680546 
0.454000 -0.667289 
0.455000 -0.654007 
0.456000 -0.640700 
0.457000 -0.627369 
0.458000 -0.614013 
0.459000 -0.600634 
0.460000 -0.587232 
0.461000 -0.573808 
0.462000 -0.560361 
0.463000 -0.546893 
0.464000 -0.533404 
0.465000 -0.519894 
0.466000 -0.506364 
0.467000 -0.492815 
0.468000 -0.479246 
0.469000 -0.465659 
0.470000 -0.452054 
0.471000 -0.438430 
0.472000 -0.424790 
0.473000 -0.411133 
0.474000 -0.397460 
0.475000 -0.383771 
0.476000 -0.370066 
0.477000 -0.356347 
0.478000 -0.342614 
0.479000 -0.328867 
0.480000 -0.315107 
0.481000 -0.301333 
0.482000 -0.287548 
0.483000 -0.273751 
0.484000 -0.259942 
0.485000 -0.246123 
0.486000 -0.232293 
0.487000 -0.218454 
0.488000 -0.204605 
0.489000 -0.190748 
0.490000 -0.176882 
0.491000 -0.163008 
0.492000 -0.149127 
0.493000 -0.135239 
0.494000 -0.121345 
0.495000 -0.107444 
0.496000 -0.093539 
0.497000 -0.079629 
0.498000 -0.065714 
0.499000 -0.051796 
0.500000 -0.037874 
0.501000 -0.023949 
0.502000 -0.010022 
0.503000 0.003906 
0.504000 0.017837 
0.505000 0.031767 
0.506000 0.045699 
0.507000 0.059630 
0.508000 0.073560 
0.509000 0.087489 
0.510000 0.101417 
0.511000 0.115342 
0.512000 0.129265 
0.513000 0.143184 
0.514000 0.157100 
0.515000 0.171011 
0.516000 0.184918 
0.517000 0.198819 
0.518000 0.212715 
0.519000 0.226605 
0.520000 0.240487 
0.521000 0.254363 
0.522000 0.268231 
0.523000 0.282090 
0.524000 0.295941 
0.525000 0.309783 
0.526000 0.323615 
0.527000 0.337436 
0.528000 0.351247 
0.529000 0.365046 
0.530000 0.378834 
0.531000 0.392609 
0.532000 0.406372 
0.533000 0.420121 
0.534000 0.433857 
0.535000 0.447578 
0.536000 0.461284 
0.537000 0.474975 
0.538000 0.488650 
0.539000 0.502309 
0.540000 0.515951 
0.541000 0.529576 
0.542000 0.543183 
0.543000 0.556771 
0.544000 0.570341 
0.545000 0.583891 
0.546000 0.597422 
0.547000 0.610932 
0.548000 0.624422 
0.549000 0.637890 
0.550000 0.651336 
0.551000 0.664760 
0.552000 0.678160 
0.553000 0.691538 
0.554000 0.704892 
0.555000 0.718221 
0.556000 0.731526 
0.557000 0.744805 
0.558000 0.758059 
0.559000 0.771286 
0.560000 0.784486 
0.561000 0.797659 
0.562000 0.810804 
0.563000 0.823921 
0.564000 0.837009 
0.565000 0.850068 
0.566000 0.863096 
0.567000 0.876095 
0.568000 0.889063 
0.569000 0.902000 
0.570000 0.914904 
0.571000 0.927777 
0.572000 0.940617 
0.573000 0.953424 
0.574000 0.966196 
0.575000 0.978935 
0.576000 0.991639 
0.577000 1.004308 
0.578000 1.016941 
0.579000 1.029539 
0.580000 1.042099 
0.581000 1.054622 
0.582000 1.067108 
0.583000 1.079556 
0.584000 1.091965 
0.585000 1.104336 
0.586000 1.116666 
0.587000 1.128957 
0.588000 1.141207 
0.589000 1.153417 
0.590000 1.165585 
0.591000 1.177711 
0.592000 1.189795 
0.593000 1.201836 
0.594000 1.213834 
0.595000 1.225788 
0.596000 1.237697 
0.597000 1.249563 
0.598000 1.261383 
0.599000 1.273157 
0.600000 1.284885 
0.601000 1.296567 
0.602000 1.308202 
0.603000 1.319789 
0.604000 1.331329 
0.605000 1.342820 
0.606000 1.354262 
0.607000 1.365655 
0.608000 1.376998 
0.609000 1.388292 
0.610000 1.399534 
0.611000 1.410725 
0.612000 1.421865 
0.613000 1.432953 
0.614000 1.443989 
0.615000 1.454972 
0.616000 1.465901 
0.617000 1.476777 
0.618000 1.487598 
0.619000 1.498365 
0.620000 1.509077 
0.621000 1.519733 
0.622000 1.530334 
0.623000 1.540878 
0.624000 1.551365 
0.625000 1.561795 
0.626000 1.572168 
0.627000 1.582482 
0.628000 1.592738 
0.629000 1.602935 
0.630000 1.613073 
0.631000 1.623151 
0.632000 1.633169 
0.633000 1.643127 
0.634000 1.653023 
0.635000 1.662858 
0.636000 1.672631 
0.637000 1.682342 
0.638000 1.691991 
0.639000 1.701576 
0.640000 1.711098 
0.641000 1.720556 
0.642000 1.729950 
0.643000 1.739280 
0.644000 1.748544 
0.645000 1.757743 
0.646000 1.766877 
0.647000 1.775944 
0.648000 1.784944 
0.649000 1.793878 
0.650000 1.802744 
0.651000 1.811543 
0.652000 1.820273 
0.653000 1.828935 
0.654000 1.837529 
0.655000 1.846053 
0.656000 1.854507 
0.657000 1.862892 
0.658000 1.871206 
0.659000 1.879450 
0.660000 1.887622 
0.661000 1.895724 
0.662000 1.903753 
0.663000 1.911711 
0.664000 1.919596 
0.665000 1.927408 
0.666000 1.935147 
0.667000 1.942813 
0.668000 1.950405 
0.669000 1.957923 
0.670000 1.965366 
0.671000 1.972734 
0.672000 1.980028 
0.673000 1.987246 
0.674000 1.994388 
0.675000 2.001453 
0.676000 2.008443 
0.677000 2.015356 
0.678000 2.022191 
0.679000 2.028950 
0.680000 2.035630 
0.681000 2.042233 
0.682000 2.048757 
0.683000 2.055203 
0.684000 2.061569 
0.685000 2.067857 
0.686000 2.074065 
0.687000 2.080193 
0.688000 2.086241 
0.689000 2.092209 
0.690000 2.098096 
0.691000 2.103902 
0.692000 2.109627 
0.693000 2.115271 
0.694000 2.120832 
0.695000 2.126312 
0.696000 2.131709 
0.697000 2.137024 
0.698000 2.142256 
0.699000 2.147405 
0.700000 2.152471 
0.701000 2.157453 
0.702000 2.162351 
0.703000 2.167165 
0.704000 2.171895 
0.705000 2.176540 
0.706000 2.181101 
0.707000 2.185576 
0.708000 2.189967 
0.709000 2.194271 
0.710000 2.198490 
0.711000 2.202624 
0.712000 2.206671 
0.713000 2.210631 
0.714000 2.214505 
0.715000 2.218293 
0.716000 2.221993 
0.717000 2.225606 
0.718000 2.229132 
0.719000 2.232571 
0.720000 2.235921 
0.721000 2.239184 
0.722000 2.242358 
0.723000 2.245445 
0.724000 2.248442 
0.725000 2.251351 
0.726000 2.254172 
0.727000 2.256903 
0.728000 2.259545 
0.729000 2.262098 
0.730000 2.264562 
0.731000 2.266935 
0.732000 2.269219 
0.733000 2.271414 
0.734000 2.273518 
0.735000 2.275532 
0.736000 2.277455 
0.737000 2.279288 
0.738000 2.281031 
0.739000 2.282683 
0.740000 2.284244 
0.741000 2.285714 
0.742000 2.287093 
0.743000 2.288381 
0.744000 2.289577 
0.745000 2.290683 
0.746000 2.291697 
0.747000 2.292619 
0.748000 2.293449 
0.749000 2.294188 
0.750000 2.294835 
0.751000 2.295390 
0.752000 2.295854 
0.753000 2.296225 
0.754000 2.296504 
0.755000 2.296691 
0.756000 2.296785 
0.757000 2.296788 
0.758000 2.296698 
0.759000 2.296515 
0.760000 2.296240 
0.761000 2.295873 
0.762000 2.295413 
0.763000 2.294861 
0.764000 2.294216 
0.765000 2.293478 
0.766000 2.292648 
0.767000 2.291725 
0.768000 2.290710 
0.769000 2.289602 
0.770000 2.288401 
0.771000 2.287108 
0.772000 2.285722 
0.773000 2.284243 
0.774000 2.282671 
0.775000 2.281007 
0.776000 2.279251 
0.777000 2.277402 
0.778000 2.275460 
0.779000 2.273426 
0.780000 2.271299 
0.781000 2.269080 
0.782000 2.266768 
0.783000 2.264364 
0.784000 2.261868 
0.785000 2.259279 
0.786000 2.256598 
0.787000 2.253825 
0.788000 2.250960 
0.789000 2.248003 
0.790000 2.244955 
0.791000 2.241814 
0.792000 2.238581 
0.793000 2.235257 
0.794000 2.231842 
0.795000 2.228334 
0.796000 2.224736 
0.797000 2.221046 
0.798000 2.217265 
0.799000 2.213393 
0.800000 2.209430 
0.801000 2.205377 
0.802000 2.201232 
0.803000 2.196997 
0.804000 2.192672 
0.805000 2.188256 
0.806000 2.183751 
0.807000 2.179155 
0.808000 2.174469 
0.809000 2.169694 
0.810000 2.164829 
0.811000 2.159875 
0.812000 2.154832 
0.813000 2.149699 
0.814000 2.144478 
0.815000 2.139168 
0.816000 2.133770 
0.817000 2.128284 
0.818000 2.122709 
0.819000 2.117046 
0.820000 2.111296 
0.821000 2.105458 
0.822000 2.099533 
0.823000 2.093521 
0.824000 2.087422 
0.825000 2.081236 
0.826000 2.074964 
0.827000 2.068606 
0.828000 2.062162 
0.829000 2.055632 
0.830000 2.049016 
0.831000 2.042316 
0.832000 2.035530 
0.833000 2.028660 
0.834000 2.021705 
0.835000 2.014666 
0.836000 2.007543 
0.837000 2.000337 
0.838000 1.993047 
0.839000 1.985674 
0.840000 1.978218 
0.841000 1.970679 
0.842000 1.963059 
0.843000 1.955356 
0.844000 1.947572 
0.845000 1.939706 
0.846000 1.931759 
0.847000 1.923732 
0.848000 1.915624 
0.849000 1.907436 
0.850000 1.899168 
0.851000 1.890821 
0.852000 1.882395 
0.853000 1.873889 
0.854000 1.865306 
0.855000 1.856644 
0.856000 1.847904 
0.857000 1.839087 
0.858000 1.830193 
0.859000 1.821222 
0.860000 1.812175 
0.861000 1.803052 
0.862000 1.793853 
0.863000 1.784579 
0.864000 1.775230 
0.865000 1.765807 
0.866000 1.756309 
0.867000 1.746738 
0.868000 1.737094 
0.869000 1.727376 
0.870000 1.717586 
0.871000 1.707724 
0.872000 1.697789 
0.873000 1.687784 
0.874000 1.677708 
0.875000 1.667561 
0.876000 1.657344 
0.877000 1.647057 
0.878000 1.636701 
0.879000 1.626277 
0.880000 1.615784 
0.881000 1.605223 
0.882000 1.594594 
0.883000 1.583898 
0.884000 1.573136 
0.885000 1.562307 
0.886000 1.551413 
0.887000 1.540454 
0.888000 1.529430 
0.889000 1.518341 
0.890000 1.507188 
0.891000 1.495972 
0.892000 1.484693 
0.893000 1.473352 
0.894000 1.461949 
0.895000 1.450484 
0.896000 1.438958 
0.897000 1.427371 
0.898000 1.415725 
0.899000 1.404019 
0.900000 1.392254 
0.901000 1.380430 
0.902000 1.368548 
0.903000 1.356609 
0.904000 1.344612 
0.905000 1.332559 
0.906000 1.320450 
0.907000 1.308286 
0.908000 1.296066 
0.909000 1.283792 
0.910000 1.271465 
0.911000 1.259083 
0.912000 1.246649 
0.913000 1.234162 
0.914000 1.221624 
0.915000 1.209034 
0.916000 1.196394 
0.917000 1.183703 
0.918000 1.170963 
0.919000 1.158173 
0.920000 1.145335 
0.921000 1.132449 
0.922000 1.119516 
0.923000 1.106536 
0.924000 1.093509 
0.925000 1.080436 
0.926000 1.067319 
0.927000 1.054156 
0.928000 1.040950 
0.929000 1.027700 
0.930000 1.014407 
0.931000 1.001072 
0.932000 0.987695 
0.933000 0.974277 
0.934000 0.960818 
0.935000 0.947319 
0.936000 0.933780 
0.937000 0.920203 
0.938000 0.906588 
0.939000 0.892935 
0.940000 0.879244 
0.941000 0.865517 
0.942000 0.851755 
0.943000 0.837957 
0.944000 0.824124 
0.945000 0.810257 
0.946000 0.796356 
0.947000 0.782423 
0.948000 0.768457 
0.949000 0.754460 
0.950000 0.740432 
0.951000 0.726373 
0.952000 0.712284 
0.953000 0.698166 
0.954000 0.684019 
0.955000 0.669845 
0.956000 0.655643 
0.957000 0.641414 
0.958000 0.627159 
0.959000 0.612878 
0.960000 0.598572 
0.961000 0.584242 
0.962000 0.569889 
0.963000 0.555512 
0.964000 0.541113 
0.965000 0.526692 
0.966000 0.512250 
0.967000 0.497788 
0.968000 0.483305 
0.969000 0.468803 
0.970000 0.454283 
0.971000 0.439744 
0.972000 0.425188 
0.973000 0.410615 
0.974000 0.396026 
0.975000 0.381422 
0.976000 0.366803 
0.977000 0.352169 
0.978000 0.337522 
0.979000 0.322862 
0.980000 0.308190 
0.981000 0.293506 
0.982000 0.278811 
0.983000 0.264105 
0.984000 0.249390 
0.985000 0.234665 
0.986000 0.219933 
0.987000 0.205192 
0.988000 0.190444 
0.989000 0.175689 
0.990000 0.160929 
0.991000 0.146163 
0.992000 0.131392 
0.993000 0.116618 
0.994000 0.101840 
0.995000 0.087059 
0.996000 0.072276 
0.997000 0.057492 
0.998000 0.042707 
0.999000 0.027922 
1.000000 0.013137 
1.001000 -0.001647 
1.002000 -0.016429 
1.003000 -0.031208 
1.004000 -0.045985 
1.005000 -0.060758 
1.006000 -0.075526 
1.007000 -0.090290 
1.008000 -0.105049 
1.009000 -0.119801 
1.010000 -0.134546 
1.011000 -0.149284 
1.012000 -0.164014 
1.013000 -0.178735 
1.014000 -0.193447 
1.015000 -0.208148 
1.016000 -0.222840 
1.017000 -0.237519 
1.018000 -0.252188 
1.019000 -0.266843 
1.020000 -0.281486 
1.021000 -0.296115 
1.022000 -0.310729 
1.023000 -0.325329 
1.024000 -0.339912 
1.025000 -0.354480 
1.026000 -0.369031 
1.027000 -0.383564 
1.028000 -0.398080 
1.029000 -0.412576 
1.030000 -0.427053 
1.031000 -0.441511 
1.032000 -0.455948 
1.033000 -0.470363 
1.034000 -0.484757 
1.035000 -0.499129 
1.036000 -0.513478 
1.037000 -0.527803 
1.038000 -0.542104 
1.039000 -0.556380 
1.040000 -0.570631 
1.041000 -0.584855 
1.042000 -0.599054 
1.043000 -0.613225 
1.044000 -0.627368 
1.045000 -0.641483 
1.046000 -0.655569 
1.047000 -0.669625 
1.048000 -0.683651 
1.049000 -0.697647 
1.050000 -0.711611 
1.051000 -0.725544 
1.052000 -0.739444 
1.053000 -0.753311 
1.054000 -0.767144 
1.055000 -0.780943 
1.056000 -0.794708 
1.057000 -0.808437 
1.058000 -0.822130 
1.059000 -0.835787 
1.060000 -0.849406 
1.061000 -0.862989 
1.062000 -0.876533 
1.063000 -0.890038 
1.064000 -0.903504 
1.065000 -0.916930 
1.066000 -0.930316 
1.067000 -0.943661 
1.068000 -0.956965 
1.069000 -0.970226 
1.070000 -0.983445 
1.071000 -0.996621 
1.072000 -1.009754 
1.073000 -1.022842 
1.074000 -1.035885 
1.075000 -1.048884 
1.076000 -1.061836 
1.077000 -1.074743 
1.078000 -1.087602 
1.079000 -1.100415 
1.080000 -1.113179 
1.081000 -1.125895 
1.082000 -1.138563 
1.083000 -1.151181 
1.084000 -1.163749 
1.085000 -1.176267 
1.086000 -1.188734 
1.087000 -1.201149 
1.088000 -1.213513 
1.089000 -1.225825 
1.090000 -1.238083 
1.091000 -1.250288 
1.092000 -1.262440 
1.093000 -1.274537 
1.094000 -1.286580 
1.095000 -1.298567 
1.096000 -1.310499 
1.097000 -1.322374 
1.098000 -1.334193 
1.099000 -1.345954 
1.100000 -1.357658 
1.101000 -1.369305 
1.102000 -1.380892 
1.103000 -1.392421 
1.104000 -1.403890 
1.105000 -1.415300 
1.106000 -1.426649 
1.107000 -1.437938 
1.108000 -1.449165 
1.109000 -1.460331 
1.110000 -1.471435 
1.111000 -1.482477 
1.112000 -1.493455 
1.113000 -1.504371 
1.114000 -1.515222 
1.115000 -1.526010 
1.116000 -1.536733 
1.117000 -1.547391 
1.118000 -1.557984 
1.119000 -1.568511 
1.120000 -1.578972 
1.121000 -1.589367 
1.122000 -1.599695 
1.123000 -1.609955 
1.124000 -1.620148 
1.125000 -1.630273 
1.126000 -1.640329 
1.127000 -1.650316 
1.128000 -1.660235 
1.129000 -1.670083 
1.130000 -1.679862 
1.131000 -1.689571 
1.132000 -1.699209 
1.133000 -1.708776 
1.134000 -1.718271 
1.135000 -1.727695 
1.136000 -1.737047 
1.137000 -1.746327 
1.138000 -1.755534 
1.139000 -1.764668 
1.140000 -1.773728 
1.141000 -1.782715 
1.142000 -1.791628 
1.143000 -1.800466 
1.144000 -1.809230 
1.145000 -1.817919 
1.146000 -1.826533 
1.147000 -1.835071 
1.148000 -1.843533 
1.149000 -1.851919 
1.150000 -1.860228 
1.151000 -1.868461 
1.152000 -1.876617 
1.153000 -1.884695 
1.154000 -1.892696 
1.155000 -1.900619 
1.156000 -1.908464 
1.157000 -1.916230 
1.158000 -1.923918 
1.159000 -1.931526 
1.160000 -1.939056 
1.161000 -1.946506 
1.162000 -1.953876 
1.163000 -1.961166 
1.164000 -1.968376 
1.165000 -1.975506 
1.166000 -1.982555 
1.167000 -1.989522 
1.168000 -1.996409 
1.169000 -2.003214 
1.170000 -2.009938 
1.171000 -2.016580 
1.172000 -2.023140 
1.173000 -2.029617 
1.174000 -2.036013 
1.175000 -2.042325 
1.176000 -2.048554 
1.177000 -2.054701 
1.178000 -2.060764 
1.179000 -2.066744 
1.180000 -2.072640 
1.181000 -2.078452 
1.182000 -2.084180 
1.183000 -2.089824 
1.184000 -2.095383 
1.185000 -2.100858 
1.186000 -2.106249 
1.187000 -2.111554 
1.188000 -2.116774 
1.189000 -2.121910 
1.190000 -2.126960 
1.191000 -2.131924 
1.192000 -2.136803 
1.193000 -2.141596 
1.194000 -2.146303 
1.195000 -2.150924 
1.196000 -2.155459 
1.197000 -2.159907 
1.198000 -2.164269 
1.199000 -2.168545 
1.200000 -2.172734 
1.201000 -2.176836 
1.202000 -2.180851 
1.203000 -2.184779 
1.204000 -2.188621 
1.205000 -2.192374 
1.206000 -2.196041 
1.207000 -2.199621 
1.208000 -2.203112 
1.209000 -2.206517 
1.210000 -2.209833 
1.211000 -2.213062 
1.212000 -2.216204 
1.213000 -2.219257 
1.214000 -2.222222 
1.215000 -2.225100 
1.216000 -2.227889 
1.217000 -2.230590 
1.218000 -2.233204 
1.219000 -2.235729 
1.220000 -2.238165 
1.221000 -2.240514 
1.222000 -2.242774 
1.223000 -2.244945 
1.224000 -2.247029 
1.225000 -2.249024 
1.226000 -2.250930 
1.227000 -2.252748 
1.228000 -2.254478 
1.229000 -2.256118 
1.230000 -2.257671 
1.231000 -2.259135 
1.232000 -2.260510 
1.233000 -2.261797 
1.234000 -2.262995 
1.235000 -2.264105 
1.236000 -2.265126 
1.237000 -2.266059 
1.238000 -2.266903 
1.239000 -2.267659 
1.240000 -2.268327 
1.241000 -2.268905 
1.242000 -2.269396 
1.243000 -2.269798 
1.244000 -2.270112 
1.245000 -2.270337 
1.246000 -2.270475 
1.247000 -2.270524 
1.248000 -2.270484 
1.249000 -2.270357 
1.250000 -2.270142 
1.251000 -2.269838 
1.252000 -2.269447 
1.253000 -2.268968 
1.254000 -2.268401 
1.255000 -2.267746 
1.256000 -2.267004 
1.257000 -2.266174 
1.258000 -2.265256 
1.259000 -2.264251 
1.260000 -2.263159 
1.261000 -2.261979 
1.262000 -2.260712 
1.263000 -2.259359 
1.264000 -2.257918 
1.265000 -2.256390 
1.266000 -2.254776 
1.267000 -2.253075 
1.268000 -2.251287 
1.269000 -2.249413 
1.270000 -2.247452 
1.271000 -2.245406 
1.272000 -2.243273 
1.273000 -2.241054 
1.274000 -2.238749 
1.275000 -2.236359 
1.276000 -2.233883 
1.277000 -2.231322 
1.278000 -2.228676 
1.279000 -2.225944 
1.280000 -2.223127 
1.281000 -2.220226 
1.282000 -2.217239 
1.283000 -2.214168 
1.284000 -2.211013 
1.285000 -2.207774 
1.286000 -2.204450 
1.287000 -2.201043 
1.288000 -2.197552 
1.289000 -2.193977 
1.290000 -2.190319 
1.291000 -2.186577 
1.292000 -2.182753 
1.293000 -2.178846 
1.294000 -2.174856 
1.295000 -2.170783 
1.296000 -2.166629 
1.297000 -2.162392 
1.298000 -2.158073 
1.299000 -2.153673 
1.300000 -2.149191 
1.301000 -2.144628 
1.302000 -2.139983 
1.303000 -2.135258 
1.304000 -2.130452 
1.305000 -2.125566 
1.306000 -2.120600 
1.307000 -2.115553 
1.308000 -2.110427 
1.309000 -2.105221 
1.310000 -2.099935 
1.311000 -2.094571 
1.312000 -2.089128 
1.313000 -2.083606 
1.314000 -2.078006 
1.315000 -2.072327 
1.316000 -2.066571 
1.317000 -2.060736 
1.318000 -2.054825 
1.319000 -2.048836 
1.320000 -2.042770 
1.321000 -2.036628 
1.322000 -2.030409 
1.323000 -2.024114 
1.324000 -2.017744 
1.325000 -2.011297 
1.326000 -2.004775 
1.327000 -1.998178 
1.328000 -1.991507 
1.329000 -1.984760 
1.330000 -1.977940 
1.331000 -1.971045 
1.332000 -1.964077 
1.333000 -1.957035 
1.334000 -1.949920 
1.335000 -1.942732 
1.336000 -1.935472 
1.337000 -1.928139 
1.338000 -1.920735 
1.339000 -1.913258 
1.340000 -1.905711 
1.341000 -1.898092 
1.342000 -1.890402 
1.343000 -1.882642 
1.344000 -1.874812 
1.345000 -1.866912 
1.346000 -1.858942 
1.347000 -1.850903 
1.348000 -1.842795 
1.349000 -1.834619 
1.350000 -1.826374 
1.351000 -1.818062 
1.352000 -1.809681 
1.353000 -1.801234 
1.354000 -1.792719 
1.355000 -1.784138 
1.356000 -1.775490 
1.357000 -1.766776 
1.358000 -1.757997 
1.359000 -1.749153 
1.360000 -1.740243 
1.361000 -1.731269 
1.362000 -1.722230 
1.363000 -1.713128 
1.364000 -1.703962 
1.365000 -1.694733 
1.366000 -1.685441 
1.367000 -1.676086 
1.368000 -1.666669 
1.369000 -1.657191 
1.370000 -1.647650 
1.371000 -1.638049 
1.372000 -1.628387 
1.373000 -1.618665 
1.374000 -1.608883 
1.375000 -1.599041 
1.376000 -1.589139 
1.377000 -1.579179 
1.378000 -1.569160 
1.379000 -1.559084 
1.380000 -1.548949 
1.381000 -1.538757 
1.382000 -1.528508 
1.383000 -1.518202 
1.384000 -1.507840 
1.385000 -1.497423 
1.386000 -1.486949 
1.387000 -1.476421 
1.388000 -1.465838 
1.389000 -1.455201 
1.390000 -1.444510 
1.391000 -1.433765 
1.392000 -1.422967 
1.393000 -1.412116 
1.394000 -1.401213 
1.395000 -1.390259 
1.396000 -1.379252 
1.397000 -1.368195 
1.398000 -1.357087 
1.399000 -1.345929 
1.400000 -1.334720 
1.401000 -1.323462 
1.402000 -1.312156 
1.403000 -1.300800 
1.404000 -1.289397 
1.405000 -1.277945 
1.406000 -1.266446 
1.407000 -1.254900 
1.408000 -1.243308 
1.409000 -1.231669 
1.410000 -1.219985 
1.411000 -1.208256 
1.412000 -1.196481 
1.413000 -1.184662 
1.414000 -1.172800 
1.415000 -1.160893 
1.416000 -1.148944 
1.417000 -1.136951 
1.418000 -1.124917 
1.419000 -1.112841 
1.420000 -1.100723 
1.421000 -1.088564 
1.422000 -1.076365 
1.423000 -1.064126 
1.424000 -1.051847 
1.425000 -1.039529 
1.426000 -1.027172 
1.427000 -1.014777 
1.428000 -1.002344 
1.429000 -0.989873 
1.430000 -0.977366 
1.431000 -0.964822 
1.432000 -0.952242 
1.433000 -0.939627 
1.434000 -0.926976 
1.435000 -0.914291 
1.436000 -0.901571 
1.437000 -0.888818 
1.438000 -0.876031 
1.439000 -0.863211 
1.440000 -0.850359 
1.441000 -0.837476 
1.442000 -0.824560 
1.443000 -0.811614 
1.444000 -0.798637 
1.445000 -0.785630 
1.446000 -0.772593 
1.447000 -0.759527 
1.448000 -0.746433 
1.449000 -0.733310 
1.450000 -0.720159 
1.451000 -0.706982 
1.452000 -0.693777 
1.453000 -0.680546 
1.454000 -0.667289 
1.455000 -0.654007 
1.456000 -0.640700 
1.457000 -0.627369 
1.458000 -0.614013 
1.459000 -0.600634 
1.460000 -0.587232 
1.461000 -0.573808 
1.462000 -0.560361 
1.463000 -0.546893 
1.464000 -0.533404 
1.465000 -0.519894 
1.466000 -0.506364 
1.467000 -0.492815 
1.468000 -0.479246 
1.469000 -0.465659 
1.470000 -0.452054 
1.471000 -0.438430 
1.472000 -0.424790 
1.473000 -0.411133 
1.474000 -0.397460 
1.475000 -0.383771 
1.476000 -0.370066 
1.477000 -0.356347 
1.478000 -0.342614 
1.479000 -0.328867 
1.480000 -0.315107 
1.481000 -0.301333 
1.482000 -0.287548 
1.483000 -0.273751 
1.484000 -0.259942 
1.485000 -0.246123 
1.486000 -0.232293 
1.487000 -0.218454 
1.488000 -0.204605 
1.489000 -0.190748 
1.490000 -0.176882 
1.491000 -0.163008 
1.492000 -0.149127 
1.493000 -0.135239 
1.494000 -0.121345 
1.495000 -0.107444 
1.496000 -0.093539 
1.497000 -0.079629 
1.498000 -0.065714 
1.499000 -0.051796 
