# time Tc_folded Tref_folded value value_err offset model full_model val_compare val_compare_err residuals residuals_err jitter jitter_flag offset_flag subset_flag 
59332.189797 -0.218229 0.000000 0.458000 0.175000 -0.011561 0.446807 0.823516 0.081292 0.175000 -0.365516 0.175000 1.096031  -1  -1  -1 
59332.197387 -0.210639 0.002649 2.910000 0.175000 -0.011561 0.408477 0.805365 2.513112 0.175000 2.104635 0.175000 1.096031  -1  -1  -1 
59332.200011 -0.208015 0.003565 1.735000 0.175000 -0.011561 0.395060 0.798819 1.331240 0.175000 0.936181 0.175000 1.096031  -1  -1  -1 
59334.234566 -1.038197 0.713772 0.851000 0.173000 -0.011561 1.952215 2.059470 0.743744 0.173000 -1.208470 0.173000 1.096031  -1  -1  -1 
59334.237103 -1.035660 0.714658 1.987000 0.173000 -0.011561 1.952853 2.064893 1.874959 0.173000 -0.077893 0.173000 1.096031  -1  -1  -1 
59334.239600 -1.033163 0.715529 2.424000 0.173000 -0.011561 1.953455 2.070167 2.307288 0.173000 0.353833 0.173000 1.096031  -1  -1  -1 
59335.326035 0.053272 0.094774 -2.561000 0.175000 -0.011561 -1.421549 -2.567980 -1.414569 0.175000 0.006980 0.175000 1.096031  -1  -1  -1 
59335.330868 0.058105 0.096461 -1.537000 0.175000 -0.011561 -1.464208 -2.595311 -0.405897 0.175000 1.058311 0.175000 1.096031  -1  -1  -1 
59335.333272 0.060509 0.097300 -2.981000 0.175000 -0.011561 -1.485528 -2.608785 -1.857743 0.175000 -0.372215 0.175000 1.096031  -1  -1  -1 
59336.173315 0.900552 0.390535 0.236000 0.172000 -0.011561 -0.549715 -0.845165 0.531450 0.172000 1.081165 0.172000 1.096031  -1  -1  -1 
59336.175692 0.902929 0.391365 -1.289000 0.172000 -0.011561 -0.534311 -0.829888 -0.993422 0.172000 -0.459112 0.172000 1.096031  -1  -1  -1 
59336.181796 0.909033 0.393496 -1.628000 0.172000 -0.011561 -0.495070 -0.790772 -1.332298 0.172000 -0.837228 0.172000 1.096031  -1  -1  -1 
59337.233449 -0.904051 0.760599 0.645000 0.175000 -0.011561 1.950661 1.469318 1.126343 0.175000 -0.824318 0.175000 1.096031  -1  -1  -1 
59337.235931 -0.901569 0.761465 0.810000 0.175000 -0.011561 1.949945 1.469022 1.290923 0.175000 -0.659022 0.175000 1.096031  -1  -1  -1 
59337.244221 -0.893279 0.764359 1.752000 0.175000 -0.011561 1.947370 1.468428 2.230943 0.175000 0.283572 0.175000 1.096031  -1  -1  -1 
59338.188239 0.050739 0.093889 -1.207000 0.182000 -0.011561 -1.399303 -1.189225 -1.417078 0.182000 -0.017775 0.182000 1.096031  -1  -1  -1 
59338.190732 0.053232 0.094760 -0.652000 0.181000 -0.011561 -1.421199 -1.211241 -0.861958 0.181000 0.559241 0.181000 1.096031  -1  -1  -1 
59338.193250 0.055750 0.095639 -0.761000 0.182000 -0.011561 -1.443389 -1.233591 -0.970797 0.182000 0.472591 0.182000 1.096031  -1  -1  -1 
59339.264851 1.127351 0.469705 0.208000 0.179000 -0.011561 0.632336 0.865358 -0.025022 0.179000 -0.657358 0.179000 1.096031  -1  -1  -1 
59339.274735 1.137235 0.473155 1.607000 0.179000 -0.011561 0.672088 0.882245 1.396843 0.179000 0.724755 0.179000 1.096031  -1  -1  -1 
59339.345059 1.207559 0.497703 1.015000 0.179000 -0.011561 0.931323 0.959213 0.987110 0.179000 0.055787 0.179000 1.096031  -1  -1  -1 
59341.205674 0.203437 0.147192 -2.354000 0.179000 -0.011561 -2.808777 -2.334392 -2.828384 0.179000 -0.019608 0.179000 1.096031  -1  -1  -1 
59341.213678 0.211441 0.149986 -3.217000 0.178000 -0.011561 -2.880466 -2.407419 -3.690047 0.178000 -0.809581 0.178000 1.096031  -1  -1  -1 
59341.216302 0.214065 0.150902 -3.498000 0.178000 -0.011561 -2.903737 -2.431316 -3.970422 0.178000 -1.066684 0.178000 1.096031  -1  -1  -1 
59342.213085 1.210848 0.498851 2.702000 0.177000 -0.011561 0.942485 1.108350 2.536135 0.177000 1.593650 0.177000 1.096031  -1  -1  -1 
59342.215868 1.213631 0.499823 3.862000 0.176000 -0.011561 0.951866 1.117854 3.696012 0.176000 2.744146 0.176000 1.096031  -1  -1  -1 
59342.218582 1.216345 0.500770 3.238000 0.176000 -0.011561 0.960957 1.127030 3.071927 0.176000 2.110970 0.176000 1.096031  -1  -1  -1 
59345.350049 -1.381662 0.593878 0.396000 0.178000 -0.011561 1.621290 1.381980 0.635309 0.178000 -0.985980 0.178000 1.096031  -1  -1  -1 
59345.352391 -1.379320 0.594696 0.697000 0.178000 -0.011561 1.625317 1.385606 0.936710 0.178000 -0.688606 0.178000 1.096031  -1  -1  -1 
59345.358459 -1.373252 0.596814 0.736000 0.179000 -0.011561 1.635625 1.395035 0.976590 0.179000 -0.659035 0.179000 1.096031  -1  -1  -1 
59346.170515 -0.561196 0.880280 0.031000 0.182000 -0.011561 1.583831 0.855715 0.759116 0.182000 -0.824715 0.182000 1.096031  -1  -1  -1 
59346.172885 -0.558826 0.881107 1.513000 0.182000 -0.011561 1.579136 0.851250 2.240886 0.182000 0.661750 0.182000 1.096031  -1  -1  -1 
59346.177612 -0.554099 0.882757 1.929000 0.182000 -0.011561 1.569667 0.842570 2.656097 0.182000 1.086430 0.182000 1.096031  -1  -1  -1 
59347.291118 0.559407 0.271451 -2.526000 0.180000 -0.011561 -3.259698 -3.518395 -2.267303 0.180000 0.992395 0.180000 1.096031  -1  -1  -1 
59347.296123 0.564412 0.273198 -3.568000 0.179000 -0.011561 -3.222418 -3.483482 -3.306936 0.179000 -0.084518 0.179000 1.096031  -1  -1  -1 
59347.311002 0.579291 0.278392 -3.853000 0.181000 -0.011561 -3.108087 -3.375169 -3.585917 0.181000 -0.477831 0.181000 1.096031  -1  -1  -1 
59348.287651 -1.308796 0.619313 -0.128000 0.177000 -0.011561 1.734265 1.619522 -0.013257 0.177000 -1.747522 0.177000 1.096031  -1  -1  -1 
59348.290178 -1.306269 0.620195 -0.579000 0.178000 -0.011561 1.737739 1.623171 -0.464433 0.178000 -2.202171 0.178000 1.096031  -1  -1  -1 
59348.292681 -1.303766 0.621069 1.308000 0.177000 -0.011561 1.741151 1.626775 1.422376 0.177000 -0.318775 0.177000 1.096031  -1  -1  -1 
59349.121628 -0.474819 0.910432 1.745000 0.175000 -0.011561 1.388960 1.988850 1.145110 0.175000 -0.243850 0.175000 1.096031  -1  -1  -1 
59349.126921 -0.469526 0.912279 1.471000 0.175000 -0.011561 1.375340 1.975028 0.871312 0.175000 -0.504028 0.175000 1.096031  -1  -1  -1 
59349.129550 -0.466897 0.913197 0.533000 0.174000 -0.011561 1.368498 1.967910 -0.066412 0.174000 -1.434910 0.174000 1.096031  -1  -1  -1 
59350.304057 0.707610 0.323185 -2.159000 0.176000 -0.011561 -2.020892 -2.974720 -1.205173 0.176000 0.815720 0.176000 1.096031  -1  -1  -1 
59350.306325 0.709878 0.323976 -2.512000 0.176000 -0.011561 -2.001511 -2.955854 -1.557657 0.176000 0.443854 0.176000 1.096031  -1  -1  -1 
59350.313185 0.716738 0.326371 -1.562000 0.175000 -0.011561 -1.943069 -2.898157 -0.606912 0.175000 1.336157 0.175000 1.096031  -1  -1  -1 
59351.202848 -1.258336 0.636928 2.522000 0.173000 -0.011561 1.798222 2.564292 1.755930 0.173000 -0.042292 0.173000 1.096031  -1  -1  -1 
59351.209430 -1.251754 0.639225 2.306000 0.173000 -0.011561 1.805739 2.571273 1.540465 0.173000 -0.265273 0.173000 1.096031  -1  -1  -1 
59351.214571 -1.246613 0.641020 2.577000 0.173000 -0.011561 1.811480 2.575950 1.812530 0.173000 0.001050 0.173000 1.096031  -1  -1  -1 
59352.100400 -0.360784 0.950238 -1.013000 0.171000 -0.011561 1.046640 -0.304167 0.337807 0.171000 -0.708833 0.171000 1.096031  -1  -1  -1 
59352.102986 -0.358198 0.951141 -1.223000 0.171000 -0.011561 1.037596 -0.313613 0.128208 0.171000 -0.909387 0.171000 1.096031  -1  -1  -1 
59352.111932 -0.349252 0.954264 -0.830000 0.171000 -0.011561 1.005830 -0.344860 0.520690 0.171000 -0.485140 0.171000 1.096031  -1  -1  -1 
59353.256297 0.795113 0.353730 -1.017000 0.183000 -0.011561 -1.302867 -1.158520 -1.161346 0.183000 0.141520 0.183000 1.096031  -1  -1  -1 
59353.261287 0.800103 0.355471 -2.909000 0.184000 -0.011561 -1.264214 -1.120123 -3.053091 0.184000 -1.788877 0.184000 1.096031  -1  -1  -1 
59353.273571 0.812387 0.359759 -2.050000 0.184000 -0.011561 -1.170283 -1.027274 -2.193009 0.184000 -1.022726 0.184000 1.096031  -1  -1  -1 
59354.281496 -1.044425 0.711598 4.563000 0.187000 -0.011561 1.950540 2.430294 4.083245 0.187000 2.132706 0.187000 1.096031  -1  -1  -1 
59354.290542 -1.035379 0.714756 3.585000 0.188000 -0.011561 1.952922 2.433552 3.104370 0.188000 1.151448 0.188000 1.096031  -1  -1  -1 
59354.297835 -1.028086 0.717301 4.271000 0.189000 -0.011561 1.954605 2.435131 3.790474 0.189000 1.835869 0.189000 1.096031  -1  -1  -1 
59355.149128 -0.176793 0.014464 0.314000 0.179000 -0.011561 0.228703 0.651816 -0.109113 0.179000 -0.337816 0.179000 1.096031  -1  -1  -1 
59355.151962 -0.173959 0.015453 0.496000 0.180000 -0.011561 0.212977 0.636404 0.072572 0.180000 -0.140404 0.180000 1.096031  -1  -1  -1 
59355.159002 -0.166919 0.017911 0.792000 0.179000 -0.011561 0.173449 0.597240 0.368209 0.179000 0.194760 0.179000 1.096031  -1  -1  -1 
59356.201900 0.875979 0.381958 -0.609000 0.178000 -0.011561 -0.713049 -0.181027 -1.141022 0.178000 -0.427973 0.178000 1.096031  -1  -1  -1 
59356.211845 0.885924 0.385429 -1.232000 0.178000 -0.011561 -0.646047 -0.097010 -1.781036 0.178000 -1.134990 0.178000 1.096031  -1  -1  -1 
59356.217239 0.891318 0.387312 -1.117000 0.178000 -0.011561 -0.610218 -0.052789 -1.674429 0.178000 -1.064211 0.178000 1.096031  -1  -1  -1 
59357.255224 -0.935434 0.749644 2.302000 0.188000 -0.011561 1.957527 3.007971 1.251556 0.188000 -0.705971 0.188000 1.096031  -1  -1  -1 
59357.265503 -0.925155 0.753232 1.459000 0.188000 -0.011561 1.955722 3.001584 0.413138 0.188000 -1.542584 0.188000 1.096031  -1  -1  -1 
59357.277188 -0.913470 0.757311 3.494000 0.188000 -0.011561 1.953146 2.990078 2.457068 0.188000 0.503922 0.188000 1.096031  -1  -1  -1 
59358.119845 -0.070813 0.051459 -1.335000 0.178000 -0.011561 -0.435483 -0.449680 -1.320802 0.178000 -0.885320 0.178000 1.096031  -1  -1  -1 
59358.129676 -0.060982 0.054891 -1.507000 0.179000 -0.011561 -0.505373 -0.500256 -1.512117 0.179000 -1.006744 0.179000 1.096031  -1  -1  -1 
59358.137335 -0.053323 0.057564 -0.473000 0.178000 -0.011561 -0.560826 -0.540489 -0.493338 0.178000 0.067489 0.178000 1.096031  -1  -1  -1 
59359.215201 1.024543 0.433817 -4.170000 0.178000 -0.011561 0.164637 -1.110569 -2.894794 0.178000 -3.059431 0.178000 1.096031  -1  -1  -1 
59359.265786 1.075128 0.451475 0.097000 0.177000 -0.011561 0.407586 -0.759212 1.263798 0.177000 0.856212 0.177000 1.096031  -1  -1  -1 
59359.269109 1.078451 0.452635 -0.931000 0.177000 -0.011561 0.422651 -0.734212 0.225864 0.177000 -0.196788 0.177000 1.096031  -1  -1  -1 
