# time Tc_folded Tref_folded model model_err 
59318.650141 0.000000 0.000000     0.026096     0.827720 
59318.687751 0.000000 0.000000     0.017381     0.829699 
59318.725361 0.000000 0.000000     0.011135     0.830611 
59318.762971 0.000000 0.000000     0.006861     0.830998 
59318.800582 0.000000 0.000000     0.004067     0.831149 
59318.838192 0.000000 0.000000     0.002319     0.831204 
59318.875802 0.000000 0.000000     0.001272     0.831222 
59318.913412 0.000000 0.000000     0.000671     0.831228 
59318.951022 0.000000 0.000000     0.000341     0.831229 
59318.988632 0.000000 0.000000     0.000167     0.831230 
59319.026243 0.000000 0.000000     0.000078     0.831230 
59319.063853 0.000000 0.000000     0.000035     0.831230 
59319.101463 0.000000 0.000000     0.000015     0.831230 
59319.139073 0.000000 0.000000     0.000006     0.831230 
59319.176683 0.000000 0.000000     0.000003     0.831230 
59319.214293 0.000000 0.000000     0.000001     0.831230 
59319.251903 0.000000 0.000000     0.000000     0.831230 
59319.289514 0.000000 0.000000     0.000000     0.831230 
59319.327124 0.000000 0.000000     0.000000     0.831230 
59319.364734 0.000000 0.000000     0.000000     0.831230 
59319.402344 0.000000 0.000000     0.000000     0.831230 
59319.439954 0.000000 0.000000     0.000000     0.831230 
59319.477564 0.000000 0.000000     0.000000     0.831230 
59319.515175 0.000000 0.000000     0.000000     0.831230 
59319.552785 0.000000 0.000000     0.000000     0.831230 
59319.590395 0.000000 0.000000     0.000000     0.831230 
59319.628005 0.000000 0.000000     0.000000     0.831230 
59319.665615 0.000000 0.000000     0.000000     0.831230 
59319.703225 0.000000 0.000000     0.000000     0.831230 
59319.740836 0.000000 0.000000     0.000000     0.831230 
59319.778446 0.000000 0.000000     0.000000     0.831230 
59319.816056 0.000000 0.000000     0.000000     0.831230 
59319.853666 0.000000 0.000000     0.000000     0.831230 
59319.891276 0.000000 0.000000    -0.000000     0.831230 
59319.928886 0.000000 0.000000    -0.000000     0.831230 
59319.966496 0.000000 0.000000    -0.000000     0.831230 
59320.004107 0.000000 0.000000    -0.000000     0.831230 
59320.041717 0.000000 0.000000    -0.000000     0.831230 
59320.079327 0.000000 0.000000    -0.000000     0.831230 
59320.116937 0.000000 0.000000    -0.000000     0.831230 
59320.154547 0.000000 0.000000    -0.000000     0.831230 
59320.192157 0.000000 0.000000    -0.000000     0.831230 
59320.229768 0.000000 0.000000    -0.000000     0.831230 
59320.267378 0.000000 0.000000    -0.000000     0.831230 
59320.304988 0.000000 0.000000    -0.000000     0.831230 
59320.342598 0.000000 0.000000    -0.000000     0.831230 
59320.380208 0.000000 0.000000    -0.000000     0.831230 
59320.417818 0.000000 0.000000    -0.000000     0.831230 
59320.455428 0.000000 0.000000    -0.000000     0.831230 
59320.493039 0.000000 0.000000    -0.000001     0.831230 
59320.530649 0.000000 0.000000    -0.000002     0.831230 
59320.568259 0.000000 0.000000    -0.000006     0.831230 
59320.605869 0.000000 0.000000    -0.000015     0.831230 
59320.643479 0.000000 0.000000    -0.000036     0.831230 
59320.681089 0.000000 0.000000    -0.000082     0.831230 
59320.718700 0.000000 0.000000    -0.000179     0.831229 
59320.756310 0.000000 0.000000    -0.000374     0.831228 
59320.793920 0.000000 0.000000    -0.000751     0.831224 
59320.831530 0.000000 0.000000    -0.001447     0.831209 
59320.869140 0.000000 0.000000    -0.002679     0.831165 
59320.906750 0.000000 0.000000    -0.004766     0.831041 
59320.944360 0.000000 0.000000    -0.008145     0.830718 
59320.981971 0.000000 0.000000    -0.013375     0.829946 
59321.019581 0.000000 0.000000    -0.021105     0.828245 
59321.057191 0.000000 0.000000    -0.031999     0.824785 
59321.094801 0.000000 0.000000    -0.046619     0.818280 
59321.132411 0.000000 0.000000    -0.065267     0.806942 
59321.170021 0.000000 0.000000    -0.087804     0.788534 
59321.207632 0.000000 0.000000    -0.113515     0.760554 
59321.245242 0.000000 0.000000    -0.141028     0.720555 
59321.282852 0.000000 0.000000    -0.168380     0.666698 
59321.320462 0.000000 0.000000    -0.193205     0.599109 
59321.358072 0.000000 0.000000    -0.213063     0.524575 
59321.395682 0.000000 0.000000    -0.225834     0.470940 
59321.433293 0.000000 0.000000    -0.230101     0.484473 
59321.470903 0.000000 0.000000    -0.225431     0.550895 
59321.508513 0.000000 0.000000    -0.212480     0.624598 
59321.546123 0.000000 0.000000    -0.192917     0.687547 
59321.583733 0.000000 0.000000    -0.169187     0.736325 
59321.621343 0.000000 0.000000    -0.144188     0.771773 
59321.658953 0.000000 0.000000    -0.120954     0.796029 
59321.696564 0.000000 0.000000    -0.102415     0.811582 
59321.734174 0.000000 0.000000    -0.091261     0.820809 
59321.771784 0.000000 0.000000    -0.089894     0.825665 
59321.809394 0.000000 0.000000    -0.100396     0.827473 
59321.847004 0.000000 0.000000    -0.124452     0.826809 
59321.884614 0.000000 0.000000    -0.163147     0.823453 
59321.922225 0.000000 0.000000    -0.216635     0.816408 
59321.959835 0.000000 0.000000    -0.283743     0.803980 
59321.997445 0.000000 0.000000    -0.361605     0.783947 
59322.035055 0.000000 0.000000    -0.445509     0.753822 
59322.072665 0.000000 0.000000    -0.529079     0.711229 
59322.110275 0.000000 0.000000    -0.604862     0.654559 
59322.147885 0.000000 0.000000    -0.665287     0.584673 
59322.185496 0.000000 0.000000    -0.703828     0.510964 
59322.223106 0.000000 0.000000    -0.716108     0.467396 
59322.260716 0.000000 0.000000    -0.700684     0.495108 
59322.298326 0.000000 0.000000    -0.659309     0.565807 
59322.335936 0.000000 0.000000    -0.596593     0.638139 
59322.373546 0.000000 0.000000    -0.519148     0.698374 
59322.411157 0.000000 0.000000    -0.434444     0.744399 
59322.448767 0.000000 0.000000    -0.349632     0.777450 
59322.486377 0.000000 0.000000    -0.270602     0.799801 
59322.523987 0.000000 0.000000    -0.201419     0.813981 
59322.561597 0.000000 0.000000    -0.144186     0.822378 
59322.599207 0.000000 0.000000    -0.099263     0.826998 
59322.636817 0.000000 0.000000    -0.065715     0.829350 
59322.674428 0.000000 0.000000    -0.041833     0.830455 
59322.712038 0.000000 0.000000    -0.025612     0.830931 
59322.749648 0.000000 0.000000    -0.015126     0.831116 
59322.787258 0.000000 0.000000    -0.008756     0.831164 
59322.824868 0.000000 0.000000    -0.005314     0.831122 
59322.862478 0.000000 0.000000    -0.004077     0.830952 
59322.900089 0.000000 0.000000    -0.004779     0.830510 
59322.937699 0.000000 0.000000    -0.007566     0.829485 
59322.975309 0.000000 0.000000    -0.012934     0.827300 
59323.012919 0.000000 0.000000    -0.021620     0.822998 
59323.050529 0.000000 0.000000    -0.034456     0.815156 
59323.088139 0.000000 0.000000    -0.052150     0.801868 
59323.125750 0.000000 0.000000    -0.075037     0.780844 
59323.163360 0.000000 0.000000    -0.102821     0.749621 
59323.200970 0.000000 0.000000    -0.134387     0.705929 
59323.238580 0.000000 0.000000    -0.167747     0.648353 
59323.276190 0.000000 0.000000    -0.200176     0.578175 
59323.313800 0.000000 0.000000    -0.228550     0.505911 
59323.351410 0.000000 0.000000    -0.249830     0.467055 
59323.389021 0.000000 0.000000    -0.261599     0.498791 
59323.426631 0.000000 0.000000    -0.262515     0.569639 
59323.464241 0.000000 0.000000    -0.252559     0.640857 
59323.501851 0.000000 0.000000    -0.233030     0.699999 
59323.539461 0.000000 0.000000    -0.206268     0.745217 
59323.577071 0.000000 0.000000    -0.175211     0.777755 
59323.614682 0.000000 0.000000    -0.142879     0.799828 
59323.652292 0.000000 0.000000    -0.111926     0.813893 
59323.689902 0.000000 0.000000    -0.084339     0.822268 
59323.727512 0.000000 0.000000    -0.061325     0.826904 
59323.765122 0.000000 0.000000    -0.043369     0.829274 
59323.802732 0.000000 0.000000    -0.030405     0.830364 
59323.840342 0.000000 0.000000    -0.022041     0.830746 
59323.877953 0.000000 0.000000    -0.017757     0.830650 
59323.915563 0.000000 0.000000    -0.017059     0.830010 
59323.953173 0.000000 0.000000    -0.019538     0.828446 
59323.990783 0.000000 0.000000    -0.024867     0.825195 
59324.028393 0.000000 0.000000    -0.032730     0.819023 
59324.066003 0.000000 0.000000    -0.042727     0.808182 
59324.103614 0.000000 0.000000    -0.054289     0.790464 
59324.141224 0.000000 0.000000    -0.066627     0.763370 
59324.178834 0.000000 0.000000    -0.078740     0.724423 
59324.216444 0.000000 0.000000    -0.089505     0.671689 
59324.254054 0.000000 0.000000    -0.097810     0.605030 
59324.291664 0.000000 0.000000    -0.102735     0.530344 
59324.329274 0.000000 0.000000    -0.103699     0.473167 
59324.366885 0.000000 0.000000    -0.100569     0.480816 
59324.404495 0.000000 0.000000    -0.093672     0.545155 
59324.442105 0.000000 0.000000    -0.083716     0.619343 
59324.479715 0.000000 0.000000    -0.071630     0.683385 
59324.517325 0.000000 0.000000    -0.058355     0.733263 
59324.554935 0.000000 0.000000    -0.044628     0.769655 
59324.592546 0.000000 0.000000    -0.030796     0.794659 
59324.630156 0.000000 0.000000    -0.016687     0.810775 
59324.667766 0.000000 0.000000    -0.001544     0.820426 
59324.705376 0.000000 0.000000     0.015948     0.825648 
59324.742986 0.000000 0.000000     0.037556     0.827892 
59324.780596 0.000000 0.000000     0.065287     0.827907 
59324.818207 0.000000 0.000000     0.101069     0.825701 
59324.855817 0.000000 0.000000     0.146341     0.820537 
59324.893427 0.000000 0.000000     0.201594     0.810982 
59324.931037 0.000000 0.000000     0.265936     0.795013 
59324.968647 0.000000 0.000000     0.336803     0.770219 
59325.006257 0.000000 0.000000     0.409938     0.734106 
59325.043867 0.000000 0.000000     0.479711     0.684567 
59325.081478 0.000000 0.000000     0.539792     0.620879 
59325.119088 0.000000 0.000000     0.584096     0.546871 
59325.156698 0.000000 0.000000     0.607802     0.481905 
59325.194308 0.000000 0.000000     0.608222     0.472415 
59325.231918 0.000000 0.000000     0.585311     0.528467 
59325.269528 0.000000 0.000000     0.541675     0.603078 
59325.307139 0.000000 0.000000     0.482082     0.670013 
59325.344749 0.000000 0.000000     0.412608     0.723100 
59325.382359 0.000000 0.000000     0.339622     0.762390 
59325.419969 0.000000 0.000000     0.268845     0.789781 
59325.457579 0.000000 0.000000     0.204671     0.807737 
59325.495189 0.000000 0.000000     0.149845     0.818753 
59325.532799 0.000000 0.000000     0.105483     0.825045 
59325.570410 0.000000 0.000000     0.071347     0.828378 
59325.608020 0.000000 0.000000     0.046251     0.830009 
59325.645630 0.000000 0.000000     0.028484     0.830745 
59325.683240 0.000000 0.000000     0.016131     0.831051 
59325.720850 0.000000 0.000000     0.007281     0.831167 
59325.758460 0.000000 0.000000     0.000088     0.831202 
59325.796071 0.000000 0.000000    -0.007281     0.831196 
59325.833681 0.000000 0.000000    -0.016757     0.831140 
59325.871291 0.000000 0.000000    -0.030502     0.830978 
59325.908901 0.000000 0.000000    -0.050979     0.830564 
59325.946511 0.000000 0.000000    -0.080911     0.829594 
59325.984121 0.000000 0.000000    -0.123069     0.827505 
59326.021731 0.000000 0.000000    -0.179858     0.823351 
59326.059342 0.000000 0.000000    -0.252736     0.815709 
59326.096952 0.000000 0.000000    -0.341542     0.802655 
59326.134562 0.000000 0.000000    -0.443887     0.781860 
59326.172172 0.000000 0.000000    -0.554818     0.750802 
59326.209782 0.000000 0.000000    -0.666917     0.707131 
59326.247392 0.000000 0.000000    -0.770955     0.649350 
59326.285003 0.000000 0.000000    -0.857070     0.578680 
59326.322613 0.000000 0.000000    -0.916281     0.505735 
59326.360223 0.000000 0.000000    -0.942024     0.466837 
59326.397833 0.000000 0.000000    -0.931350     0.499738 
59326.435443 0.000000 0.000000    -0.885468     0.571549 
59326.473053 0.000000 0.000000    -0.809517     0.643141 
59326.510664 0.000000 0.000000    -0.711585     0.702264 
59326.548274 0.000000 0.000000    -0.601255     0.747228 
59326.585884 0.000000 0.000000    -0.488001     0.779388 
59326.623494 0.000000 0.000000    -0.379791     0.801045 
59326.661104 0.000000 0.000000    -0.282133     0.814722 
59326.698714 0.000000 0.000000    -0.197676     0.822767 
59326.736324 0.000000 0.000000    -0.126313     0.827121 
59326.773935 0.000000 0.000000    -0.065661     0.829186 
59326.811545 0.000000 0.000000    -0.011754     0.829797 
59326.849155 0.000000 0.000000     0.040174     0.829236 
59326.886765 0.000000 0.000000     0.094909     0.827246 
59326.924375 0.000000 0.000000     0.156504     0.823018 
59326.961985 0.000000 0.000000     0.227581     0.815179 
59326.999596 0.000000 0.000000     0.308757     0.801817 
59327.037206 0.000000 0.000000     0.398248     0.780605 
59327.074816 0.000000 0.000000     0.491810     0.749032 
59327.112426 0.000000 0.000000     0.583077     0.704780 
59327.150036 0.000000 0.000000     0.664354     0.646428 
59327.187646 0.000000 0.000000     0.727777     0.575405 
59327.225256 0.000000 0.000000     0.766642     0.503023 
59327.262867 0.000000 0.000000     0.776616     0.466759 
59327.300477 0.000000 0.000000     0.756562     0.502239 
59327.338087 0.000000 0.000000     0.708756     0.574474 
59327.375697 0.000000 0.000000     0.638447     0.645619 
59327.413307 0.000000 0.000000     0.552872     0.704148 
59327.450917 0.000000 0.000000     0.459963     0.748569 
59327.488528 0.000000 0.000000     0.367039     0.780286 
59327.526138 0.000000 0.000000     0.279736     0.801611 
59327.563748 0.000000 0.000000     0.201340     0.815053 
59327.601358 0.000000 0.000000     0.132550     0.822943 
59327.638968 0.000000 0.000000     0.071626     0.827194 
59327.676578 0.000000 0.000000     0.014800     0.829179 
59327.714188 0.000000 0.000000    -0.043130     0.829694 
59327.751799 0.000000 0.000000    -0.108083     0.828972 
59327.789409 0.000000 0.000000    -0.185869     0.826690 
59327.827019 0.000000 0.000000    -0.281258     0.821959 
59327.864629 0.000000 0.000000    -0.396971     0.813317 
59327.902239 0.000000 0.000000    -0.532736     0.798770 
59327.939849 0.000000 0.000000    -0.684577     0.775943 
59327.977460 0.000000 0.000000    -0.844606     0.742328 
59328.015070 0.000000 0.000000    -1.001511     0.695698 
59328.052680 0.000000 0.000000    -1.141821     0.634919 
59328.090290 0.000000 0.000000    -1.251831     0.562376 
59328.127900 0.000000 0.000000    -1.319843     0.492631 
59328.165510 0.000000 0.000000    -1.338247     0.467884 
59328.203121 0.000000 0.000000    -1.304942     0.513553 
59328.240731 0.000000 0.000000    -1.223744     0.587339 
59328.278341 0.000000 0.000000    -1.103664     0.656673 
59328.315951 0.000000 0.000000    -0.957271     0.712746 
59328.353561 0.000000 0.000000    -0.798530     0.754840 
59328.391171 0.000000 0.000000    -0.640638     0.784595 
59328.428781 0.000000 0.000000    -0.494319     0.804394 
59328.466392 0.000000 0.000000    -0.366844     0.816742 
59328.504002 0.000000 0.000000    -0.261840     0.823921 
59328.541612 0.000000 0.000000    -0.179738     0.827797 
59328.579222 0.000000 0.000000    -0.118622     0.829732 
59328.616832 0.000000 0.000000    -0.075191     0.830623 
59328.654442 0.000000 0.000000    -0.045616     0.831001 
59328.692053 0.000000 0.000000    -0.026176     0.831146 
59328.729663 0.000000 0.000000    -0.013621     0.831189 
59328.767273 0.000000 0.000000    -0.005309     0.831173 
59328.804883 0.000000 0.000000     0.000810     0.831081 
59328.842493 0.000000 0.000000     0.006303     0.830827 
59328.880103 0.000000 0.000000     0.012365     0.830205 
59328.917713 0.000000 0.000000     0.019908     0.828811 
59328.955324 0.000000 0.000000     0.029592     0.825927 
59328.992934 0.000000 0.000000     0.041801     0.820414 
59329.030544 0.000000 0.000000     0.056581     0.810642 
59329.068154 0.000000 0.000000     0.073570     0.794519 
59329.105764 0.000000 0.000000     0.091960     0.769635 
59329.143374 0.000000 0.000000     0.110525     0.733532 
59329.180985 0.000000 0.000000     0.127733     0.684151 
59329.218595 0.000000 0.000000     0.141950     0.620810 
59329.256205 0.000000 0.000000     0.151689     0.547299 
59329.293815 0.000000 0.000000     0.155866     0.482547 
59329.331425 0.000000 0.000000     0.154003     0.472063 
59329.369035 0.000000 0.000000     0.146315     0.526852 
59329.406645 0.000000 0.000000     0.133670     0.600933 
59329.444256 0.000000 0.000000     0.117428     0.667824 
59329.481866 0.000000 0.000000     0.099204     0.721119 
59329.519476 0.000000 0.000000     0.080608     0.760747 
59329.557086 0.000000 0.000000     0.063023     0.788521 
59329.594696 0.000000 0.000000     0.047473     0.806843 
59329.632306 0.000000 0.000000     0.034576     0.818168 
59329.669917 0.000000 0.000000     0.024604     0.824693 
59329.707527 0.000000 0.000000     0.017592     0.828181 
59329.745137 0.000000 0.000000     0.013500     0.829900 
59329.782747 0.000000 0.000000     0.012362     0.830664 
59329.820357 0.000000 0.000000     0.014421     0.830925 
59329.857967 0.000000 0.000000     0.020221     0.830861 
59329.895578 0.000000 0.000000     0.030626     0.830425 
59329.933188 0.000000 0.000000     0.046758     0.829332 
59329.970798 0.000000 0.000000     0.069839     0.826989 
59330.008408 0.000000 0.000000     0.100922     0.822396 
59330.046018 0.000000 0.000000     0.140548     0.814070 
59330.083628 0.000000 0.000000     0.188381     0.800041 
59330.121238 0.000000 0.000000     0.242891     0.777965 
59330.158849 0.000000 0.000000     0.301214     0.745352 
59330.196459 0.000000 0.000000     0.359250     0.699955 
59330.234069 0.000000 0.000000     0.412060     0.640518 
59330.271679 0.000000 0.000000     0.454526     0.568930 
59330.309289 0.000000 0.000000     0.482156     0.497951 
59330.346899 0.000000 0.000000     0.491867     0.467101 
59330.384510 0.000000 0.000000     0.482551     0.507267 
59330.422120 0.000000 0.000000     0.455294     0.580047 
59330.459730 0.000000 0.000000     0.413174     0.650222 
59330.497340 0.000000 0.000000     0.360713     0.707579 
59330.534950 0.000000 0.000000     0.303116     0.750962 
59330.572560 0.000000 0.000000     0.245488     0.781855 
59330.610170 0.000000 0.000000     0.192207     0.802570 
59330.647781 0.000000 0.000000     0.146558     0.815584 
59330.685391 0.000000 0.000000     0.110667     0.823169 
59330.723001 0.000000 0.000000     0.085669     0.827153 
59330.760611 0.000000 0.000000     0.072002     0.828780 
59330.798221 0.000000 0.000000     0.069708     0.828655 
59330.835831 0.000000 0.000000     0.078635     0.826721 
59330.873442 0.000000 0.000000     0.098467     0.822265 
59330.911052 0.000000 0.000000     0.128590     0.813927 
59330.948662 0.000000 0.000000     0.167847     0.799776 
59330.986272 0.000000 0.000000     0.214273     0.777458 
59331.023882 0.000000 0.000000     0.264923     0.744462 
59331.061492 0.000000 0.000000     0.315912     0.698526 
59331.099102 0.000000 0.000000     0.362708     0.638418 
59331.136713 0.000000 0.000000     0.400666     0.566220 
59331.174323 0.000000 0.000000     0.425709     0.495512 
59331.211933 0.000000 0.000000     0.435005     0.467331 
59331.249543 0.000000 0.000000     0.427470     0.510349 
59331.287153 0.000000 0.000000     0.403957     0.583884 
59331.324763 0.000000 0.000000     0.367091     0.653798 
59331.362374 0.000000 0.000000     0.320774     0.710572 
59331.399984 0.000000 0.000000     0.269499     0.753298 
59331.437594 0.000000 0.000000     0.217616     0.783566 
59331.475204 0.000000 0.000000     0.168728     0.803749 
59331.512814 0.000000 0.000000     0.125297     0.816363 
59331.550424 0.000000 0.000000     0.088516     0.823712 
59331.588035 0.000000 0.000000     0.058402     0.827679 
59331.625645 0.000000 0.000000     0.034052     0.829636 
59331.663255 0.000000 0.000000     0.013995     0.830459 
59331.700865 0.000000 0.000000    -0.003425     0.830596 
59331.738475 0.000000 0.000000    -0.019654     0.830133 
59331.776085 0.000000 0.000000    -0.035536     0.828812 
59331.813695 0.000000 0.000000    -0.050950     0.826009 
59331.851306 0.000000 0.000000    -0.064522     0.820695 
59331.888916 0.000000 0.000000    -0.073507     0.811437 
59331.926526 0.000000 0.000000    -0.073948     0.796503 
59331.964136 0.000000 0.000000    -0.061198     0.774051 
59332.001746 0.000000 0.000000    -0.030826     0.742403 
59332.039356 0.000000 0.000000     0.020207     0.700294 
59332.076967 0.000000 0.000000     0.092368     0.647099 
59332.114577 0.000000 0.000000     0.182681     0.583109 
59332.152187 0.000000 0.000000     0.284523     0.510627 
59332.189797 0.000000 0.000000     0.388269     0.439223 
59332.227407 0.000000 0.000000     0.482754     0.400996 
59332.265017 0.000000 0.000000     0.557241     0.431501 
59332.302627 0.000000 0.000000     0.603436     0.500933 
59332.340238 0.000000 0.000000     0.617004     0.573823 
59332.377848 0.000000 0.000000     0.598221     0.638898 
59332.415458 0.000000 0.000000     0.551623     0.693425 
59332.453068 0.000000 0.000000     0.484811     0.736947 
59332.490678 0.000000 0.000000     0.406806     0.769964 
59332.528288 0.000000 0.000000     0.326383     0.793633 
59332.565899 0.000000 0.000000     0.250793     0.809560 
59332.603509 0.000000 0.000000     0.185070     0.819558 
59332.641119 0.000000 0.000000     0.131970     0.825379 
59332.678729 0.000000 0.000000     0.092386     0.828508 
59332.716339 0.000000 0.000000     0.066049     0.830050 
59332.753949 0.000000 0.000000     0.052293     0.830732 
59332.791559 0.000000 0.000000     0.050705     0.830959 
59332.829170 0.000000 0.000000     0.061552     0.830890 
59332.866780 0.000000 0.000000     0.085930     0.830477 
59332.904390 0.000000 0.000000     0.125595     0.829448 
59332.942000 0.000000 0.000000     0.182504     0.827237 
59332.979610 0.000000 0.000000     0.258108     0.822892 
59333.017220 0.000000 0.000000     0.352498     0.814988 
59333.054831 0.000000 0.000000     0.463597     0.801623 
59333.092441 0.000000 0.000000     0.586582     0.780512 
59333.130051 0.000000 0.000000     0.713787     0.749208 
59333.167661 0.000000 0.000000     0.835221     0.705454 
59333.205271 0.000000 0.000000     0.939726     0.647855 
59333.242881 0.000000 0.000000     1.016611     0.577726 
59333.280492 0.000000 0.000000     1.057433     0.505642 
59333.318102 0.000000 0.000000     1.057519     0.467097 
59333.355712 0.000000 0.000000     1.016838     0.498962 
59333.393322 0.000000 0.000000     0.939996     0.569726 
59333.430932 0.000000 0.000000     0.835362     0.640848 
59333.468542 0.000000 0.000000     0.713522     0.699931 
59333.506152 0.000000 0.000000     0.585474     0.745126 
59333.543763 0.000000 0.000000     0.460940     0.777662 
59333.581373 0.000000 0.000000     0.347160     0.799737 
59333.618983 0.000000 0.000000     0.248304     0.813782 
59333.656593 0.000000 0.000000     0.165535     0.822067 
59333.694203 0.000000 0.000000     0.097566     0.826440 
59333.731813 0.000000 0.000000     0.041535     0.828162 
59333.769424 0.000000 0.000000    -0.006009     0.827833 
59333.807034 0.000000 0.000000    -0.048151     0.825376 
59333.844644 0.000000 0.000000    -0.086837     0.820079 
59333.882254 0.000000 0.000000    -0.122341     0.810682 
59333.919864 0.000000 0.000000    -0.153097     0.795530 
59333.957474 0.000000 0.000000    -0.175932     0.772776 
59333.995084 0.000000 0.000000    -0.186731     0.740608 
59334.032695 0.000000 0.000000    -0.181460     0.697442 
59334.070305 0.000000 0.000000    -0.157354     0.642094 
59334.107915 0.000000 0.000000    -0.113984     0.574160 
59334.145525 0.000000 0.000000    -0.053904     0.495917 
59334.183135 0.000000 0.000000     0.017378     0.422098 
59334.220745 0.000000 0.000000     0.092160     0.402695 
59334.258356 0.000000 0.000000     0.161892     0.460446 
59334.295966 0.000000 0.000000     0.218777     0.540456 
59334.333576 0.000000 0.000000     0.257200     0.613965 
59334.371186 0.000000 0.000000     0.274618     0.675198 
59334.408796 0.000000 0.000000     0.271727     0.723775 
59334.446406 0.000000 0.000000     0.251912     0.760626 
59334.484016 0.000000 0.000000     0.220218     0.787226 
59334.521627 0.000000 0.000000     0.182140     0.805367 
59334.559237 0.000000 0.000000     0.142540     0.816973 
59334.596847 0.000000 0.000000     0.104895     0.823894 
59334.634457 0.000000 0.000000     0.070916     0.827717 
59334.672067 0.000000 0.000000     0.040510     0.829661 
59334.709677 0.000000 0.000000     0.011951     0.830552 
59334.747288 0.000000 0.000000    -0.017841     0.830874 
59334.784898 0.000000 0.000000    -0.052972     0.830837 
59334.822508 0.000000 0.000000    -0.098183     0.830425 
59334.860118 0.000000 0.000000    -0.158338     0.829403 
59334.897728 0.000000 0.000000    -0.237730     0.827277 
59334.935338 0.000000 0.000000    -0.339180     0.823243 
59334.972949 0.000000 0.000000    -0.463020     0.816153 
59335.010559 0.000000 0.000000    -0.606169     0.804536 
59335.048169 0.000000 0.000000    -0.761571     0.786667 
59335.085779 0.000000 0.000000    -0.918327     0.760687 
59335.123389 0.000000 0.000000    -1.062680     0.724707 
59335.160999 0.000000 0.000000    -1.179856     0.676899 
59335.198609 0.000000 0.000000    -1.256471     0.615673 
59335.236220 0.000000 0.000000    -1.282993     0.540530 
59335.273830 0.000000 0.000000    -1.255653     0.456979 
59335.311440 0.000000 0.000000    -1.177279     0.399641 
59335.349050 0.000000 0.000000    -1.056824     0.431878 
59335.386660 0.000000 0.000000    -0.907689     0.515427 
59335.424270 0.000000 0.000000    -0.745267     0.597322 
59335.461881 0.000000 0.000000    -0.584364     0.665358 
59335.499491 0.000000 0.000000    -0.437056     0.718554 
59335.537101 0.000000 0.000000    -0.311440     0.758224 
59335.574711 0.000000 0.000000    -0.211364     0.786355 
59335.612321 0.000000 0.000000    -0.137009     0.805192 
59335.649931 0.000000 0.000000    -0.085996     0.816993 
59335.687541 0.000000 0.000000    -0.054634     0.823783 
59335.725152 0.000000 0.000000    -0.039005     0.827143 
59335.762762 0.000000 0.000000    -0.035698     0.828051 
59335.800372 0.000000 0.000000    -0.042138     0.826794 
59335.837982 0.000000 0.000000    -0.056558     0.822923 
59335.875592 0.000000 0.000000    -0.077729     0.815274 
59335.913202 0.000000 0.000000    -0.104567     0.802036 
59335.950813 0.000000 0.000000    -0.135756     0.780918 
59335.988423 0.000000 0.000000    -0.169481     0.749409 
59336.026033 0.000000 0.000000    -0.203345     0.705165 
59336.063643 0.000000 0.000000    -0.234504     0.646708 
59336.101253 0.000000 0.000000    -0.259986     0.575362 
59336.138863 0.000000 0.000000    -0.277132     0.502264 
59336.176473 0.000000 0.000000    -0.284049     0.465135 
59336.214084 0.000000 0.000000    -0.279952     0.500699 
59336.251694 0.000000 0.000000    -0.265319     0.573508 
59336.289304 0.000000 0.000000    -0.241801     0.645096 
59336.326914 0.000000 0.000000    -0.211914     0.703902 
59336.364524 0.000000 0.000000    -0.178606     0.748484 
59336.402134 0.000000 0.000000    -0.144781     0.780284 
59336.439745 0.000000 0.000000    -0.112907     0.801645 
59336.477355 0.000000 0.000000    -0.084774     0.815102 
59336.514965 0.000000 0.000000    -0.061417     0.823012 
59336.552575 0.000000 0.000000    -0.043206     0.827329 
59336.590185 0.000000 0.000000    -0.030040     0.829508 
59336.627795 0.000000 0.000000    -0.021594     0.830520 
59336.665406 0.000000 0.000000    -0.017557     0.830940 
59336.703016 0.000000 0.000000    -0.017835     0.831063 
59336.740626 0.000000 0.000000    -0.022670     0.830986 
59336.778236 0.000000 0.000000    -0.032676     0.830648 
59336.815846 0.000000 0.000000    -0.048768     0.829806 
59336.853456 0.000000 0.000000    -0.071975     0.827954 
59336.891066 0.000000 0.000000    -0.103160     0.824223 
59336.928677 0.000000 0.000000    -0.142661     0.817273 
59336.966287 0.000000 0.000000    -0.189922     0.805265 
59337.003897 0.000000 0.000000    -0.243208     0.785924 
59337.041507 0.000000 0.000000    -0.299492     0.756739 
59337.079117 0.000000 0.000000    -0.354606     0.715289 
59337.116727 0.000000 0.000000    -0.403678     0.659836 
59337.154338 0.000000 0.000000    -0.441814     0.590826 
59337.191948 0.000000 0.000000    -0.464888     0.516247 
59337.229558 0.000000 0.000000    -0.470278     0.467176 
59337.267168 0.000000 0.000000    -0.457354     0.488290 
59337.304778 0.000000 0.000000    -0.427597     0.557505 
59337.342388 0.000000 0.000000    -0.384323     0.630823 
59337.379998 0.000000 0.000000    -0.332067     0.692558 
59337.417609 0.000000 0.000000    -0.275801     0.740053 
59337.455219 0.000000 0.000000    -0.220157     0.774379 
59337.492829 0.000000 0.000000    -0.168824     0.797757 
59337.530439 0.000000 0.000000    -0.124208     0.812706 
59337.568049 0.000000 0.000000    -0.087369     0.821635 
59337.605659 0.000000 0.000000    -0.058179     0.826585 
59337.643270 0.000000 0.000000    -0.035619     0.829103 
59337.680880 0.000000 0.000000    -0.018101     0.830219 
59337.718490 0.000000 0.000000    -0.003777     0.830493 
59337.756100 0.000000 0.000000     0.009228     0.830081 
59337.793710 0.000000 0.000000     0.022629     0.828748 
59337.831320 0.000000 0.000000     0.037835     0.825843 
59337.868930 0.000000 0.000000     0.055823     0.820227 
59337.906541 0.000000 0.000000     0.077010     0.810239 
59337.944151 0.000000 0.000000     0.101156     0.793730 
59337.981761 0.000000 0.000000     0.127316     0.768226 
59338.019371 0.000000 0.000000     0.153885     0.731207 
59338.056981 0.000000 0.000000     0.178765     0.680582 
59338.094591 0.000000 0.000000     0.199649     0.615737 
59338.132202 0.000000 0.000000     0.214384     0.540985 
59338.169812 0.000000 0.000000     0.221344     0.477489 
59338.207422 0.000000 0.000000     0.219736     0.473114 
59338.245032 0.000000 0.000000     0.209745     0.532559 
59338.282642 0.000000 0.000000     0.192505     0.607618 
59338.320252 0.000000 0.000000     0.169886     0.673956 
59338.357863 0.000000 0.000000     0.144163     0.726202 
59338.395473 0.000000 0.000000     0.117642     0.764667 
59338.433083 0.000000 0.000000     0.092340     0.791349 
59338.470693 0.000000 0.000000     0.069764     0.808746 
59338.508303 0.000000 0.000000     0.050837     0.819357 
59338.545913 0.000000 0.000000     0.035949     0.825381 
59338.583523 0.000000 0.000000     0.025111     0.828550 
59338.621134 0.000000 0.000000     0.018157     0.830088 
59338.658744 0.000000 0.000000     0.014960     0.830771 
59338.696354 0.000000 0.000000     0.015619     0.831034 
59338.733964 0.000000 0.000000     0.020590     0.831076 
59338.771574 0.000000 0.000000     0.030728     0.830935 
59338.809184 0.000000 0.000000     0.047213     0.830502 
59338.846795 0.000000 0.000000     0.071322     0.829486 
59338.884405 0.000000 0.000000     0.104044     0.827342 
59338.922015 0.000000 0.000000     0.145569     0.823183 
59338.959625 0.000000 0.000000     0.194715     0.815735 
59338.997235 0.000000 0.000000     0.248468     0.803372 
59339.034845 0.000000 0.000000     0.301806     0.784253 
59339.072455 0.000000 0.000000     0.347998     0.756559 
59339.110066 0.000000 0.000000     0.379448     0.718798 
59339.147676 0.000000 0.000000     0.389044     0.670211 
59339.185286 0.000000 0.000000     0.371725     0.611524 
59339.222896 0.000000 0.000000     0.325895     0.547028 
59339.260506 0.000000 0.000000     0.254248     0.490323 
59339.298116 0.000000 0.000000     0.163674     0.469715 
59339.335727 0.000000 0.000000     0.064197     0.500604 
59339.373337 0.000000 0.000000    -0.032854     0.558957 
59339.410947 0.000000 0.000000    -0.116971     0.620347 
59339.448557 0.000000 0.000000    -0.180335     0.675076 
59339.486167 0.000000 0.000000    -0.218976     0.720423 
59339.523777 0.000000 0.000000    -0.232993     0.756098 
59339.561387 0.000000 0.000000    -0.225891     0.782787 
59339.598998 0.000000 0.000000    -0.203338     0.801690 
59339.636608 0.000000 0.000000    -0.171734     0.814285 
59339.674218 0.000000 0.000000    -0.136967     0.822132 
59339.711828 0.000000 0.000000    -0.103598     0.826677 
59339.749438 0.000000 0.000000    -0.074536     0.829113 
59339.787048 0.000000 0.000000    -0.051120     0.830318 
59339.824659 0.000000 0.000000    -0.033476     0.830866 
59339.862269 0.000000 0.000000    -0.020958     0.831096 
59339.899879 0.000000 0.000000    -0.012557     0.831184 
59339.937489 0.000000 0.000000    -0.007205     0.831215 
59339.975099 0.000000 0.000000    -0.003963     0.831226 
59340.012709 0.000000 0.000000    -0.002090     0.831229 
59340.050320 0.000000 0.000000    -0.001057     0.831230 
59340.087930 0.000000 0.000000    -0.000513     0.831230 
59340.125540 0.000000 0.000000    -0.000239     0.831230 
59340.163150 0.000000 0.000000    -0.000107     0.831230 
59340.200760 0.000000 0.000000    -0.000046     0.831230 
59340.238370 0.000000 0.000000    -0.000018     0.831230 
59340.275980 0.000000 0.000000    -0.000004     0.831230 
59340.313591 0.000000 0.000000     0.000007     0.831230 
59340.351201 0.000000 0.000000     0.000024     0.831230 
59340.388811 0.000000 0.000000     0.000058     0.831230 
59340.426421 0.000000 0.000000     0.000132     0.831230 
59340.464031 0.000000 0.000000     0.000288     0.831230 
59340.501641 0.000000 0.000000     0.000604     0.831230 
59340.539252 0.000000 0.000000     0.001219     0.831229 
59340.576862 0.000000 0.000000     0.002367     0.831227 
59340.614472 0.000000 0.000000     0.004421     0.831219 
59340.652082 0.000000 0.000000     0.007944     0.831195 
59340.689692 0.000000 0.000000     0.013730     0.831123 
59340.727302 0.000000 0.000000     0.022827     0.830930 
59340.764912 0.000000 0.000000     0.036502     0.830445 
59340.802523 0.000000 0.000000     0.056141     0.829331 
59340.840133 0.000000 0.000000     0.083043     0.826964 
59340.877743 0.000000 0.000000     0.118134     0.822324 
59340.915353 0.000000 0.000000     0.161612     0.813903 
59340.952963 0.000000 0.000000     0.212611     0.799700 
59340.990573 0.000000 0.000000     0.268967     0.777334 
59341.028184 0.000000 0.000000     0.327191     0.744278 
59341.065794 0.000000 0.000000     0.382722     0.698254 
59341.103404 0.000000 0.000000     0.430461     0.637996 
59341.141014 0.000000 0.000000     0.465530     0.565518 
59341.178624 0.000000 0.000000     0.484083     0.494311 
59341.216234 0.000000 0.000000     0.484000     0.465729 
59341.253844 0.000000 0.000000     0.465289     0.509028 
59341.291455 0.000000 0.000000     0.430082     0.582987 
59341.329065 0.000000 0.000000     0.382237     0.653190 
59341.366675 0.000000 0.000000     0.326642     0.710155 
59341.404285 0.000000 0.000000     0.268400     0.753014 
59341.441895 0.000000 0.000000     0.212076     0.783377 
59341.479505 0.000000 0.000000     0.161165     0.803630 
59341.517116 0.000000 0.000000     0.117846     0.816293 
59341.554726 0.000000 0.000000     0.083020     0.823675 
59341.592336 0.000000 0.000000     0.056553     0.827669 
59341.629946 0.000000 0.000000     0.037632     0.829659 
59341.667556 0.000000 0.000000     0.025137     0.830551 
59341.705166 0.000000 0.000000     0.017947     0.830850 
59341.742777 0.000000 0.000000     0.015149     0.830753 
59341.780387 0.000000 0.000000     0.016141     0.830192 
59341.817997 0.000000 0.000000     0.020628     0.828821 
59341.855607 0.000000 0.000000     0.028541     0.825935 
59341.893217 0.000000 0.000000     0.039894     0.820383 
59341.930827 0.000000 0.000000     0.054615     0.810505 
59341.968437 0.000000 0.000000     0.072367     0.794158 
59342.006048 0.000000 0.000000     0.092421     0.768871 
59342.043658 0.000000 0.000000     0.113596     0.732123 
59342.081268 0.000000 0.000000     0.134304     0.681806 
59342.118878 0.000000 0.000000     0.152709     0.617255 
59342.156488 0.000000 0.000000     0.166979     0.542596 
59342.194098 0.000000 0.000000     0.175576     0.478407 
59342.231709 0.000000 0.000000     0.177530     0.472353 
59342.269319 0.000000 0.000000     0.172616     0.530926 
59342.306929 0.000000 0.000000     0.161396     0.606009 
59342.344539 0.000000 0.000000     0.145115     0.672628 
59342.382149 0.000000 0.000000     0.125471     0.725189 
59342.419759 0.000000 0.000000     0.104326     0.763940 
59342.457369 0.000000 0.000000     0.083419     0.790857 
59342.494980 0.000000 0.000000     0.064147     0.808434 
59342.532590 0.000000 0.000000     0.047439     0.819173 
59342.570200 0.000000 0.000000     0.033741     0.825280 
59342.607810 0.000000 0.000000     0.023081     0.828499 
59342.645420 0.000000 0.000000     0.015186     0.830067 
59342.683030 0.000000 0.000000     0.009610     0.830771 
59342.720641 0.000000 0.000000     0.005850     0.831062 
59342.758251 0.000000 0.000000     0.003426     0.831173 
59342.795861 0.000000 0.000000     0.001930     0.831212 
59342.833471 0.000000 0.000000     0.001046     0.831225 
59342.871081 0.000000 0.000000     0.000545     0.831228 
59342.908691 0.000000 0.000000     0.000274     0.831229 
59342.946301 0.000000 0.000000     0.000132     0.831230 
59342.983912 0.000000 0.000000     0.000061     0.831230 
59343.021522 0.000000 0.000000     0.000027     0.831230 
59343.059132 0.000000 0.000000     0.000012     0.831230 
59343.096742 0.000000 0.000000     0.000005     0.831230 
59343.134352 0.000000 0.000000     0.000002     0.831230 
59343.171962 0.000000 0.000000     0.000001     0.831230 
59343.209573 0.000000 0.000000     0.000000     0.831230 
59343.247183 0.000000 0.000000     0.000000     0.831230 
59343.284793 0.000000 0.000000     0.000000     0.831230 
59343.322403 0.000000 0.000000     0.000000     0.831230 
59343.360013 0.000000 0.000000     0.000000     0.831230 
59343.397623 0.000000 0.000000     0.000000     0.831230 
59343.435234 0.000000 0.000000     0.000000     0.831230 
59343.472844 0.000000 0.000000     0.000000     0.831230 
59343.510454 0.000000 0.000000     0.000000     0.831230 
59343.548064 0.000000 0.000000     0.000000     0.831230 
59343.585674 0.000000 0.000000     0.000000     0.831230 
59343.623284 0.000000 0.000000     0.000000     0.831230 
59343.660894 0.000000 0.000000     0.000000     0.831230 
59343.698505 0.000000 0.000000     0.000000     0.831230 
59343.736115 0.000000 0.000000     0.000000     0.831230 
59343.773725 0.000000 0.000000     0.000000     0.831230 
59343.811335 0.000000 0.000000     0.000000     0.831230 
59343.848945 0.000000 0.000000    -0.000000     0.831230 
59343.886555 0.000000 0.000000    -0.000000     0.831230 
59343.924166 0.000000 0.000000    -0.000000     0.831230 
59343.961776 0.000000 0.000000    -0.000000     0.831230 
59343.999386 0.000000 0.000000    -0.000000     0.831230 
59344.036996 0.000000 0.000000    -0.000000     0.831230 
59344.074606 0.000000 0.000000    -0.000000     0.831230 
59344.112216 0.000000 0.000000    -0.000000     0.831230 
59344.149826 0.000000 0.000000    -0.000000     0.831230 
59344.187437 0.000000 0.000000    -0.000000     0.831230 
59344.225047 0.000000 0.000000    -0.000000     0.831230 
59344.262657 0.000000 0.000000    -0.000000     0.831230 
59344.300267 0.000000 0.000000    -0.000000     0.831230 
59344.337877 0.000000 0.000000    -0.000000     0.831230 
59344.375487 0.000000 0.000000    -0.000000     0.831230 
59344.413098 0.000000 0.000000    -0.000000     0.831230 
59344.450708 0.000000 0.000000    -0.000001     0.831230 
59344.488318 0.000000 0.000000    -0.000003     0.831230 
59344.525928 0.000000 0.000000    -0.000008     0.831230 
59344.563538 0.000000 0.000000    -0.000020     0.831230 
59344.601148 0.000000 0.000000    -0.000047     0.831230 
59344.638758 0.000000 0.000000    -0.000106     0.831230 
59344.676369 0.000000 0.000000    -0.000227     0.831229 
59344.713979 0.000000 0.000000    -0.000468     0.831227 
59344.751589 0.000000 0.000000    -0.000927     0.831221 
59344.789199 0.000000 0.000000    -0.001765     0.831200 
59344.826809 0.000000 0.000000    -0.003227     0.831138 
59344.864419 0.000000 0.000000    -0.005668     0.830969 
59344.902030 0.000000 0.000000    -0.009567     0.830540 
59344.939640 0.000000 0.000000    -0.015515     0.829541 
59344.977250 0.000000 0.000000    -0.024175     0.827392 
59345.014860 0.000000 0.000000    -0.036198     0.823131 
59345.052470 0.000000 0.000000    -0.052081     0.815311 
59345.090080 0.000000 0.000000    -0.072005     0.801988 
59345.127691 0.000000 0.000000    -0.095665     0.780810 
59345.165301 0.000000 0.000000    -0.122140     0.749241 
59345.202911 0.000000 0.000000    -0.149860     0.704932 
59345.240521 0.000000 0.000000    -0.176703     0.646408 
59345.278131 0.000000 0.000000    -0.200241     0.575017 
59345.315741 0.000000 0.000000    -0.218087     0.501977 
59345.353351 0.000000 0.000000    -0.228304     0.465155 
59345.390962 0.000000 0.000000    -0.229760     0.501022 
59345.428572 0.000000 0.000000    -0.222360     0.573884 
59345.466182 0.000000 0.000000    -0.207097     0.645422 
59345.503792 0.000000 0.000000    -0.185917     0.704157 
59345.541402 0.000000 0.000000    -0.161446     0.748668 
59345.579012 0.000000 0.000000    -0.136657     0.780401 
59345.616623 0.000000 0.000000    -0.114575     0.801689 
59345.654233 0.000000 0.000000    -0.098068     0.815036 
59345.691843 0.000000 0.000000    -0.089740     0.822717 
59345.729453 0.000000 0.000000    -0.091896     0.826512 
59345.767063 0.000000 0.000000    -0.106510     0.827519 
59345.804673 0.000000 0.000000    -0.135107     0.826069 
59345.842283 0.000000 0.000000    -0.178520     0.821689 
59345.879894 0.000000 0.000000    -0.236533     0.813151 
59345.917504 0.000000 0.000000    -0.307468     0.798567 
59345.955114 0.000000 0.000000    -0.387883     0.775594 
59345.992724 0.000000 0.000000    -0.472499     0.741720 
59346.030334 0.000000 0.000000    -0.554514     0.694700 
59346.067944 0.000000 0.000000    -0.626314     0.633381 
59346.105555 0.000000 0.000000    -0.680525     0.560196 
59346.143165 0.000000 0.000000    -0.711181     0.490142 
59346.180775 0.000000 0.000000    -0.714762     0.466635 
59346.218385 0.000000 0.000000    -0.690829     0.514171 
59346.255995 0.000000 0.000000    -0.642100     0.588752 
59346.293605 0.000000 0.000000    -0.573927     0.658204 
59346.331215 0.000000 0.000000    -0.493328     0.714121 
59346.368826 0.000000 0.000000    -0.407799     0.755956 
59346.406436 0.000000 0.000000    -0.324186     0.785433 
59346.444046 0.000000 0.000000    -0.247849     0.804978 
59346.481656 0.000000 0.000000    -0.182234     0.817117 
59346.519266 0.000000 0.000000    -0.128862     0.824145 
59346.556876 0.000000 0.000000    -0.087631     0.827919 
59346.594487 0.000000 0.000000    -0.057304     0.829793 
59346.632097 0.000000 0.000000    -0.036032     0.830651 
59346.669707 0.000000 0.000000    -0.021800     0.831010 
59346.707317 0.000000 0.000000    -0.012756     0.831141 
59346.744927 0.000000 0.000000    -0.007408     0.831160 
59346.782537 0.000000 0.000000    -0.004712     0.831087 
59346.820148 0.000000 0.000000    -0.004093     0.830853 
59346.857758 0.000000 0.000000    -0.005417     0.830271 
59346.895368 0.000000 0.000000    -0.008951     0.828957 
59346.932978 0.000000 0.000000    -0.015278     0.826226 
59346.970588 0.000000 0.000000    -0.025187     0.820980 
59347.008198 0.000000 0.000000    -0.039496     0.811639 
59347.045808 0.000000 0.000000    -0.058826     0.796154 
59347.083419 0.000000 0.000000    -0.083338     0.772147 
59347.121029 0.000000 0.000000    -0.112494     0.737157 
59347.158639 0.000000 0.000000    -0.144902     0.689066 
59347.196249 0.000000 0.000000    -0.178316     0.626961 
59347.233859 0.000000 0.000000    -0.209837     0.553841 
59347.271469 0.000000 0.000000    -0.236310     0.486182 
59347.309080 0.000000 0.000000    -0.254832     0.468006 
59347.346690 0.000000 0.000000    -0.263282     0.518233 
59347.384300 0.000000 0.000000    -0.260717     0.592291 
59347.421910 0.000000 0.000000    -0.247546     0.660562 
59347.459520 0.000000 0.000000    -0.225437     0.715462 
59347.497130 0.000000 0.000000    -0.196973     0.756584 
59347.534740 0.000000 0.000000    -0.165175     0.785629 
59347.572351 0.000000 0.000000    -0.132994     0.804955 
59347.609961 0.000000 0.000000    -0.102898     0.817015 
59347.647571 0.000000 0.000000    -0.076636     0.824037 
59347.685181 0.000000 0.000000    -0.055173     0.827832 
59347.722791 0.000000 0.000000    -0.038800     0.829717 
59347.760401 0.000000 0.000000    -0.027325     0.830543 
59347.798012 0.000000 0.000000    -0.020295     0.830764 
59347.835622 0.000000 0.000000    -0.017186     0.830518 
59347.873232 0.000000 0.000000    -0.017526     0.829643 
59347.910842 0.000000 0.000000    -0.020936     0.827649 
59347.948452 0.000000 0.000000    -0.027102     0.823631 
59347.986062 0.000000 0.000000    -0.035691     0.816192 
59348.023672 0.000000 0.000000    -0.046259     0.803426 
59348.061283 0.000000 0.000000    -0.058170     0.783002 
59348.098893 0.000000 0.000000    -0.070562     0.752379 
59348.136503 0.000000 0.000000    -0.082384     0.709162 
59348.174113 0.000000 0.000000    -0.092498     0.651752 
59348.211723 0.000000 0.000000    -0.099832     0.581115 
59348.249333 0.000000 0.000000    -0.103558     0.507174 
59348.286944 0.000000 0.000000    -0.103227     0.465431 
59348.324554 0.000000 0.000000    -0.098855     0.496199 
59348.362164 0.000000 0.000000    -0.090900     0.568122 
59348.399774 0.000000 0.000000    -0.080162     0.640472 
59348.437384 0.000000 0.000000    -0.067597     0.700342 
59348.474994 0.000000 0.000000    -0.054105     0.745917 
59348.512605 0.000000 0.000000    -0.040320     0.778536 
59348.550215 0.000000 0.000000    -0.026436     0.800513 
59348.587825 0.000000 0.000000    -0.012101     0.814372 
59348.625435 0.000000 0.000000     0.003626     0.822449 
59348.663045 0.000000 0.000000     0.022219     0.826618 
59348.700655 0.000000 0.000000     0.045549     0.828117 
59348.738265 0.000000 0.000000     0.075639     0.827468 
59348.775876 0.000000 0.000000     0.114312     0.824441 
59348.813486 0.000000 0.000000     0.162762     0.818072 
59348.851096 0.000000 0.000000     0.221086     0.806725 
59348.888706 0.000000 0.000000     0.287887     0.788222 
59348.926316 0.000000 0.000000     0.360054     0.760080 
59348.963926 0.000000 0.000000     0.432843     0.719851 
59349.001537 0.000000 0.000000     0.500312     0.665683 
59349.039147 0.000000 0.000000     0.556093     0.597687 
59349.076757 0.000000 0.000000     0.594387     0.522709 
59349.114367 0.000000 0.000000     0.610958     0.469084 
59349.151977 0.000000 0.000000     0.603916     0.483640 
59349.189587 0.000000 0.000000     0.574073     0.550926 
59349.227197 0.000000 0.000000     0.524791     0.624947 
59349.264808 0.000000 0.000000     0.461356     0.687955 
59349.302418 0.000000 0.000000     0.390053     0.736692 
59349.340028 0.000000 0.000000     0.317142     0.772069 
59349.377638 0.000000 0.000000     0.247989     0.796264 
59349.415248 0.000000 0.000000     0.186491     0.811804 
59349.452858 0.000000 0.000000     0.134866     0.821130 
59349.490469 0.000000 0.000000     0.093766     0.826335 
59349.528079 0.000000 0.000000     0.062607     0.829024 
59349.565689 0.000000 0.000000     0.039997     0.830308 
59349.603299 0.000000 0.000000     0.024128     0.830872 
59349.640909 0.000000 0.000000     0.013070     0.831101 
59349.678519 0.000000 0.000000     0.004932     0.831184 
59349.716129 0.000000 0.000000    -0.002123     0.831204 
59349.753740 0.000000 0.000000    -0.009943     0.831185 
59349.791350 0.000000 0.000000    -0.020522     0.831105 
59349.828960 0.000000 0.000000    -0.036114     0.830885 
59349.866570 0.000000 0.000000    -0.059277     0.830338 
59349.904180 0.000000 0.000000    -0.092785     0.829091 
59349.941790 0.000000 0.000000    -0.139349     0.826472 
59349.979401 0.000000 0.000000    -0.201146     0.821391 
59350.017011 0.000000 0.000000    -0.279200     0.812264 
59350.054621 0.000000 0.000000    -0.372705     0.797018 
59350.092231 0.000000 0.000000    -0.478485     0.773228 
59350.129841 0.000000 0.000000    -0.590770     0.738366 
59350.167451 0.000000 0.000000    -0.701471     0.690234 
59350.205062 0.000000 0.000000    -0.801005     0.627839 
59350.242672 0.000000 0.000000    -0.879606     0.554137 
59350.280282 0.000000 0.000000    -0.928893     0.485854 
59350.317892 0.000000 0.000000    -0.943328     0.468081 
59350.355502 0.000000 0.000000    -0.921245     0.519562 
59350.393112 0.000000 0.000000    -0.865154     0.594383 
59350.430722 0.000000 0.000000    -0.781259     0.662881 
59350.468333 0.000000 0.000000    -0.678295     0.717672 
59350.505943 0.000000 0.000000    -0.565988     0.758489 
59350.543553 0.000000 0.000000    -0.453478     0.787134 
59350.581163 0.000000 0.000000    -0.348043     0.806047 
59350.618773 0.000000 0.000000    -0.254314     0.817735 
59350.656383 0.000000 0.000000    -0.174043     0.824445 
59350.693994 0.000000 0.000000    -0.106341     0.827961 
59350.731604 0.000000 0.000000    -0.048246     0.829508 
59350.769214 0.000000 0.000000     0.004548     0.829747 
59350.806824 0.000000 0.000000     0.056902     0.828788 
59350.844434 0.000000 0.000000     0.113453     0.826204 
59350.882044 0.000000 0.000000     0.177878     0.821008 
59350.919654 0.000000 0.000000     0.252226     0.811648 
59350.957265 0.000000 0.000000     0.336388     0.796058 
59350.994875 0.000000 0.000000     0.427796     0.771817 
59351.032485 0.000000 0.000000     0.521475     0.736415 
59351.070095 0.000000 0.000000     0.610532     0.687691 
59351.107705 0.000000 0.000000     0.687075     0.624752 
59351.145315 0.000000 0.000000     0.743455     0.550864 
59351.182926 0.000000 0.000000     0.773591     0.483709 
59351.220536 0.000000 0.000000     0.774089     0.469044 
59351.258146 0.000000 0.000000     0.744892     0.522398 
59351.295756 0.000000 0.000000     0.689290     0.597223 
59351.333366 0.000000 0.000000     0.613287     0.665180 
59351.370976 0.000000 0.000000     0.524490     0.719380 
59351.408586 0.000000 0.000000     0.430779     0.759682 
59351.446197 0.000000 0.000000     0.339047     0.787918 
59351.483807 0.000000 0.000000     0.254247     0.806529 
59351.521417 0.000000 0.000000     0.178858     0.818010 
59351.559027 0.000000 0.000000     0.112784     0.824584 
59351.596637 0.000000 0.000000     0.053590     0.828008 
59351.634247 0.000000 0.000000    -0.003016     0.829474 
59351.671858 0.000000 0.000000    -0.062547     0.829602 
59351.709468 0.000000 0.000000    -0.130987     0.828449 
59351.747078 0.000000 0.000000    -0.213930     0.825516 
59351.784688 0.000000 0.000000    -0.315612     0.819732 
59351.822298 0.000000 0.000000    -0.437912     0.809454 
59351.859908 0.000000 0.000000    -0.579450     0.792546 
59351.897519 0.000000 0.000000    -0.735009     0.766548 
59351.935129 0.000000 0.000000    -0.895529     0.728975 
59351.972739 0.000000 0.000000    -1.048840     0.677799 
59352.010349 0.000000 0.000000    -1.181154     0.612536 
59352.047959 0.000000 0.000000    -1.279145     0.537865 
59352.085569 0.000000 0.000000    -1.332187     0.475913 
59352.123179 0.000000 0.000000    -1.334288     0.474417 
59352.160790 0.000000 0.000000    -1.285216     0.534976 
59352.198400 0.000000 0.000000    -1.190549     0.609742 
59352.236010 0.000000 0.000000    -1.060638     0.675509 
59352.273620 0.000000 0.000000    -0.908742     0.727235 
59352.311230 0.000000 0.000000    -0.748815     0.765302 
59352.348840 0.000000 0.000000    -0.593438     0.791706 
59352.386451 0.000000 0.000000    -0.452327     0.808928 
59352.424061 0.000000 0.000000    -0.331597     0.819439 
59352.461671 0.000000 0.000000    -0.233799     0.825412 
59352.499281 0.000000 0.000000    -0.158527     0.828559 
59352.536891 0.000000 0.000000    -0.103323     0.830091 
59352.574501 0.000000 0.000000    -0.064635     0.830779 
59352.612111 0.000000 0.000000    -0.038609     0.831063 
59352.649722 0.000000 0.000000    -0.021642     0.831167 
59352.687332 0.000000 0.000000    -0.010668     0.831190 
59352.724942 0.000000 0.000000    -0.003235     0.831154 
59352.762552 0.000000 0.000000     0.002543     0.831025 
59352.800162 0.000000 0.000000     0.008104     0.830684 
59352.837772 0.000000 0.000000     0.014550     0.829875 
59352.875383 0.000000 0.000000     0.022713     0.828105 
59352.912993 0.000000 0.000000     0.033172     0.824535 
59352.950603 0.000000 0.000000     0.046211     0.817871 
59352.988213 0.000000 0.000000     0.061757     0.806330 
59353.025823 0.000000 0.000000     0.079307     0.787691 
59353.063433 0.000000 0.000000     0.097916     0.759485 
59353.101043 0.000000 0.000000     0.116243     0.719307 
59353.138654 0.000000 0.000000     0.132699     0.665353 
59353.176264 0.000000 0.000000     0.145664     0.597766 
59353.213874 0.000000 0.000000     0.153752     0.523283 
59353.251484 0.000000 0.000000     0.156052     0.469566 
59353.289094 0.000000 0.000000     0.152300     0.482820 
59353.326704 0.000000 0.000000     0.142926     0.549060 
59353.364315 0.000000 0.000000     0.128976     0.622742 
59353.401925 0.000000 0.000000     0.111920     0.685805 
59353.439535 0.000000 0.000000     0.093399     0.734804 
59353.477145 0.000000 0.000000     0.074973     0.770542 
59353.514755 0.000000 0.000000     0.057924     0.795121 
59353.552365 0.000000 0.000000     0.043147     0.811014 
59353.589976 0.000000 0.000000     0.031145     0.820626 
59353.627586 0.000000 0.000000     0.022100     0.826038 
59353.665196 0.000000 0.000000     0.016005     0.828861 
59353.702806 0.000000 0.000000     0.012828     0.830214 
59353.740416 0.000000 0.000000     0.012655     0.830787 
59353.778026 0.000000 0.000000     0.015818     0.830937 
59353.815636 0.000000 0.000000     0.022963     0.830771 
59353.853247 0.000000 0.000000     0.035047     0.830171 
59353.890857 0.000000 0.000000     0.053247     0.828765 
59353.928467 0.000000 0.000000     0.078764     0.825840 
59353.966077 0.000000 0.000000     0.112533     0.820249 
59354.003687 0.000000 0.000000     0.154858     0.810348 
59354.041297 0.000000 0.000000     0.205053     0.794029 
59354.078908 0.000000 0.000000     0.261175     0.768861 
59354.116518 0.000000 0.000000     0.319944     0.732372 
59354.154128 0.000000 0.000000     0.376936     0.682491 
59354.191738 0.000000 0.000000     0.427071     0.618546 
59354.229348 0.000000 0.000000     0.465336     0.544460 
59354.266958 0.000000 0.000000     0.487599     0.479875 
59354.304568 0.000000 0.000000     0.491350     0.471361 
59354.342179 0.000000 0.000000     0.476167     0.527962 
59354.379789 0.000000 0.000000     0.443801     0.602583 
59354.417399 0.000000 0.000000     0.397861     0.669425 
59354.455009 0.000000 0.000000     0.343174     0.722471 
59354.492619 0.000000 0.000000     0.284998     0.761796 
59354.530229 0.000000 0.000000     0.228269     0.789275 
59354.567840 0.000000 0.000000     0.177049     0.807338 
59354.605450 0.000000 0.000000     0.134258     0.818437 
59354.643060 0.000000 0.000000     0.101683     0.824728 
59354.680670 0.000000 0.000000     0.080206     0.827872 
59354.718280 0.000000 0.000000     0.070112     0.828916 
59354.755890 0.000000 0.000000     0.071369     0.828258 
59354.793500 0.000000 0.000000     0.083776     0.825636 
59354.831111 0.000000 0.000000     0.106945     0.820127 
59354.868721 0.000000 0.000000     0.140122     0.810179 
59354.906331 0.000000 0.000000     0.181920     0.793701 
59354.943941 0.000000 0.000000     0.230073     0.768250 
59354.981551 0.000000 0.000000     0.281325     0.731327 
59355.019161 0.000000 0.000000     0.331541     0.680857 
59355.056772 0.000000 0.000000     0.376081     0.616219 
59355.094382 0.000000 0.000000     0.410399     0.541650 
59355.131992 0.000000 0.000000     0.430739     0.477970 
59355.169602 0.000000 0.000000     0.434775     0.472706 
59355.207212 0.000000 0.000000     0.422027     0.531493 
59355.244822 0.000000 0.000000     0.393942     0.606417 
59355.282433 0.000000 0.000000     0.353612     0.672846 
59355.320043 0.000000 0.000000     0.305210     0.725266 
59355.357653 0.000000 0.000000     0.253261     0.763933 
59355.395263 0.000000 0.000000     0.201941     0.790810 
59355.432873 0.000000 0.000000     0.154528     0.808378 
59355.470483 0.000000 0.000000     0.113088     0.819123 
59355.508093 0.000000 0.000000     0.078428     0.825239 
59355.545704 0.000000 0.000000     0.050242     0.828455 
59355.583314 0.000000 0.000000     0.027411     0.829986 
59355.620924 0.000000 0.000000     0.008364     0.830565 
59355.658534 0.000000 0.000000    -0.008531     0.830522 
59355.696144 0.000000 0.000000    -0.024567     0.829835 
59355.733754 0.000000 0.000000    -0.040319     0.828139 
59355.771365 0.000000 0.000000    -0.055292     0.824687 
59355.808975 0.000000 0.000000    -0.067681     0.818324 
59355.846585 0.000000 0.000000    -0.074323     0.807512 
59355.884195 0.000000 0.000000    -0.070968     0.790464 
59355.921805 0.000000 0.000000    -0.052929     0.765370 
59355.959415 0.000000 0.000000    -0.016085     0.730662 
59355.997025 0.000000 0.000000     0.041901     0.685261 
59356.034636 0.000000 0.000000     0.120465     0.628784 
59356.072246 0.000000 0.000000     0.215451     0.561927 
59356.109856 0.000000 0.000000     0.319166     0.488229 
59356.147466 0.000000 0.000000     0.421298     0.422010 
59356.185076 0.000000 0.000000     0.510581     0.403017 
59356.222686 0.000000 0.000000     0.576844     0.450458 
59356.260297 0.000000 0.000000     0.612915     0.523312 
59356.297907 0.000000 0.000000     0.615899     0.594525 
59356.335517 0.000000 0.000000     0.587512     0.656636 
59356.373127 0.000000 0.000000     0.533427     0.707879 
59356.410737 0.000000 0.000000     0.461898     0.748151 
59356.448347 0.000000 0.000000     0.382049     0.778180 
59356.485957 0.000000 0.000000     0.302295     0.799295 
59356.523568 0.000000 0.000000     0.229240     0.813203 
59356.561178 0.000000 0.000000     0.167182     0.821734 
59356.598788 0.000000 0.000000     0.118226     0.826580 
59356.636398 0.000000 0.000000     0.082814     0.829116 
59356.674008 0.000000 0.000000     0.060468     0.830330 
59356.711618 0.000000 0.000000     0.050537     0.830840 
59356.749229 0.000000 0.000000     0.052784     0.830967 
59356.786839 0.000000 0.000000     0.067736     0.830805 
59356.824449 0.000000 0.000000     0.096728     0.830239 
59356.862059 0.000000 0.000000     0.141642     0.828913 
59356.899669 0.000000 0.000000     0.204362     0.826152 
59356.937279 0.000000 0.000000     0.286008     0.820857 
59356.974890 0.000000 0.000000     0.386070     0.811447 
59357.012500 0.000000 0.000000     0.501648     0.795882 
59357.050110 0.000000 0.000000     0.627005     0.771788 
59357.087720 0.000000 0.000000     0.753651     0.736720 
59357.125330 0.000000 0.000000     0.871069     0.688576 
59357.162940 0.000000 0.000000     0.968048     0.626466 
59357.200550 0.000000 0.000000     1.034407     0.553429 
59357.238161 0.000000 0.000000     1.062744     0.486003 
59357.275771 0.000000 0.000000     1.049785     0.468126 
59357.313381 0.000000 0.000000     0.997002     0.518390 
59357.350991 0.000000 0.000000     0.910320     0.592346 
59357.388601 0.000000 0.000000     0.798999     0.660530 
59357.426211 0.000000 0.000000     0.673959     0.715383 
59357.463822 0.000000 0.000000     0.545969     0.756491 
59357.501432 0.000000 0.000000     0.424081     0.785537 
59357.539042 0.000000 0.000000     0.314604     0.804862 
59357.576652 0.000000 0.000000     0.220732     0.816887 
59357.614262 0.000000 0.000000     0.142776     0.823779 
59357.651872 0.000000 0.000000     0.078847     0.827218 
59357.689482 0.000000 0.000000     0.025784     0.828263 
59357.727093 0.000000 0.000000    -0.019852     0.827301 
59357.764703 0.000000 0.000000    -0.060872     0.824047 
59357.802313 0.000000 0.000000    -0.098743     0.817599 
59357.839923 0.000000 0.000000    -0.133169     0.806551 
59357.877533 0.000000 0.000000    -0.162032     0.789158 
59357.915143 0.000000 0.000000    -0.181769     0.763553 
59357.952754 0.000000 0.000000    -0.188159     0.727973 
59357.990364 0.000000 0.000000    -0.177422     0.680938 
59358.027974 0.000000 0.000000    -0.147409     0.621446 
59358.065584 0.000000 0.000000    -0.098564     0.549597 
59358.103194 0.000000 0.000000    -0.034388     0.469895 
59358.140804 0.000000 0.000000     0.038822     0.406514 
59358.178414 0.000000 0.000000     0.112940     0.415401 
59358.216025 0.000000 0.000000     0.179481     0.486236 
59358.253635 0.000000 0.000000     0.231188     0.565508 
59358.291245 0.000000 0.000000     0.263332     0.635188 
59358.328855 0.000000 0.000000     0.274386     0.692227 
59358.366465 0.000000 0.000000     0.265957     0.736849 
59358.404075 0.000000 0.000000     0.242059     0.770199 
59358.441686 0.000000 0.000000     0.207994     0.793863 
59358.479296 0.000000 0.000000     0.169152     0.809693 
59358.516906 0.000000 0.000000     0.130020     0.819606 
59358.554516 0.000000 0.000000     0.093543     0.825381 
59358.592126 0.000000 0.000000     0.060859     0.828492 
59358.629736 0.000000 0.000000     0.031342     0.830029 
59358.667347 0.000000 0.000000     0.002810     0.830701 
59358.704957 0.000000 0.000000    -0.028173     0.830898 
59358.742567 0.000000 0.000000    -0.065959     0.830754 
59358.780177 0.000000 0.000000    -0.115391     0.830185 
59358.817787 0.000000 0.000000    -0.181243     0.828880 
59358.855397 0.000000 0.000000    -0.267454     0.826251 
59358.893007 0.000000 0.000000    -0.376176     0.821386 
59358.930618 0.000000 0.000000    -0.506758     0.813027 
59358.968228 0.000000 0.000000    -0.654900     0.799611 
59359.005838 0.000000 0.000000    -0.812282     0.779356 
59359.043448 0.000000 0.000000    -0.966944     0.750381 
59359.081058 0.000000 0.000000    -1.104560     0.710806 
59359.118668 0.000000 0.000000    -1.210500     0.658851 
59359.156279 0.000000 0.000000    -1.272321     0.593114 
59359.193889 0.000000 0.000000    -1.282120     0.514055 
59359.231499 0.000000 0.000000    -1.238159     0.432522 
59359.269109 0.000000 0.000000    -1.145302     0.399395 
59359.306719 0.000000 0.000000    -1.014134     0.456730 
59359.344329 0.000000 0.000000    -0.858975     0.542743 
59359.381939 0.000000 0.000000    -0.695321     0.620625 
59359.419550 0.000000 0.000000    -0.537333     0.683848 
59359.457160 0.000000 0.000000    -0.395945     0.732540 
59359.494770 0.000000 0.000000    -0.277917     0.768300 
59359.532380 0.000000 0.000000    -0.185860     0.793226 
59359.569990 0.000000 0.000000    -0.119025     0.809591 
59359.607600 0.000000 0.000000    -0.074488     0.819600 
59359.645211 0.000000 0.000000    -0.048383     0.825159 
59359.682821 0.000000 0.000000    -0.036885     0.827670 
59359.720431 0.000000 0.000000    -0.036823     0.827901 
59359.758041 0.000000 0.000000    -0.045887     0.825908 
59359.795651 0.000000 0.000000    -0.062513     0.821016 
59359.833261 0.000000 0.000000    -0.085557     0.811847 
59359.870871 0.000000 0.000000    -0.113896     0.796422 
59359.908482 0.000000 0.000000    -0.146077     0.772354 
59359.946092 0.000000 0.000000    -0.180102     0.737145 
59359.983702 0.000000 0.000000    -0.213410     0.688641 
59360.021312 0.000000 0.000000    -0.243077     0.625957 
59360.058922 0.000000 0.000000    -0.266181     0.552364 
59360.096532 0.000000 0.000000    -0.280259     0.485429 
59360.134143 0.000000 0.000000    -0.283738     0.470427 
59360.171753 0.000000 0.000000    -0.276225     0.523149 
59360.209363 0.000000 0.000000    -0.258587     0.597647 
59360.246973 0.000000 0.000000    -0.232786     0.665477 
59360.284583 0.000000 0.000000    -0.201523     0.719617 
59360.322193 0.000000 0.000000    -0.167778     0.759876 
59360.359804 0.000000 0.000000    -0.134354     0.788072 
59360.397414 0.000000 0.000000    -0.103522     0.806647 
59360.435024 0.000000 0.000000    -0.076832     0.818104 
59360.472634 0.000000 0.000000    -0.055096     0.824687 
59360.510244 0.000000 0.000000    -0.038509     0.828194 
59360.547854 0.000000 0.000000    -0.026874     0.829920 
59360.585464 0.000000 0.000000    -0.019846     0.830698 
59360.623075 0.000000 0.000000    -0.017163     0.831003 
59360.660685 0.000000 0.000000    -0.018828     0.831060 
59360.698295 0.000000 0.000000    -0.025200     0.830916 
59360.735905 0.000000 0.000000    -0.037001     0.830457 
59360.773515 0.000000 0.000000    -0.055205     0.829368 
59360.811125 0.000000 0.000000    -0.080824     0.827044 
59360.848736 0.000000 0.000000    -0.114596     0.822476 
59360.886346 0.000000 0.000000    -0.156615     0.814171 
59360.923956 0.000000 0.000000    -0.205981     0.800143 
59360.961566 0.000000 0.000000    -0.260554     0.778022 
59360.999176 0.000000 0.000000    -0.316921     0.745291 
59361.036786 0.000000 0.000000    -0.370637     0.699678 
59361.074396 0.000000 0.000000    -0.416745     0.639915 
59361.112007 0.000000 0.000000    -0.450509     0.567954 
59361.149617 0.000000 0.000000    -0.468208     0.496907 
59361.187227 0.000000 0.000000    -0.467810     0.467117 
59361.224837 0.000000 0.000000    -0.449355     0.508692 
59361.262447 0.000000 0.000000    -0.414947     0.581980 
59361.300057 0.000000 0.000000    -0.368360     0.652125 
59361.337668 0.000000 0.000000    -0.314350     0.709241 
59361.375278 0.000000 0.000000    -0.257857     0.752304 
59361.412888 0.000000 0.000000    -0.203268     0.782867 
59361.450498 0.000000 0.000000    -0.153888     0.803288 
59361.488108 0.000000 0.000000    -0.111695     0.816079 
59361.525718 0.000000 0.000000    -0.077347     0.823547 
59361.563328 0.000000 0.000000    -0.050404     0.827585 
59361.600939 0.000000 0.000000    -0.029633     0.829572 
59361.638549 0.000000 0.000000    -0.013335     0.830382 
59361.676159 0.000000 0.000000     0.000367     0.830442 
59361.713769 0.000000 0.000000     0.013313     0.829785 
59361.751379 0.000000 0.000000     0.027137     0.828053 
59361.788989 0.000000 0.000000     0.043124     0.824448 
59361.826600 0.000000 0.000000     0.062087     0.817673 
59361.864210 0.000000 0.000000     0.084246     0.805906 
59361.901820 0.000000 0.000000     0.109142     0.786879 
59361.939430 0.000000 0.000000     0.135611     0.758073 
59361.977040 0.000000 0.000000     0.161872     0.717055 
59362.014650 0.000000 0.000000     0.185728     0.662057 
59362.052261 0.000000 0.000000     0.204879     0.593469 
59362.089871 0.000000 0.000000     0.217302     0.519048 
59362.127481 0.000000 0.000000     0.221607     0.469135 
59362.165091 0.000000 0.000000     0.217301     0.488581 
59362.202701 0.000000 0.000000     0.204879     0.557057 
59362.240311 0.000000 0.000000     0.185735     0.630333 
59362.277921 0.000000 0.000000     0.161904     0.692214 
59362.315532 0.000000 0.000000     0.135709     0.739863 
59362.353142 0.000000 0.000000     0.109395     0.774303 
59362.390752 0.000000 0.000000     0.084833     0.797748 
59362.428362 0.000000 0.000000     0.063347     0.812729 
59362.465972 0.000000 0.000000     0.045682     0.821667 
59362.503582 0.000000 0.000000     0.032089     0.826624 
59362.541193 0.000000 0.000000     0.022499     0.829167 
59362.578803 0.000000 0.000000     0.016737     0.830370 
59362.616413 0.000000 0.000000     0.014727     0.830886 
59362.654023 0.000000 0.000000     0.016671     0.831066 
59362.691633 0.000000 0.000000     0.023151     0.831054 
59362.729243 0.000000 0.000000     0.035137     0.830841 
59362.766853 0.000000 0.000000     0.053871     0.830267 
59362.804464 0.000000 0.000000     0.080586     0.828972 
59362.842074 0.000000 0.000000     0.116081     0.826312 
59362.879684 0.000000 0.000000     0.160175     0.821282 
59362.917294 0.000000 0.000000     0.211150     0.812493 
59362.954904 0.000000 0.000000     0.265364     0.798233 
59362.992514 0.000000 0.000000     0.317206     0.776645 
59363.030125 0.000000 0.000000     0.359559     0.745984 
59363.067735 0.000000 0.000000     0.384824     0.704949 
59363.105345 0.000000 0.000000     0.386367     0.653155 
59363.142955 0.000000 0.000000     0.360086     0.592147 
59363.180565 0.000000 0.000000     0.305685     0.528322 
59363.218175 0.000000 0.000000     0.227229     0.479889 
59363.255785 0.000000 0.000000     0.132745     0.475949 
59363.293396 0.000000 0.000000     0.032882     0.518573 
59363.331006 0.000000 0.000000    -0.061072     0.579307 
59363.368616 0.000000 0.000000    -0.139284     0.638916 
59363.406226 0.000000 0.000000    -0.195069     0.690663 
59363.443836 0.000000 0.000000    -0.225757     0.732837 
59363.481446 0.000000 0.000000    -0.232624     0.765517 
59363.519057 0.000000 0.000000    -0.220003     0.789568 
59363.556667 0.000000 0.000000    -0.193939     0.806292 
59363.594277 0.000000 0.000000    -0.160782     0.817212 
59363.631887 0.000000 0.000000    -0.126065     0.823865 
59363.669497 0.000000 0.000000    -0.093839     0.827627 
59363.707107 0.000000 0.000000    -0.066493     0.829594 
59363.744718 0.000000 0.000000    -0.044939     0.830542 
59363.782328 0.000000 0.000000    -0.029012     0.830962 
59363.819938 0.000000 0.000000    -0.017912     0.831133 
59363.857548 0.000000 0.000000    -0.010586     0.831198 
59363.895158 0.000000 0.000000    -0.005994     0.831220 
59363.932768 0.000000 0.000000    -0.003253     0.831227 
59363.970378 0.000000 0.000000    -0.001693     0.831229 
59364.007989 0.000000 0.000000    -0.000846     0.831230 
59364.045599 0.000000 0.000000    -0.000405     0.831230 
59364.083209 0.000000 0.000000    -0.000187     0.831230 
59364.120819 0.000000 0.000000    -0.000082     0.831230 
59364.158429 0.000000 0.000000    -0.000034     0.831230 
59364.196039 0.000000 0.000000    -0.000012     0.831230 
59364.233650 0.000000 0.000000    -0.000000     0.831230 
59364.271260 0.000000 0.000000     0.000011     0.831230 
59364.308870 0.000000 0.000000     0.000032     0.831230 
59364.346480 0.000000 0.000000     0.000075     0.831230 
59364.384090 0.000000 0.000000     0.000169     0.831230 
59364.421700 0.000000 0.000000     0.000365     0.831230 
59364.459310 0.000000 0.000000     0.000756     0.831230 
59364.496921 0.000000 0.000000     0.001507     0.831229 
59364.534531 0.000000 0.000000     0.002891     0.831225 
59364.572141 0.000000 0.000000     0.005333     0.831214 
59364.609751 0.000000 0.000000     0.009467     0.831180 
59364.647361 0.000000 0.000000     0.016164     0.831081 
59364.684971 0.000000 0.000000     0.026547     0.830821 
59364.722582 0.000000 0.000000     0.041934     0.830187 
59364.760192 0.000000 0.000000     0.063710     0.828765 
59364.797802 0.000000 0.000000     0.093091     0.825820 
59364.835412 0.000000 0.000000     0.130812     0.820187 
59364.873022 0.000000 0.000000     0.176770     0.810202 
59364.910632 0.000000 0.000000     0.229711     0.793731 
59364.948242 0.000000 0.000000     0.287045     0.768322 
59364.985853 0.000000 0.000000     0.344909     0.731486 
59365.023463 0.000000 0.000000     0.398506     0.681169 
59365.061073 0.000000 0.000000     0.442724     0.616794 
59365.098683 0.000000 0.000000     0.472925     0.542656 
59365.136293 0.000000 0.000000     0.485744     0.479496 
59365.173903 0.000000 0.000000     0.479707     0.474149 
59365.211514 0.000000 0.000000     0.455507     0.532296 
59365.249124 0.000000 0.000000     0.415879     0.606774 
59365.286734 0.000000 0.000000     0.365084     0.672977 
59365.324344 0.000000 0.000000     0.308162     0.725290 
59365.361954 0.000000 0.000000     0.250116     0.763912 
59365.399564 0.000000 0.000000     0.195218     0.790777 
59365.437175 0.000000 0.000000     0.146558     0.808347 
59365.474785 0.000000 0.000000     0.105897     0.819101 
59365.512395 0.000000 0.000000     0.073775     0.825229 
59365.550005 0.000000 0.000000     0.049806     0.828462 
59365.587615 0.000000 0.000000     0.033044     0.830029 
59365.625225 0.000000 0.000000     0.022338     0.830695 
59365.662835 0.000000 0.000000     0.016617     0.830861 
59365.700446 0.000000 0.000000     0.015061     0.830638 
59365.738056 0.000000 0.000000     0.017168     0.829876 
59365.775666 0.000000 0.000000     0.022728     0.828126 
59365.813276 0.000000 0.000000     0.031714     0.824556 
59365.850886 0.000000 0.000000     0.044134     0.817858 
59365.888496 0.000000 0.000000     0.059847     0.806216 
59365.926107 0.000000 0.000000     0.078409     0.787367 
59365.963717 0.000000 0.000000     0.098948     0.758796 
59366.001327 0.000000 0.000000     0.120148     0.718062 
59366.038937 0.000000 0.000000     0.140320     0.663375 
59366.076547 0.000000 0.000000     0.157602     0.595046 
59366.114157 0.000000 0.000000     0.170223     0.520555 
59366.151767 0.000000 0.000000     0.176800     0.469562 
59366.189378 0.000000 0.000000     0.176582     0.487413 
59366.226988 0.000000 0.000000     0.169596     0.555386 
59366.264598 0.000000 0.000000     0.156634     0.628807 
59366.302208 0.000000 0.000000     0.139112     0.690989 
59366.339818 0.000000 0.000000     0.118812     0.738946 
59366.377428 0.000000 0.000000     0.097583     0.773657 
59366.415039 0.000000 0.000000     0.077075     0.797320 
59366.452649 0.000000 0.000000     0.058546     0.812463 
59366.490259 0.000000 0.000000     0.042769     0.821514 
59366.527869 0.000000 0.000000     0.030049     0.826542 
59366.565479 0.000000 0.000000     0.020305     0.829128 
59366.603089 0.000000 0.000000     0.013197     0.830355 
59366.640699 0.000000 0.000000     0.008251     0.830893 
59366.678310 0.000000 0.000000     0.004962     0.831110 
59366.715920 0.000000 0.000000     0.002870     0.831190 
59366.753530 0.000000 0.000000     0.001597     0.831218 
59366.791140 0.000000 0.000000     0.000855     0.831226 
59366.828750 0.000000 0.000000     0.000441     0.831229 
59366.866360 0.000000 0.000000     0.000218     0.831230 
59366.903971 0.000000 0.000000     0.000104     0.831230 
59366.941581 0.000000 0.000000     0.000048     0.831230 
59366.979191 0.000000 0.000000     0.000021     0.831230 
59367.016801 0.000000 0.000000     0.000009     0.831230 
59367.054411 0.000000 0.000000     0.000004     0.831230 
59367.092021 0.000000 0.000000     0.000001     0.831230 
59367.129632 0.000000 0.000000     0.000001     0.831230 
59367.167242 0.000000 0.000000     0.000000     0.831230 
59367.204852 0.000000 0.000000     0.000000     0.831230 
59367.242462 0.000000 0.000000     0.000000     0.831230 
59367.280072 0.000000 0.000000     0.000000     0.831230 
59367.317682 0.000000 0.000000     0.000000     0.831230 
59367.355292 0.000000 0.000000     0.000000     0.831230 
59367.392903 0.000000 0.000000     0.000000     0.831230 
59367.430513 0.000000 0.000000     0.000000     0.831230 
59367.468123 0.000000 0.000000     0.000000     0.831230 
59367.505733 0.000000 0.000000     0.000000     0.831230 
59367.543343 0.000000 0.000000     0.000000     0.831230 
59367.580953 0.000000 0.000000     0.000000     0.831230 
59367.618564 0.000000 0.000000     0.000000     0.831230 
59367.656174 0.000000 0.000000     0.000000     0.831230 
59367.693784 0.000000 0.000000     0.000000     0.831230 
59367.731394 0.000000 0.000000     0.000000     0.831230 
59367.769004 0.000000 0.000000     0.000000     0.831230 
59367.806614 0.000000 0.000000    -0.000000     0.831230 
59367.844224 0.000000 0.000000    -0.000000     0.831230 
59367.881835 0.000000 0.000000    -0.000000     0.831230 
59367.919445 0.000000 0.000000    -0.000000     0.831230 
59367.957055 0.000000 0.000000    -0.000000     0.831230 
59367.994665 0.000000 0.000000    -0.000000     0.831230 
59368.032275 0.000000 0.000000    -0.000000     0.831230 
59368.069885 0.000000 0.000000    -0.000000     0.831230 
59368.107496 0.000000 0.000000    -0.000000     0.831230 
59368.145106 0.000000 0.000000    -0.000000     0.831230 
59368.182716 0.000000 0.000000    -0.000000     0.831230 
59368.220326 0.000000 0.000000    -0.000000     0.831230 
59368.257936 0.000000 0.000000    -0.000000     0.831230 
59368.295546 0.000000 0.000000    -0.000000     0.831230 
59368.333156 0.000000 0.000000    -0.000000     0.831230 
59368.370767 0.000000 0.000000    -0.000001     0.831230 
59368.408377 0.000000 0.000000    -0.000002     0.831230 
59368.445987 0.000000 0.000000    -0.000004     0.831230 
59368.483597 0.000000 0.000000    -0.000011     0.831230 
59368.521207 0.000000 0.000000    -0.000027     0.831230 
59368.558817 0.000000 0.000000    -0.000061     0.831230 
59368.596428 0.000000 0.000000    -0.000135     0.831230 
59368.634038 0.000000 0.000000    -0.000286     0.831229 
59368.671648 0.000000 0.000000    -0.000582     0.831226 
59368.709258 0.000000 0.000000    -0.001139     0.831217 
59368.746868 0.000000 0.000000    -0.002141     0.831187 
59368.784478 0.000000 0.000000    -0.003866     0.831102 
59368.822089 0.000000 0.000000    -0.006705     0.830873 
59368.859699 0.000000 0.000000    -0.011176     0.830310 
59368.897309 0.000000 0.000000    -0.017898     0.829029 
59368.934919 0.000000 0.000000    -0.027543     0.826346 
59368.972529 0.000000 0.000000    -0.040726     0.821155 
59369.010139 0.000000 0.000000    -0.057866     0.811852 
59369.047749 0.000000 0.000000    -0.079009     0.796354 
59369.085360 0.000000 0.000000    -0.103665     0.772227 
59369.122970 0.000000 0.000000    -0.130710     0.736957 
59369.160580 0.000000 0.000000    -0.158382     0.688387 
59369.198190 0.000000 0.000000    -0.184435     0.625639 
59369.235800 0.000000 0.000000    -0.206411     0.552021 
59369.273410 0.000000 0.000000    -0.222025     0.485211 
59369.311021 0.000000 0.000000    -0.229560     0.470565 
59369.348631 0.000000 0.000000    -0.228192     0.523507 
59369.386241 0.000000 0.000000    -0.218172     0.598011 
59369.423851 0.000000 0.000000    -0.200815     0.665780 
59369.461461 0.000000 0.000000    -0.178312     0.719849 
59369.499071 0.000000 0.000000    -0.153431     0.760038 
59369.536681 0.000000 0.000000    -0.129189     0.788168 
59369.574292 0.000000 0.000000    -0.108577     0.806663 
59369.611902 0.000000 0.000000    -0.094384     0.817984 
59369.649512 0.000000 0.000000    -0.089120     0.824272 
59369.687122 0.000000 0.000000    -0.094992     0.827103 
59369.724732 0.000000 0.000000    -0.113848     0.827341 
59369.762342 0.000000 0.000000    -0.147028     0.825061 
59369.799953 0.000000 0.000000    -0.195078     0.819550 
59369.837563 0.000000 0.000000    -0.257364     0.809357 
59369.875173 0.000000 0.000000    -0.331682     0.792433 
59369.912783 0.000000 0.000000    -0.414006     0.766351 
59369.950393 0.000000 0.000000    -0.498530     0.728638 
59369.988003 0.000000 0.000000    -0.578107     0.677290 
59370.025613 0.000000 0.000000    -0.645082     0.611901 
59370.063224 0.000000 0.000000    -0.692400     0.537407 
59370.100834 0.000000 0.000000    -0.714773     0.476557 
59370.138444 0.000000 0.000000    -0.709605     0.476798 
59370.176054 0.000000 0.000000    -0.677472     0.537873 
59370.213664 0.000000 0.000000    -0.621996     0.612350 
59370.251274 0.000000 0.000000    -0.549170     0.677657 
59370.288885 0.000000 0.000000    -0.466287     0.728916 
59370.326495 0.000000 0.000000    -0.380743     0.766553 
59370.364105 0.000000 0.000000    -0.298986     0.792587 
59370.401715 0.000000 0.000000    -0.225796     0.809509 
59370.439325 0.000000 0.000000    -0.163997     0.819797 
59370.476935 0.000000 0.000000    -0.114552     0.825616 
59370.514546 0.000000 0.000000    -0.076948     0.828666 
59370.552156 0.000000 0.000000    -0.049702     0.830143 
59370.589766 0.000000 0.000000    -0.030871     0.830801 
59370.627376 0.000000 0.000000    -0.018464     0.831068 
59370.664986 0.000000 0.000000    -0.010728     0.831157 
59370.702596 0.000000 0.000000    -0.006307     0.831149 
59370.740206 0.000000 0.000000    -0.004306     0.831037 
59370.777817 0.000000 0.000000    -0.004291     0.830721 
59370.815427 0.000000 0.000000    -0.006263     0.829964 
59370.853037 0.000000 0.000000    -0.010596     0.828298 
59370.890647 0.000000 0.000000    -0.017953     0.824923 
59370.928257 0.000000 0.000000    -0.029153     0.818593 
59370.965867 0.000000 0.000000    -0.044977     0.807579 
59371.003478 0.000000 0.000000    -0.065930     0.789713 
59371.041088 0.000000 0.000000    -0.091979     0.762564 
59371.078698 0.000000 0.000000    -0.122326     0.723737 
59371.116308 0.000000 0.000000    -0.155304     0.671380 
59371.153918 0.000000 0.000000    -0.188432     0.605393 
59371.191528 0.000000 0.000000    -0.218683     0.531493 
59371.229138 0.000000 0.000000    -0.242925     0.474140 
59371.266749 0.000000 0.000000    -0.258449     0.479504 
59371.304359 0.000000 0.000000    -0.263473     0.541930 
59371.341969 0.000000 0.000000    -0.257471     0.615513 
59371.379579 0.000000 0.000000    -0.241273     0.679659 
59371.417189 0.000000 0.000000    -0.216875     0.729997 
59371.454799 0.000000 0.000000    -0.187055     0.767017 
59371.492410 0.000000 0.000000    -0.154858     0.792694 
59371.530020 0.000000 0.000000    -0.123121     0.809450 
59371.567630 0.000000 0.000000    -0.094101     0.819687 
59371.605240 0.000000 0.000000    -0.069296     0.825514 
59371.642850 0.000000 0.000000    -0.049444     0.828586 
59371.680460 0.000000 0.000000    -0.034659     0.830064 
59371.718070 0.000000 0.000000    -0.024643     0.830666 
59371.755681 0.000000 0.000000    -0.018905     0.830740 
59371.793291 0.000000 0.000000    -0.016928     0.830328 
59371.830901 0.000000 0.000000    -0.018268     0.829174 
59371.868511 0.000000 0.000000    -0.022574     0.826667 
59371.906121 0.000000 0.000000    -0.029535     0.821756 
59371.943731 0.000000 0.000000    -0.038795     0.812886 
59371.981342 0.000000 0.000000    -0.049856     0.798005 
59372.018952 0.000000 0.000000    -0.062012     0.774693 
59372.056562 0.000000 0.000000    -0.074336     0.740419 
59372.094172 0.000000 0.000000    -0.085736     0.692962 
59372.131782 0.000000 0.000000    -0.095076     0.631271 
59372.169392 0.000000 0.000000    -0.101346     0.558088 
59372.207003 0.000000 0.000000    -0.103822     0.489305 
59372.244613 0.000000 0.000000    -0.102198     0.468856 
59372.282223 0.000000 0.000000    -0.096636     0.518073 
59372.319833 0.000000 0.000000    -0.087716     0.592443 
59372.357443 0.000000 0.000000    -0.076307     0.661195 
59372.395053 0.000000 0.000000    -0.063372     0.716392 
59372.432663 0.000000 0.000000    -0.049748     0.757592 
59372.470274 0.000000 0.000000    -0.035946     0.786543 
59372.507884 0.000000 0.000000    -0.021996     0.805666 
59372.545494 0.000000 0.000000    -0.007363     0.817455 
59372.583104 0.000000 0.000000     0.009071     0.824119 
59372.620714 0.000000 0.000000     0.028923     0.827343 
59372.658324 0.000000 0.000000     0.054142     0.828145 
59372.695935 0.000000 0.000000     0.086729     0.826811 
59372.733545 0.000000 0.000000     0.128357     0.822877 
59372.771155 0.000000 0.000000     0.179925     0.815161 
