# time Tc_folded Tref_folded value value_err offset model full_model val_compare val_compare_err residuals residuals_err jitter jitter_flag offset_flag subset_flag 
2452937.547371 1.417308 1.000000 -2.900000 0.600000 0.299725 -1.413118 -2.248701 -2.064417 0.600000 -0.651299 0.600000 2.399026  -1   0  -1 
2453149.838415 12.222146 0.321754 -2.100000 0.600000 0.299725 -0.913382 -2.039645 -0.973737 0.600000 -0.060355 0.600000 2.399026  -1   0  -1 
2453149.916798 12.300529 0.324088 -0.000000 0.600000 0.299725 -0.900072 -2.100334 1.200262 0.600000 2.100334 0.600000 2.399026  -1   0  -1 
2453150.817130 13.200861 0.350899 0.100000 0.800000 0.299725 -0.747381 -2.627217 1.979836 0.800000 2.727217 0.800000 2.399026  -1   0  -1 
2453157.855306 -13.341997 0.560487 4.500000 0.700000 0.299725 0.478004 2.137046 2.840958 0.700000 2.362954 0.700000 2.399026  -1   0  -1 
2453288.510985 16.570578 0.451245 4.900000 1.000000 0.299725 -0.173887 1.989056 2.737057 1.000000 2.910944 1.000000 2.399026  -1   0  -1 
2453288.512073 16.571666 0.451277 3.600000 1.000000 0.299725 -0.173700 1.989149 1.437151 1.000000 1.610851 1.000000 2.399026  -1   0  -1 
2453288.513115 16.572708 0.451308 3.700000 1.000000 0.299725 -0.173521 1.989238 1.537241 1.000000 1.710762 1.000000 2.399026  -1   0  -1 
2453288.514168 16.573761 0.451340 3.600000 1.000000 0.299725 -0.173339 1.989327 1.437333 1.000000 1.610673 1.000000 2.399026  -1   0  -1 
2453288.515209 16.574802 0.451371 4.600000 1.200000 0.299725 -0.173160 1.989415 2.437425 1.200000 2.610585 1.200000 2.399026  -1   0  -1 
2453288.516274 16.575867 0.451402 3.500000 1.100000 0.299725 -0.172977 1.989504 1.337519 1.100000 1.510496 1.100000 2.399026  -1   0  -1 
2453288.517350 16.576943 0.451434 3.000000 1.000000 0.299725 -0.172792 1.989593 0.837615 1.000000 1.010407 1.000000 2.399026  -1   0  -1 
2453288.518392 16.577985 0.451465 3.500000 1.000000 0.299725 -0.172612 1.989679 1.337709 1.000000 1.510321 1.000000 2.399026  -1   0  -1 
2453288.519457 16.579050 0.451497 6.300000 1.000000 0.299725 -0.172429 1.989766 4.137805 1.000000 4.310234 1.000000 2.399026  -1   0  -1 
2453288.520522 16.580115 0.451529 2.000000 1.000000 0.299725 -0.172246 1.989853 -0.162099 1.000000 0.010147 1.000000 2.399026  -1   0  -1 
2453289.509851 -16.011590 0.480990 -0.200000 1.000000 0.299725 -0.000829 1.807036 -2.007865 1.000000 -2.007036 1.000000 2.399026  -1   0  -1 
2453289.510916 -16.010525 0.481022 1.000000 1.000000 0.299725 -0.000643 1.806559 -0.807202 1.000000 -0.806559 1.000000 2.399026  -1   0  -1 
2453289.511969 -16.009472 0.481053 2.400000 0.900000 0.299725 -0.000460 1.806087 0.593453 0.900000 0.593913 0.900000 2.399026  -1   0  -1 
2453289.515151 -16.006290 0.481148 -0.600000 1.000000 0.299725 0.000096 1.804657 -2.404562 1.000000 -2.404657 1.000000 2.399026  -1   0  -1 
2453289.516193 -16.005248 0.481179 0.200000 0.900000 0.299725 0.000278 1.804188 -1.603910 0.900000 -1.604188 0.900000 2.399026  -1   0  -1 
2453289.517235 -16.004206 0.481210 4.100000 0.900000 0.299725 0.000460 1.803718 2.296741 0.900000 2.296282 0.900000 2.399026  -1   0  -1 
2453289.518276 -16.003165 0.481241 -0.100000 1.000000 0.299725 0.000641 1.803248 -1.902607 1.000000 -1.903248 1.000000 2.399026  -1   0  -1 
2453289.519364 -16.002077 0.481273 2.300000 0.900000 0.299725 0.000831 1.802757 0.498075 0.900000 0.497243 0.900000 2.399026  -1   0  -1 
2453289.520383 -16.001058 0.481303 1.300000 0.900000 0.299725 0.001009 1.802295 -0.501286 0.900000 -0.502295 0.900000 2.399026  -1   0  -1 
2453289.521459 -15.999982 0.481335 2.600000 0.900000 0.299725 0.001197 1.801808 0.799389 0.900000 0.798192 0.900000 2.399026  -1   0  -1 
2453289.535926 -15.985515 0.481766 -1.600000 1.100000 0.299725 0.003723 1.795197 -3.391474 1.100000 -3.395197 1.100000 2.399026  -1   0  -1 
2453289.536990 -15.984451 0.481798 -0.300000 1.000000 0.299725 0.003908 1.794706 -2.090798 1.000000 -2.094706 1.000000 2.399026  -1   0  -1 
2453289.538078 -15.983363 0.481830 3.100000 1.000000 0.299725 0.004098 1.794204 1.309894 1.000000 1.305796 1.000000 2.399026  -1   0  -1 
2453289.539120 -15.982321 0.481861 0.600000 1.000000 0.299725 0.004280 1.793723 -1.189443 1.000000 -1.193723 1.000000 2.399026  -1   0  -1 
2453289.540138 -15.981303 0.481892 -1.600000 0.900000 0.299725 0.004458 1.793252 -3.388794 0.900000 -3.393252 0.900000 2.399026  -1   0  -1 
2453289.541238 -15.980203 0.481924 0.800000 1.100000 0.299725 0.004650 1.792743 -0.988093 1.100000 -0.992743 1.100000 2.399026  -1   0  -1 
2453289.542256 -15.979185 0.481955 0.800000 1.000000 0.299725 0.004828 1.792271 -0.987443 1.000000 -0.992271 1.000000 2.399026  -1   0  -1 
2453289.543321 -15.978120 0.481987 0.600000 1.000000 0.299725 0.005014 1.791776 -1.186763 1.000000 -1.191776 1.000000 2.399026  -1   0  -1 
2453289.544351 -15.977090 0.482017 -0.800000 1.000000 0.299725 0.005194 1.791298 -2.586104 1.000000 -2.591298 1.000000 2.399026  -1   0  -1 
2453289.545404 -15.976037 0.482049 0.000000 1.000000 0.299725 0.005377 1.790808 -1.785430 1.000000 -1.790808 1.000000 2.399026  -1   0  -1 
2453289.550820 -15.970621 0.482210 0.900000 1.000000 0.299725 0.006323 1.788280 -0.881956 1.000000 -0.888280 1.000000 2.399026  -1   0  -1 
2453289.551862 -15.969579 0.482241 -0.000000 0.900000 0.299725 0.006505 1.787792 -1.781286 0.900000 -1.787792 0.900000 2.399026  -1   0  -1 
2453289.552915 -15.968526 0.482272 0.800000 0.900000 0.299725 0.006689 1.787298 -0.980609 0.900000 -0.987298 0.900000 2.399026  -1   0  -1 
2453290.516529 -15.004912 0.510967 2.000000 1.300000 0.299725 0.176441 1.126985 1.049456 1.300000 0.873015 1.300000 2.399026  -1   0  -1 
2453290.517582 -15.003859 0.510999 -0.000000 1.300000 0.299725 0.176629 1.126071 -0.949443 1.300000 -1.126071 1.300000 2.399026  -1   0  -1 
2453290.518612 -15.002829 0.511029 2.400000 1.300000 0.299725 0.176812 1.125177 1.451635 1.300000 1.274823 1.300000 2.399026  -1   0  -1 
2453290.519665 -15.001776 0.511061 -3.000000 1.300000 0.299725 0.176999 1.124263 -3.947264 1.300000 -4.124263 1.300000 2.399026  -1   0  -1 
2453290.520730 -15.000711 0.511092 3.100000 1.500000 0.299725 0.177188 1.123338 2.153851 1.500000 1.976662 1.500000 2.399026  -1   0  -1 
2453290.521737 -14.999704 0.511122 0.700000 1.500000 0.299725 0.177367 1.122463 -0.245095 1.500000 -0.422463 1.500000 2.399026  -1   0  -1 
2453290.522824 -14.998617 0.511155 -1.700000 1.700000 0.299725 0.177561 1.121518 -2.643957 1.700000 -2.821518 1.700000 2.399026  -1   0  -1 
2453290.523878 -14.997563 0.511186 1.700000 1.700000 0.299725 0.177748 1.120602 0.757147 1.700000 0.579398 1.700000 2.399026  -1   0  -1 
2453290.524942 -14.996499 0.511218 0.300000 1.500000 0.299725 0.177937 1.119676 -0.641739 1.500000 -0.819676 1.500000 2.399026  -1   0  -1 
2453290.525972 -14.995469 0.511249 -3.000000 1.600000 0.299725 0.178121 1.118780 -3.940659 1.600000 -4.118780 1.600000 2.399026  -1   0  -1 
2453293.491230 -12.030211 0.599550 0.300000 1.400000 0.299725 0.726087 -1.395986 2.422073 1.400000 1.695986 1.400000 2.399026  -1   0  -1 
2453293.492283 -12.029158 0.599582 1.500000 1.400000 0.299725 0.726290 -1.396452 3.622743 1.400000 2.896452 1.400000 2.399026  -1   0  -1 
2453293.493371 -12.028070 0.599614 0.800000 1.200000 0.299725 0.726501 -1.396934 2.923434 1.200000 2.196934 1.200000 2.399026  -1   0  -1 
2453293.494459 -12.026982 0.599646 -3.100000 1.200000 0.299725 0.726711 -1.397415 -0.975874 1.200000 -1.702585 1.200000 2.399026  -1   0  -1 
2453293.495489 -12.025952 0.599677 0.900000 1.400000 0.299725 0.726910 -1.397870 3.024779 1.400000 2.297870 1.400000 2.399026  -1   0  -1 
2453293.496507 -12.024934 0.599707 -0.800000 1.200000 0.299725 0.727107 -1.398319 1.325425 1.200000 0.598319 1.200000 2.399026  -1   0  -1 
2453293.497630 -12.023811 0.599741 -2.900000 1.200000 0.299725 0.727324 -1.398813 -0.773863 1.200000 -1.501187 1.200000 2.399026  -1   0  -1 
2453293.498671 -12.022770 0.599772 -0.400000 1.200000 0.299725 0.727525 -1.399272 1.726796 1.200000 0.999272 1.200000 2.399026  -1   0  -1 
2453294.486901 -11.034540 0.629200 -0.900000 0.900000 0.299725 0.921925 -1.613665 1.635591 0.900000 0.713665 0.900000 2.399026  -1   0  -1 
2453294.488846 -11.032595 0.629258 -3.600000 0.800000 0.299725 0.922315 -1.613651 -1.064034 0.800000 -1.986349 0.800000 2.399026  -1   0  -1 
2453294.490721 -11.030720 0.629314 0.100000 0.800000 0.299725 0.922691 -1.613636 2.636327 0.800000 1.713636 0.800000 2.399026  -1   0  -1 
2453294.492758 -11.028683 0.629374 -2.600000 0.800000 0.299725 0.923099 -1.613618 -0.063283 0.800000 -0.986382 0.800000 2.399026  -1   0  -1 
2453294.494702 -11.026739 0.629432 -1.800000 0.800000 0.299725 0.923488 -1.613599 0.737088 0.800000 -0.186401 0.800000 2.399026  -1   0  -1 
2453295.508972 -10.012469 0.659636 -1.000000 0.800000 0.299725 1.130803 -1.383250 1.514053 0.800000 0.383250 0.800000 2.399026  -1   0  -1 
2453295.510014 -10.011427 0.659667 -4.300000 0.800000 0.299725 1.131021 -1.382799 -1.786180 0.800000 -2.917201 0.800000 2.399026  -1   0  -1 
2453295.511090 -10.010351 0.659699 -6.900000 0.900000 0.299725 1.131245 -1.382333 -4.386422 0.900000 -5.517667 0.900000 2.399026  -1   0  -1 
2453295.512132 -10.009309 0.659730 -1.300000 0.800000 0.299725 1.131462 -1.381881 1.213344 0.800000 0.081881 0.800000 2.399026  -1   0  -1 
2453295.513196 -10.008245 0.659762 -2.900000 0.900000 0.299725 1.131684 -1.381420 -0.386896 0.900000 -1.518580 0.900000 2.399026  -1   0  -1 
2453295.514250 -10.007191 0.659793 -4.400000 0.900000 0.299725 1.131904 -1.380962 -1.887134 0.900000 -3.019038 0.900000 2.399026  -1   0  -1 
2453295.515291 -10.006150 0.659824 -5.500000 0.900000 0.299725 1.132121 -1.380509 -2.987369 0.900000 -4.119491 0.900000 2.399026  -1   0  -1 
2453295.516344 -10.005097 0.659855 -4.600000 0.900000 0.299725 1.132341 -1.380051 -2.087608 0.900000 -3.219949 0.900000 2.399026  -1   0  -1 
2453295.517409 -10.004032 0.659887 -0.300000 0.900000 0.299725 1.132563 -1.379587 2.212150 0.900000 1.079587 0.900000 2.399026  -1   0  -1 
2453295.518439 -10.003002 0.659918 -3.300000 0.900000 0.299725 1.132778 -1.379138 -0.788084 0.900000 -1.920862 0.900000 2.399026  -1   0  -1 
2453297.507029 -8.014412 0.719135 0.200000 1.100000 0.299725 1.564058 0.114834 1.649223 1.100000 0.085166 1.100000 2.399026  -1   0  -1 
2453297.508082 -8.013359 0.719167 3.300000 1.100000 0.299725 1.564294 0.115890 4.748405 1.100000 3.184110 1.100000 2.399026  -1   0  -1 
2453297.509135 -8.012306 0.719198 1.500000 1.000000 0.299725 1.564531 0.116945 2.947586 1.000000 1.383055 1.000000 2.399026  -1   0  -1 
2453297.510212 -8.011229 0.719230 0.500000 1.000000 0.299725 1.564773 0.118025 1.946748 1.000000 0.381975 1.000000 2.399026  -1   0  -1 
2453297.511253 -8.010188 0.719261 0.500000 1.000000 0.299725 1.565007 0.119069 1.945938 1.000000 0.380931 1.000000 2.399026  -1   0  -1 
2453297.512330 -8.009111 0.719293 1.400000 1.000000 0.299725 1.565249 0.120149 2.845100 1.000000 1.279851 1.000000 2.399026  -1   0  -1 
2453297.513371 -8.008070 0.719324 0.300000 0.900000 0.299725 1.565483 0.121193 1.744290 0.900000 0.178807 0.900000 2.399026  -1   0  -1 
2453297.514413 -8.007028 0.719355 0.900000 0.900000 0.299725 1.565717 0.122239 2.343478 0.900000 0.777761 0.900000 2.399026  -1   0  -1 
2453297.515478 -8.005963 0.719387 2.700000 1.000000 0.299725 1.565956 0.123307 4.142649 1.000000 2.576693 1.000000 2.399026  -1   0  -1 
2453297.516554 -8.004887 0.719419 -0.200000 1.000000 0.299725 1.566198 0.124387 1.241811 1.000000 -0.324387 1.000000 2.399026  -1   0  -1 
2453297.634786 -7.886655 0.722940 0.600000 1.500000 0.299725 1.592818 0.244324 1.948495 1.500000 0.355676 1.500000 2.399026  -1   0  -1 
2453297.635828 -7.885613 0.722971 -1.600000 1.300000 0.299725 1.593053 0.245391 -0.252338 1.300000 -1.845391 1.300000 2.399026  -1   0  -1 
2453297.636893 -7.884548 0.723003 0.300000 1.400000 0.299725 1.593294 0.246483 1.646811 1.400000 0.053517 1.400000 2.399026  -1   0  -1 
2453297.637946 -7.883495 0.723034 3.100000 1.500000 0.299725 1.593531 0.247563 4.445968 1.500000 2.852437 1.500000 2.399026  -1   0  -1 
2453297.639011 -7.882430 0.723066 3.300000 1.300000 0.299725 1.593771 0.248655 4.645117 1.300000 3.051345 1.300000 2.399026  -1   0  -1 
2453297.640075 -7.881366 0.723097 -0.300000 1.400000 0.299725 1.594011 0.249746 1.044265 1.400000 -0.549746 1.400000 2.399026  -1   0  -1 
2453297.641106 -7.880335 0.723128 0.300000 1.600000 0.299725 1.594244 0.250804 1.643440 1.600000 0.049196 1.600000 2.399026  -1   0  -1 
2453297.642228 -7.879213 0.723162 0.700000 1.400000 0.299725 1.594497 0.251955 2.042542 1.400000 0.448045 1.400000 2.399026  -1   0  -1 
2453297.643304 -7.878137 0.723194 2.800000 1.400000 0.299725 1.594740 0.253059 4.141681 1.400000 2.546941 1.400000 2.399026  -1   0  -1 
2453297.644346 -7.877095 0.723225 3.800000 1.600000 0.299725 1.594975 0.254128 5.140847 1.600000 3.545872 1.600000 2.399026  -1   0  -1 
2453298.514691 -7.006750 0.749142 3.300000 1.100000 0.299725 1.793258 1.199805 3.893453 1.100000 2.100195 1.100000 2.399026  -1   0  -1 
2453298.515803 -7.005638 0.749175 9.000000 1.300000 0.299725 1.793513 1.201064 9.592449 1.300000 7.798936 1.300000 2.399026  -1   0  -1 
2453298.516821 -7.004620 0.749206 0.700000 1.000000 0.299725 1.793747 1.202217 1.291529 1.000000 -0.502217 1.000000 2.399026  -1   0  -1 
2453298.517863 -7.003578 0.749237 0.700000 1.100000 0.299725 1.793986 1.203397 1.290588 1.100000 -0.503397 1.100000 2.399026  -1   0  -1 
2453298.518939 -7.002502 0.749269 -0.700000 1.000000 0.299725 1.794232 1.204616 -0.110384 1.000000 -1.904616 1.000000 2.399026  -1   0  -1 
2453298.520004 -7.001437 0.749301 -1.000000 0.900000 0.299725 1.794477 1.205822 -0.411346 0.900000 -2.205822 0.900000 2.399026  -1   0  -1 
2453298.521045 -7.000396 0.749332 0.900000 0.900000 0.299725 1.794715 1.207001 1.487714 0.900000 -0.307001 0.900000 2.399026  -1   0  -1 
2453298.522122 -6.999319 0.749364 0.100000 1.000000 0.299725 1.794962 1.208221 0.686741 1.000000 -1.108221 1.000000 2.399026  -1   0  -1 
2453298.523186 -6.998255 0.749395 0.900000 0.900000 0.299725 1.795206 1.209427 1.485780 0.900000 -0.309427 0.900000 2.399026  -1   0  -1 
2453298.524239 -6.997202 0.749427 -0.300000 0.900000 0.299725 1.795448 1.210620 0.284828 0.900000 -1.510620 0.900000 2.399026  -1   0  -1 
2453298.614916 -6.906525 0.752127 2.400000 1.000000 0.299725 1.816252 1.313631 2.902621 1.000000 1.086369 1.000000 2.399026  -1   0  -1 
2453298.615946 -6.905495 0.752158 -4.300000 1.100000 0.299725 1.816488 1.314804 -3.798316 1.100000 -5.614804 1.100000 2.399026  -1   0  -1 
2453298.617046 -6.904395 0.752190 -0.800000 1.100000 0.299725 1.816740 1.316057 -0.299317 1.100000 -2.116057 1.100000 2.399026  -1   0  -1 
2453298.618099 -6.903342 0.752222 1.700000 1.200000 0.299725 1.816982 1.317256 2.199726 1.200000 0.382744 1.200000 2.399026  -1   0  -1 
2453298.619152 -6.902289 0.752253 2.500000 1.200000 0.299725 1.817224 1.318456 2.998768 1.200000 1.181544 1.200000 2.399026  -1   0  -1 
2453298.620217 -6.901224 0.752285 -1.000000 1.600000 0.299725 1.817468 1.319669 -0.502201 1.600000 -2.319669 1.600000 2.399026  -1   0  -1 
2453298.621328 -6.900113 0.752318 1.400000 1.400000 0.299725 1.817723 1.320935 1.896788 1.400000 0.079065 1.400000 2.399026  -1   0  -1 
2453298.622300 -6.899141 0.752347 2.900000 1.400000 0.299725 1.817946 1.322042 3.395904 1.400000 1.577958 1.400000 2.399026  -1   0  -1 
2453298.623411 -6.898030 0.752380 -0.200000 1.500000 0.299725 1.818201 1.323308 0.294893 1.500000 -1.523308 1.500000 2.399026  -1   0  -1 
2453298.624441 -6.897000 0.752411 -3.000000 1.500000 0.299725 1.818437 1.324481 -2.506044 1.500000 -4.324481 1.500000 2.399026  -1   0  -1 
2453308.509601 2.988160 0.046778 -5.500000 0.600000 0.299725 -2.070282 -4.569754 -3.000528 0.600000 -0.930246 0.600000 2.399026  -1   0  -1 
2453308.511684 2.990243 0.046840 -5.700000 0.600000 0.299725 -2.070605 -4.570721 -3.199884 0.600000 -1.129279 0.600000 2.399026  -1   0  -1 
2453308.513744 2.992303 0.046901 -5.700000 0.700000 0.299725 -2.070924 -4.571674 -3.199250 0.700000 -1.128326 0.700000 2.399026  -1   0  -1 
2453308.515908 2.994467 0.046966 -7.900000 0.700000 0.299725 -2.071258 -4.572672 -5.398586 0.700000 -3.327328 0.700000 2.399026  -1   0  -1 
2453308.517922 2.996481 0.047026 -4.200000 0.700000 0.299725 -2.071568 -4.573599 -1.697970 0.700000 0.373599 0.700000 2.399026  -1   0  -1 
2453309.515681 3.994240 0.076738 -7.100000 0.500000 0.299725 -2.130461 -4.721517 -4.508943 0.500000 -2.378483 0.500000 2.399026  -1   0  -1 
2453309.518111 3.996670 0.076810 -7.800000 0.500000 0.299725 -2.130421 -4.721190 -5.209232 0.500000 -3.078810 0.500000 2.399026  -1   0  -1 
2453309.520530 3.999089 0.076882 -9.700000 0.600000 0.299725 -2.130382 -4.720861 -7.109521 0.600000 -4.979139 0.600000 2.399026  -1   0  -1 
2453309.522995 4.001554 0.076956 -8.600000 0.500000 0.299725 -2.130341 -4.720523 -6.009818 0.500000 -3.879477 0.500000 2.399026  -1   0  -1 
2453311.532241 6.010800 0.136788 -9.500000 0.400000 0.299725 -1.943721 -3.617117 -7.826604 0.400000 -5.882883 0.400000 2.399026  -1   0  -1 
2453311.534857 6.013416 0.136866 -6.400000 0.400000 0.299725 -1.943355 -3.614846 -4.728509 0.400000 -2.785154 0.400000 2.399026  -1   0  -1 
2453311.537553 6.016112 0.136946 -7.100000 0.400000 0.299725 -1.942978 -3.612504 -5.430474 0.400000 -3.487496 0.400000 2.399026  -1   0  -1 
2453311.540238 6.018797 0.137026 -8.300000 0.400000 0.299725 -1.942602 -3.610170 -6.632432 0.400000 -4.689830 0.400000 2.399026  -1   0  -1 
2453311.542865 6.021424 0.137105 -6.200000 0.400000 0.299725 -1.942233 -3.607884 -4.534349 0.400000 -2.592116 0.400000 2.399026  -1   0  -1 
2453312.560845 7.039404 0.167419 -3.100000 0.600000 0.299725 -1.788708 -2.623910 -2.264798 0.600000 -0.476090 0.600000 2.399026  -1   0  -1 
2453312.564282 7.042841 0.167521 -5.500000 0.500000 0.299725 -1.788161 -2.620327 -4.667834 0.500000 -2.879673 0.500000 2.399026  -1   0  -1 
2453312.567684 7.046243 0.167622 -4.800000 0.500000 0.299725 -1.787620 -2.616779 -3.970841 0.500000 -2.183221 0.500000 2.399026  -1   0  -1 
2453314.539667 9.018226 0.226346 -0.700000 0.600000 0.299725 -1.459713 -0.512607 -1.647107 0.600000 -0.187393 0.600000 2.399026  -1   0  -1 
2453314.541889 9.020448 0.226412 2.000000 0.600000 0.299725 -1.459335 -0.510377 1.051042 0.600000 2.510377 0.600000 2.399026  -1   0  -1 
2453314.544088 9.022647 0.226477 -2.400000 0.600000 0.299725 -1.458961 -0.508172 -3.350789 0.600000 -1.891828 0.600000 2.399026  -1   0  -1 
2453314.546310 9.024869 0.226543 -0.400000 0.700000 0.299725 -1.458583 -0.505944 -1.352639 0.700000 0.105944 0.700000 2.399026  -1   0  -1 
2453314.548463 9.027022 0.226607 -2.000000 0.700000 0.299725 -1.458216 -0.503786 -2.954431 0.700000 -1.496214 0.700000 2.399026  -1   0  -1 
2453321.600305 16.078864 0.436602 -4.000000 0.500000 0.299725 -0.258372 -2.102822 -2.155551 0.500000 -1.897178 0.500000 2.399026  -1   0  -1 
2453321.602944 16.081503 0.436681 -3.800000 0.500000 0.299725 -0.257921 -2.104550 -1.953371 0.500000 -1.695450 0.500000 2.399026  -1   0  -1 
2453321.605583 16.084142 0.436759 -5.400000 0.500000 0.299725 -0.257469 -2.106275 -3.551193 0.500000 -3.293725 0.500000 2.399026  -1   0  -1 
2453321.608326 16.086885 0.436841 -3.700000 0.600000 0.299725 -0.256999 -2.108066 -1.848933 0.600000 -1.591934 0.600000 2.399026  -1   0  -1 
2453340.510028 1.407553 0.999709 -5.000000 0.400000 0.299725 -1.405658 -2.821807 -3.583852 0.400000 -2.178193 0.400000 2.399026  -1   0  -1 
2453340.513489 1.411014 0.999813 -4.800000 0.400000 0.299725 -1.408310 -2.821678 -3.386633 0.400000 -1.978322 0.400000 2.399026  -1   0  -1 
2453340.517007 1.414532 0.999917 -5.000000 0.400000 0.299725 -1.411000 -2.821539 -3.589461 0.400000 -2.178461 0.400000 2.399026  -1   0  -1 
2453342.505663 3.403188 0.059137 -4.200000 0.400000 0.299725 -2.116260 -1.751517 -4.564743 0.400000 -2.448483 0.400000 2.399026  -1   0  -1 
2453342.509170 3.406695 0.059241 -2.300000 0.500000 0.299725 -2.116504 -1.748593 -2.667911 0.500000 -0.551407 0.500000 2.399026  -1   0  -1 
2453342.512758 3.410283 0.059348 -1.500000 0.500000 0.299725 -2.116752 -1.745600 -1.871152 0.500000 0.245600 0.500000 2.399026  -1   0  -1 
2453484.884129 11.457516 0.298984 -2.400000 0.400000 0.299725 -1.043411 -1.266776 -2.176635 0.400000 -1.133224 0.400000 2.399026  -1   0  -1 
2453484.887683 11.461070 0.299090 -2.700000 0.400000 0.299725 -1.042806 -1.262873 -2.479932 0.400000 -1.437127 0.400000 2.399026  -1   0  -1 
2453484.891132 11.464519 0.299193 -1.300000 0.400000 0.299725 -1.042218 -1.259087 -1.083132 0.400000 -0.040913 0.400000 2.399026  -1   0  -1 
2453491.890208 -15.117439 0.507616 -3.400000 0.400000 0.299725 0.156456 -0.746410 -2.497135 0.400000 -2.653590 0.400000 2.399026  -1   0  -1 
2453491.893668 -15.113979 0.507720 -3.300000 0.400000 0.299725 0.157070 -0.749741 -2.393189 0.400000 -2.550259 0.400000 2.399026  -1   0  -1 
2453491.897210 -15.110437 0.507825 -3.000000 0.500000 0.299725 0.157698 -0.753150 -2.089153 0.500000 -2.246850 0.500000 2.399026  -1   0  -1 
2453511.905148 4.897501 0.103636 -2.300000 0.500000 0.299725 -2.077184 -3.421823 -0.955361 0.500000 1.121823 0.500000 2.399026  -1   0  -1 
2453511.907717 4.900070 0.103712 -4.500000 0.500000 0.299725 -2.076944 -3.419460 -3.157484 0.500000 -1.080540 0.500000 2.399026  -1   0  -1 
2453511.910403 4.902756 0.103792 -5.000000 0.600000 0.299725 -2.076692 -3.416987 -3.659705 0.600000 -1.583013 0.600000 2.399026  -1   0  -1 
2453511.913042 4.905395 0.103871 -3.300000 0.500000 0.299725 -2.076444 -3.414556 -1.961888 0.500000 0.114556 0.500000 2.399026  -1   0  -1 
2453512.835981 5.828334 0.131355 -3.900000 0.700000 0.299725 -1.968783 -2.487059 -3.381725 0.700000 -1.412941 0.700000 2.399026  -1   0  -1 
2453512.839488 5.831841 0.131459 -2.900000 0.600000 0.299725 -1.968311 -2.483311 -2.385000 0.600000 -0.416689 0.600000 2.399026  -1   0  -1 
2453512.843007 5.835360 0.131564 -4.100000 0.600000 0.299725 -1.967836 -2.479549 -3.588287 0.600000 -1.620451 0.600000 2.399026  -1   0  -1 
2453515.858256 8.850609 0.221354 -1.000000 0.600000 0.299725 -1.488214 0.506660 -2.994874 0.600000 -1.506660 0.600000 2.399026  -1   0  -1 
2453515.863580 8.855933 0.221513 -1.500000 0.500000 0.299725 -1.487309 0.510243 -3.497552 0.500000 -2.010243 0.500000 2.399026  -1   0  -1 
2453520.869093 13.861446 0.370570 -3.700000 0.300000 0.299725 -0.635467 -1.451952 -2.883516 0.300000 -2.248048 0.300000 2.399026  -1   0  -1 
2453542.739620 2.150938 0.021847 1.900000 0.700000 0.299725 -1.839721 4.208700 -4.148421 0.700000 -2.308700 0.700000 2.399026  -1   0  -1 
2453542.742850 2.154168 0.021943 3.800000 1.500000 0.299725 -1.841068 4.210743 -2.251810 1.500000 -0.410743 1.500000 2.399026  -1   0  -1 
2453543.789930 3.201248 0.053123 2.000000 0.400000 0.299725 -2.098313 4.902774 -5.001087 0.400000 -2.902774 0.400000 2.399026  -1   0  -1 
2453543.794953 3.206271 0.053273 2.700000 0.400000 0.299725 -2.098856 4.905932 -4.304788 0.400000 -2.205932 0.400000 2.399026  -1   0  -1 
2453544.816592 4.227910 0.083696 4.500000 0.400000 0.299725 -2.123707 5.412158 -3.035865 0.400000 -0.912158 0.400000 2.399026  -1   0  -1 
2453544.822032 4.233350 0.083858 3.600000 0.400000 0.299725 -2.123481 5.413896 -3.937377 0.400000 -1.813896 0.400000 2.399026  -1   0  -1 
2453545.842524 5.253842 0.114247 11.600000 3.700000 0.299725 -2.040282 5.492813 4.066905 3.700000 6.107187 3.700000 2.399026  -1   0  -1 
2453546.861360 6.272678 0.144587 6.600000 0.400000 0.299725 -1.906221 5.022222 -0.328443 0.400000 1.577778 0.400000 2.399026  -1   0  -1 
2453546.866534 6.277852 0.144741 7.100000 0.400000 0.299725 -1.905464 5.018447 0.176090 0.400000 2.081553 0.400000 2.399026  -1   0  -1 
2453547.771038 7.182356 0.171676 2.400000 0.400000 0.299725 -1.765861 4.184942 -3.550802 0.400000 -1.784942 0.400000 2.399026  -1   0  -1 
2453547.776200 7.187518 0.171829 2.400000 0.400000 0.299725 -1.765031 4.179373 -3.544405 0.400000 -1.779373 0.400000 2.399026  -1   0  -1 
2453549.847373 9.258691 0.233506 2.100000 2.900000 0.299725 -1.418749 1.873316 -1.192065 2.900000 0.226684 2.900000 2.399026  -1   0  -1 
2453550.760428 10.171746 0.260696 0.500000 0.300000 0.299725 -1.262812 1.186755 -1.949567 0.300000 -0.686755 0.300000 2.399026  -1   0  -1 
2453550.765520 10.176838 0.260848 0.400000 0.300000 0.299725 -1.261941 1.183919 -2.045860 0.300000 -0.783919 0.300000 2.399026  -1   0  -1 
2453551.768482 11.179800 0.290714 -0.900000 0.500000 0.299725 -1.090727 0.853353 -2.844080 0.500000 -1.753353 0.500000 2.399026  -1   0  -1 
2453551.773563 11.184881 0.290866 0.700000 0.600000 0.299725 -1.089861 0.852826 -1.242686 0.600000 -0.152826 0.600000 2.399026  -1   0  -1 
2453573.752332 -0.417384 0.945365 -0.900000 0.200000 0.299725 0.723649 5.403621 -5.579973 0.200000 -6.303621 0.200000 2.399026  -1   0  -1 
2453671.583392 -3.329428 0.858648 4.600000 0.400000 0.299725 2.453787 4.338323 2.715465 0.400000 0.261677 0.400000 2.399026  -1   0  -1 
2453671.586875 -3.325945 0.858752 4.200000 0.500000 0.299725 2.453830 4.341279 2.312551 0.500000 -0.141279 0.500000 2.399026  -1   0  -1 
2453671.590324 -3.322496 0.858855 4.100000 0.500000 0.299725 2.453870 4.344202 2.209667 0.500000 -0.244202 0.500000 2.399026  -1   0  -1 
2453810.907634 1.670677 0.007545 -6.200000 0.400000 0.299725 -1.589534 -3.248396 -4.541138 0.400000 -2.951604 0.400000 2.399026  -1   0  -1 
2453810.911488 1.674531 0.007660 -6.000000 0.300000 0.299725 -1.591966 -3.248524 -4.343442 0.300000 -2.751476 0.300000 2.399026  -1   0  -1 
2453810.915331 1.678374 0.007774 -4.600000 0.300000 0.299725 -1.594385 -3.248641 -2.945743 0.300000 -1.351359 0.300000 2.399026  -1   0  -1 
2453815.909918 6.672961 0.156507 -3.300000 0.300000 0.299725 -1.846074 0.434208 -5.580282 0.300000 -3.734208 0.300000 2.399026  -1   0  -1 
2453815.914965 6.678008 0.156657 -4.400000 0.300000 0.299725 -1.845297 0.437167 -6.682464 0.300000 -4.837167 0.300000 2.399026  -1   0  -1 
2453816.914372 7.677415 0.186418 -2.500000 0.300000 0.299725 -1.685193 0.805996 -4.991189 0.300000 -3.305996 0.300000 2.399026  -1   0  -1 
2453816.919638 7.682681 0.186575 -3.400000 0.400000 0.299725 -1.684325 0.806672 -5.890997 0.400000 -4.206672 0.400000 2.399026  -1   0  -1 
2453862.858999 -13.540027 0.554590 -2.600000 0.500000 0.299725 0.441407 0.470124 -2.628717 0.500000 -3.070124 0.500000 2.399026  -1   0  -1 
2453862.862564 -13.536462 0.554696 -3.100000 0.400000 0.299725 0.442064 0.466559 -3.124494 0.400000 -3.566559 0.400000 2.399026  -1   0  -1 
2453862.866256 -13.532770 0.554806 -2.200000 0.400000 0.299725 0.442745 0.462867 -2.220122 0.400000 -2.662867 0.400000 2.399026  -1   0  -1 
2453870.847549 -5.551477 0.792479 -0.700000 0.400000 0.299725 2.122602 2.633935 -1.211333 0.400000 -3.333935 0.400000 2.399026  -1   0  -1 
2453870.853070 -5.545956 0.792643 -0.500000 0.400000 0.299725 2.123802 2.640175 -1.016373 0.400000 -3.140175 0.400000 2.399026  -1   0  -1 
2453882.860433 6.461407 0.150207 -3.600000 0.400000 0.299725 -1.878241 -3.369036 -2.109204 0.400000 -0.230964 0.400000 2.399026  -1   0  -1 
2453882.863003 6.463977 0.150283 -3.800000 0.400000 0.299725 -1.877855 -3.366793 -2.311062 0.400000 -0.433207 0.400000 2.399026  -1   0  -1 
2453882.865792 6.466766 0.150366 -3.300000 0.400000 0.299725 -1.877436 -3.364356 -1.813079 0.400000 0.064356 0.400000 2.399026  -1   0  -1 
2453882.868420 6.469394 0.150445 -2.400000 0.500000 0.299725 -1.877041 -3.362059 -0.914982 0.500000 0.962059 0.500000 2.399026  -1   0  -1 
2453883.847121 7.448095 0.179589 -2.200000 0.400000 0.299725 -1.722825 -2.416431 -1.506394 0.400000 0.216431 0.400000 2.399026  -1   0  -1 
2453883.851033 7.452007 0.179706 -2.000000 0.400000 0.299725 -1.722186 -2.412364 -1.309823 0.400000 0.412364 0.400000 2.399026  -1   0  -1 
2453883.854887 7.455861 0.179820 -1.900000 0.400000 0.299725 -1.721557 -2.408355 -1.213203 0.400000 0.508355 0.400000 2.399026  -1   0  -1 
2453886.875724 10.476698 0.269777 -0.900000 0.400000 0.299725 -1.210711 0.651760 -2.762470 0.400000 -1.551760 0.400000 2.399026  -1   0  -1 
2453886.879069 10.480043 0.269877 -2.100000 0.500000 0.299725 -1.210139 0.654325 -3.964464 0.500000 -2.754325 0.500000 2.399026  -1   0  -1 
2453886.882321 10.483295 0.269973 -0.000000 0.400000 0.299725 -1.209584 0.656816 -1.866400 0.400000 -0.656816 0.400000 2.399026  -1   0  -1 
2453917.821767 7.841707 0.191310 -1.500000 1.100000 0.299725 -1.658001 0.326524 -3.484525 1.100000 -1.826524 1.100000 2.399026  -1   0  -1 
2453917.822831 7.842771 0.191342 2.100000 1.200000 0.299725 -1.657824 0.326136 0.116039 1.200000 1.773864 1.200000 2.399026  -1   0  -1 
2453917.824000 7.843940 0.191377 -0.200000 1.200000 0.299725 -1.657630 0.325710 -2.183340 1.200000 -0.525710 1.200000 2.399026  -1   0  -1 
2453917.825100 7.845040 0.191410 -2.400000 1.300000 0.299725 -1.657448 0.325307 -4.382755 1.300000 -2.725307 1.300000 2.399026  -1   0  -1 
2453917.826165 7.846105 0.191441 -1.600000 1.300000 0.299725 -1.657271 0.324917 -3.582188 1.300000 -1.924917 1.300000 2.399026  -1   0  -1 
2453917.827253 7.847193 0.191474 2.600000 1.300000 0.299725 -1.657090 0.324518 0.618392 1.300000 2.275482 1.300000 2.399026  -1   0  -1 
2453917.828341 7.848281 0.191506 1.100000 1.200000 0.299725 -1.656909 0.324118 -0.881028 1.200000 0.775882 1.200000 2.399026  -1   0  -1 
2453917.829452 7.849392 0.191539 -0.500000 1.300000 0.299725 -1.656725 0.323710 -2.480435 1.300000 -0.823710 1.300000 2.399026  -1   0  -1 
2453917.830517 7.850457 0.191571 1.300000 1.400000 0.299725 -1.656548 0.323317 -0.679865 1.400000 0.976683 1.400000 2.399026  -1   0  -1 
2453917.831663 7.851603 0.191605 1.900000 1.400000 0.299725 -1.656358 0.322894 -0.079252 1.400000 1.577106 1.400000 2.399026  -1   0  -1 
2453919.820486 9.840426 0.250830 -4.100000 1.200000 0.299725 -1.319429 -1.217860 -4.201569 1.200000 -2.882140 1.200000 2.399026  -1   0  -1 
2453919.821562 9.841502 0.250862 -4.800000 1.200000 0.299725 -1.319245 -1.218949 -4.900296 1.200000 -3.581051 1.200000 2.399026  -1   0  -1 
2453919.822662 9.842602 0.250894 -0.100000 1.500000 0.299725 -1.319057 -1.220063 -0.198994 1.500000 1.120063 1.500000 2.399026  -1   0  -1 
2453919.823761 9.843701 0.250927 -5.200000 1.500000 0.299725 -1.318869 -1.221176 -5.297694 1.500000 -3.978824 1.500000 2.399026  -1   0  -1 
2453919.824884 9.844824 0.250961 -5.600000 1.500000 0.299725 -1.318677 -1.222313 -5.696365 1.500000 -4.377687 1.500000 2.399026  -1   0  -1 
2453919.825949 9.845889 0.250992 -0.700000 1.300000 0.299725 -1.318495 -1.223391 -0.795104 1.300000 0.523391 1.300000 2.399026  -1   0  -1 
2453919.827060 9.847000 0.251025 -1.200000 1.400000 0.299725 -1.318306 -1.224516 -1.293789 1.400000 0.024516 1.400000 2.399026  -1   0  -1 
2453919.828171 9.848111 0.251058 -6.300000 1.400000 0.299725 -1.318116 -1.225641 -6.392474 1.400000 -5.074359 1.400000 2.399026  -1   0  -1 
2453919.829259 9.849199 0.251091 -2.900000 1.200000 0.299725 -1.317930 -1.226743 -2.991187 1.200000 -1.673257 1.200000 2.399026  -1   0  -1 
2453919.830335 9.850275 0.251123 -1.700000 1.200000 0.299725 -1.317746 -1.227833 -1.789913 1.200000 -0.472167 1.200000 2.399026  -1   0  -1 
2453921.830717 11.850657 0.310692 -3.100000 1.600000 0.299725 -0.976511 -2.924554 -1.151958 1.600000 -0.175446 1.600000 2.399026  -1   0  -1 
2453921.831828 11.851768 0.310725 -3.700000 1.600000 0.299725 -0.976322 -2.925142 -1.751180 1.600000 -0.774858 1.600000 2.399026  -1   0  -1 
2453921.832892 11.852832 0.310756 -1.900000 1.500000 0.299725 -0.976141 -2.925706 0.049564 1.500000 1.025706 1.500000 2.399026  -1   0  -1 
2453921.833992 11.853932 0.310789 -2.500000 1.600000 0.299725 -0.975954 -2.926288 -0.549667 1.600000 0.426288 1.600000 2.399026  -1   0  -1 
2453921.835126 11.855066 0.310823 -5.000000 1.300000 0.299725 -0.975762 -2.926887 -3.048875 1.300000 -2.073113 1.300000 2.399026  -1   0  -1 
2453921.836214 11.856154 0.310855 -3.600000 1.100000 0.299725 -0.975577 -2.927462 -1.648115 1.100000 -0.672538 1.100000 2.399026  -1   0  -1 
2453921.837291 11.857231 0.310887 -3.200000 1.000000 0.299725 -0.975393 -2.928030 -1.247364 1.000000 -0.271970 1.000000 2.399026  -1   0  -1 
2453921.838413 11.858353 0.310921 -2.200000 1.000000 0.299725 -0.975203 -2.928621 -0.246581 1.000000 0.728621 1.000000 2.399026  -1   0  -1 
2453921.839467 11.859407 0.310952 -1.600000 1.000000 0.299725 -0.975023 -2.929177 0.354153 1.000000 1.329177 1.000000 2.399026  -1   0  -1 
2453921.840566 11.860506 0.310985 -2.400000 1.000000 0.299725 -0.974837 -2.929755 -0.445082 1.000000 0.529755 1.000000 2.399026  -1   0  -1 
2453950.742238 7.181143 0.171640 -5.500000 0.400000 0.299725 -1.766055 -3.990637 -3.275418 0.400000 -1.509363 0.400000 2.399026  -1   0  -1 
2453974.597984 -2.544145 0.882033 8.600000 1.100000 0.299725 2.380994 4.400359 6.580635 1.100000 4.199641 1.100000 2.399026  -1   0  -1 
2453974.600009 -2.542120 0.882093 9.400000 0.900000 0.299725 2.380545 4.399227 7.381318 0.900000 5.000773 0.900000 2.399026  -1   0  -1 
2453974.601954 -2.540175 0.882151 11.400000 0.900000 0.299725 2.380113 4.398137 9.381976 0.900000 7.001863 0.900000 2.399026  -1   0  -1 
2453974.603956 -2.538173 0.882211 11.600000 0.900000 0.299725 2.379666 4.397011 9.582655 0.900000 7.202989 0.900000 2.399026  -1   0  -1 
2453976.591620 -0.550509 0.941401 5.100000 0.600000 0.299725 0.896530 1.303404 4.693127 0.600000 3.796596 0.600000 2.399026  -1   0  -1 
2453976.594050 -0.548079 0.941473 3.300000 0.600000 0.299725 0.893423 1.297505 2.895918 0.600000 2.002495 0.600000 2.399026  -1   0  -1 
2453976.596469 -0.545660 0.941545 4.200000 0.600000 0.299725 0.890329 1.291631 3.798698 0.600000 2.908369 0.600000 2.399026  -1   0  -1 
2453976.598980 -0.543149 0.941620 3.300000 0.600000 0.299725 0.887114 1.285530 2.901585 0.600000 2.014470 0.600000 2.399026  -1   0  -1 
2453980.640151 3.498022 0.061961 -3.300000 0.600000 0.299725 -2.122117 -4.745398 -0.676719 0.600000 1.445398 0.600000 2.399026  -1   0  -1 
2453980.643079 3.500950 0.062048 -2.900000 0.600000 0.299725 -2.122274 -4.745460 -0.276814 0.600000 1.845460 0.600000 2.399026  -1   0  -1 
2453980.645938 3.503809 0.062133 -2.300000 0.600000 0.299725 -2.122425 -4.745515 0.323090 0.600000 2.445515 0.600000 2.399026  -1   0  -1 
2453980.648924 3.506795 0.062222 -3.600000 0.600000 0.299725 -2.122582 -4.745568 -0.977014 0.600000 1.145568 0.600000 2.399026  -1   0  -1 
2453981.703761 4.561632 0.093634 -5.800000 0.400000 0.299725 -2.104892 -4.478617 -3.426274 0.400000 -1.321383 0.400000 2.399026  -1   0  -1 
2453981.706284 4.564155 0.093709 -7.100000 0.400000 0.299725 -2.104714 -4.477375 -4.727339 0.400000 -2.622625 0.400000 2.399026  -1   0  -1 
2453981.708796 4.566667 0.093784 -7.600000 0.400000 0.299725 -2.104536 -4.476136 -5.228400 0.400000 -3.123864 0.400000 2.399026  -1   0  -1 
2453981.711342 4.569213 0.093860 -5.800000 0.400000 0.299725 -2.104355 -4.474877 -3.429478 0.400000 -1.325123 0.400000 2.399026  -1   0  -1 
2453982.690997 5.548868 0.123033 -2.900000 0.700000 0.299725 -2.005133 -3.822720 -1.082413 0.700000 0.922720 0.700000 2.399026  -1   0  -1 
2453982.693555 5.551426 0.123109 -2.500000 0.700000 0.299725 -2.004813 -3.820635 -0.684177 0.700000 1.320635 0.700000 2.399026  -1   0  -1 
2453982.695997 5.553868 0.123181 -2.100000 0.700000 0.299725 -2.004507 -3.818644 -0.285863 0.700000 1.718644 0.700000 2.399026  -1   0  -1 
2453982.698647 5.556518 0.123260 -3.700000 0.700000 0.299725 -2.004174 -3.816481 -1.887693 0.700000 0.116481 0.700000 2.399026  -1   0  -1 
2454292.812219 13.440780 0.358044 -0.700000 0.300000 0.299725 -0.706732 -1.117054 -0.289678 0.300000 0.417054 0.300000 2.399026  -1   0  -1 
2454292.817485 13.446046 0.358200 -0.300000 0.300000 0.299725 -0.705840 -1.120737 0.114897 0.300000 0.820737 0.300000 2.399026  -1   0  -1 
2454315.727933 2.775460 0.040444 0.400000 0.800000 0.299725 -2.031563 0.940949 -2.572512 0.800000 -0.540949 0.800000 2.399026  -1   0  -1 
2454315.732909 2.780436 0.040592 -1.800000 0.800000 0.299725 -2.032603 0.942257 -4.774860 0.800000 -2.742257 0.800000 2.399026  -1   0  -1 
2454953.915075 2.922948 0.044836 -4.800000 0.400000 0.299725 -2.059623 -2.546303 -4.313320 0.400000 -2.253697 0.400000 2.399026  -1   0  -1 
2454953.918663 2.926536 0.044943 -2.900000 0.400000 0.299725 -2.060236 -2.544538 -2.415698 0.400000 -0.355462 0.400000 2.399026  -1   0  -1 
2454953.922240 2.930113 0.045049 -3.700000 0.400000 0.299725 -2.060845 -2.542773 -3.218072 0.400000 -1.157227 0.400000 2.399026  -1   0  -1 
2454954.854520 3.862393 0.072811 -3.300000 0.300000 0.299725 -2.131517 -1.908200 -3.523317 0.300000 -1.391800 0.300000 2.399026  -1   0  -1 
2454954.858270 3.866143 0.072923 -3.500000 0.300000 0.299725 -2.131517 -1.905072 -3.726445 0.300000 -1.594928 0.300000 2.399026  -1   0  -1 
2454954.861812 3.869685 0.073029 -3.200000 0.300000 0.299725 -2.131515 -1.902113 -3.429402 0.300000 -1.297887 0.300000 2.399026  -1   0  -1 
2454955.841317 4.849190 0.102197 -3.100000 0.400000 0.299725 -2.081634 -0.987703 -4.193931 0.400000 -2.112297 0.400000 2.399026  -1   0  -1 
2454955.845010 4.852883 0.102307 -2.300000 0.400000 0.299725 -2.081299 -0.983999 -3.397300 0.400000 -1.316001 0.400000 2.399026  -1   0  -1 
2454955.848783 4.856656 0.102419 -1.400000 0.700000 0.299725 -2.080956 -0.980214 -2.500743 0.700000 -0.419786 0.700000 2.399026  -1   0  -1 
2454956.895780 5.903653 0.133598 -2.300000 0.500000 0.299725 -1.958554 0.084822 -4.343376 0.500000 -2.384822 0.500000 2.399026  -1   0  -1 
2454956.899345 5.907218 0.133704 -0.900000 0.400000 0.299725 -1.958066 0.088389 -2.946455 0.400000 -0.988389 0.400000 2.399026  -1   0  -1 
2454956.902968 5.910841 0.133812 -1.700000 0.400000 0.299725 -1.957569 0.092013 -3.749582 0.400000 -1.792013 0.400000 2.399026  -1   0  -1 
2454988.882690 4.309529 0.086127 0.000000 0.400000 0.299725 -2.120027 0.891567 -3.011594 0.400000 -0.891567 0.400000 2.399026  -1   0  -1 
2454988.888119 4.314958 0.086288 0.100000 0.400000 0.299725 -2.119759 0.889576 -2.909335 0.400000 -0.789576 0.400000 2.399026  -1   0  -1 
2454989.877517 5.304356 0.115751 -0.100000 0.300000 0.299725 -2.034530 0.310503 -2.445034 0.300000 -0.410503 0.300000 2.399026  -1   0  -1 
2454989.883200 5.310039 0.115920 -0.200000 0.300000 0.299725 -2.033876 0.306017 -2.539893 0.300000 -0.506017 0.300000 2.399026  -1   0  -1 
2454991.889668 7.316507 0.175671 -0.800000 0.400000 0.299725 -1.744220 -1.647349 -0.896871 0.400000 0.847349 0.400000 2.399026  -1   0  -1 
2454991.895131 7.321970 0.175833 -1.900000 0.400000 0.299725 -1.743335 -1.652561 -1.990774 0.400000 -0.247439 0.400000 2.399026  -1   0  -1 
2454993.901526 9.328365 0.235581 -5.800000 0.200000 0.299725 -1.406867 -2.873573 -4.333294 0.200000 -2.926427 0.200000 2.399026  -1   0  -1 
2455021.881363 3.727167 0.068785 -1.400000 0.500000 0.299725 -2.130275 -3.485191 -0.045084 0.500000 2.085191 0.500000 2.399026  -1   0  -1 
2455021.884638 3.730442 0.068882 -1.500000 0.500000 0.299725 -2.130334 -3.487275 -0.143059 0.500000 1.987275 0.500000 2.399026  -1   0  -1 
2455021.887879 3.733683 0.068979 0.300000 0.500000 0.299725 -2.130392 -3.489332 1.658940 0.500000 3.789332 0.500000 2.399026  -1   0  -1 
2455023.870780 5.716584 0.128027 -1.300000 0.700000 0.299725 -1.983635 -3.702734 0.419098 0.700000 2.402734 0.700000 2.399026  -1   0  -1 
2455023.874484 5.720288 0.128137 -2.100000 0.800000 0.299725 -1.983150 -3.701401 -0.381749 0.800000 1.601401 0.800000 2.399026  -1   0  -1 
2455023.878292 5.724096 0.128251 -0.900000 0.700000 0.299725 -1.982650 -3.700025 0.817375 0.700000 2.800025 0.700000 2.399026  -1   0  -1 
2455023.893431 5.739235 0.128701 -2.900000 0.600000 0.299725 -1.980658 -3.694498 -1.186160 0.600000 0.794498 0.600000 2.399026  -1   0  -1 
2455023.897135 5.742939 0.128812 -2.300000 0.600000 0.299725 -1.980169 -3.693132 -0.587037 0.600000 1.393132 0.600000 2.399026  -1   0  -1 
2455023.901151 5.746955 0.128931 -2.000000 0.600000 0.299725 -1.979639 -3.691644 -0.287995 0.600000 1.691644 0.600000 2.399026  -1   0  -1 
2455025.707370 7.553174 0.182718 -3.600000 0.600000 0.299725 -1.705632 -2.478781 -2.826851 0.600000 -1.121219 0.600000 2.399026  -1   0  -1 
2455025.710657 7.556461 0.182816 -2.300000 0.600000 0.299725 -1.705093 -2.475782 -1.529311 0.600000 0.175782 0.600000 2.399026  -1   0  -1 
2455025.713979 7.559783 0.182915 -3.800000 0.600000 0.299725 -1.704548 -2.472750 -3.031798 0.600000 -1.327250 0.600000 2.399026  -1   0  -1 
2455036.781145 -14.954085 0.512481 -0.700000 0.800000 0.299725 0.185484 -1.539408 1.024892 0.800000 0.839408 0.800000 2.399026  -1   0  -1 
2455036.782916 -14.952314 0.512534 1.300000 0.800000 0.299725 0.185799 -1.539701 3.025500 0.800000 2.839701 0.800000 2.399026  -1   0  -1 
2455036.784721 -14.950509 0.512587 -0.000000 0.700000 0.299725 0.186120 -1.539998 1.726118 0.700000 1.539998 0.700000 2.399026  -1   0  -1 
2455036.786434 -14.948796 0.512638 0.300000 0.700000 0.299725 0.186425 -1.540278 2.026704 0.700000 1.840278 0.700000 2.399026  -1   0  -1 
2455036.788217 -14.947013 0.512692 1.200000 0.700000 0.299725 0.186743 -1.540569 2.927312 0.700000 2.740569 0.700000 2.399026  -1   0  -1 
2455036.789988 -14.945242 0.512744 0.300000 0.700000 0.299725 0.187058 -1.540856 2.027914 0.700000 1.840856 0.700000 2.399026  -1   0  -1 
2455037.797226 -13.938004 0.542739 -1.500000 0.700000 0.299725 0.368461 -1.480298 0.348759 0.700000 -0.019702 0.700000 2.399026  -1   0  -1 
2455037.799009 -13.936221 0.542792 3.000000 0.700000 0.299725 0.368786 -1.479810 4.848596 0.700000 4.479810 0.700000 2.399026  -1   0  -1 
2455037.800733 -13.934497 0.542843 1.300000 0.700000 0.299725 0.369100 -1.479336 3.148437 0.700000 2.779336 0.700000 2.399026  -1   0  -1 
2455037.802539 -13.932691 0.542897 0.200000 0.700000 0.299725 0.369430 -1.478839 2.048269 0.700000 1.678839 0.700000 2.399026  -1   0  -1 
2455037.804321 -13.930909 0.542950 2.000000 0.700000 0.299725 0.369755 -1.478347 3.848101 0.700000 3.478347 0.700000 2.399026  -1   0  -1 
2455037.806057 -13.929173 0.543002 0.000000 0.700000 0.299725 0.370071 -1.477866 1.847937 0.700000 1.477866 0.700000 2.399026  -1   0  -1 
2455039.786805 -11.948425 0.601986 2.700000 0.800000 0.299725 0.741911 -0.251252 3.693163 0.800000 2.951252 0.800000 2.399026  -1   0  -1 
2455039.788332 -11.946898 0.602031 3.100000 0.900000 0.299725 0.742207 -0.249877 4.092083 0.900000 3.349877 0.900000 2.399026  -1   0  -1 
2455039.789964 -11.945266 0.602080 3.200000 0.800000 0.299725 0.742523 -0.248406 4.190929 0.800000 3.448406 0.800000 2.399026  -1   0  -1 
2455039.791550 -11.943680 0.602127 1.100000 0.800000 0.299725 0.742830 -0.246976 2.089806 0.800000 1.346976 0.800000 2.399026  -1   0  -1 
2455039.793147 -11.942083 0.602174 2.400000 0.800000 0.299725 0.743140 -0.245536 3.388675 0.800000 2.645536 0.800000 2.399026  -1   0  -1 
2455039.794710 -11.940520 0.602221 3.300000 0.900000 0.299725 0.743443 -0.244126 4.287568 0.900000 3.544126 0.900000 2.399026  -1   0  -1 
2455039.796330 -11.938900 0.602269 3.700000 0.800000 0.299725 0.743757 -0.242663 4.686420 0.800000 3.942663 0.800000 2.399026  -1   0  -1 
2455041.699644 -10.035586 0.658948 3.000000 0.400000 0.299725 1.125985 1.753490 2.372495 0.400000 1.246510 0.400000 2.399026  -1   0  -1 
2455041.704829 -10.030401 0.659102 2.700000 0.400000 0.299725 1.127066 1.759346 2.067720 0.400000 0.940654 0.400000 2.399026  -1   0  -1 
2455045.801844 -5.933386 0.781106 1.300000 0.400000 0.299725 2.038138 4.798090 -1.459952 0.400000 -3.498090 0.400000 2.399026  -1   0  -1 
2455046.832613 -4.902617 0.811801 -0.800000 0.400000 0.299725 2.257206 4.432580 -2.975374 0.400000 -5.232580 0.400000 2.399026  -1   0  -1 
2455047.816890 -3.918340 0.841111 -0.900000 0.500000 0.299725 2.414562 3.601156 -2.086594 0.500000 -4.501156 0.500000 2.399026  -1   0  -1 
2455047.821971 -3.913259 0.841263 -1.800000 0.500000 0.299725 2.415130 3.595925 -2.980795 0.500000 -5.395925 0.500000 2.399026  -1   0  -1 
2455066.705240 14.970010 0.403582 -3.800000 0.300000 0.299725 -0.447444 -2.367299 -1.880146 0.300000 -1.432701 0.300000 2.399026  -1   0  -1 
2455067.723686 15.988456 0.433910 -2.600000 0.300000 0.299725 -0.273848 -1.790187 -1.083661 0.300000 -0.809813 0.300000 2.399026  -1   0  -1 
2455068.708996 -16.607269 0.463251 -4.000000 0.300000 0.299725 -0.104319 -0.957325 -3.146994 0.300000 -3.042675 0.300000 2.399026  -1   0  -1 
2455069.712847 -15.603418 0.493145 -0.800000 0.200000 0.299725 0.070652 0.069129 -0.798477 0.200000 -0.869129 0.200000 2.399026  -1   0  -1 
2455072.655300 -12.660965 0.580767 4.100000 0.700000 0.299725 0.605508 3.005132 1.700376 0.700000 1.094868 0.700000 2.399026  -1   0  -1 
2455072.657788 -12.658477 0.580841 4.000000 0.600000 0.299725 0.605979 3.006894 1.599084 0.600000 0.993106 0.600000 2.399026  -1   0  -1 
2455072.660218 -12.656047 0.580914 3.900000 0.600000 0.299725 0.606438 3.008613 1.497825 0.600000 0.891387 0.600000 2.399026  -1   0  -1 
2455072.662649 -12.653616 0.580986 4.900000 0.600000 0.299725 0.606898 3.010331 2.496568 0.600000 1.889669 0.600000 2.399026  -1   0  -1 
2455075.660497 -9.655768 0.670258 4.300000 0.700000 0.299725 1.205717 3.034321 2.471397 0.700000 1.265679 0.700000 2.399026  -1   0  -1 
2455075.662928 -9.653337 0.670330 3.800000 0.600000 0.299725 1.206232 3.032569 1.973663 0.600000 0.767431 0.600000 2.399026  -1   0  -1 
2455075.665358 -9.650907 0.670403 4.700000 0.600000 0.299725 1.206746 3.030815 2.875931 0.600000 1.669185 0.600000 2.399026  -1   0  -1 
2455078.680711 -6.635554 0.760196 -1.100000 1.000000 0.299725 1.878426 0.500055 0.278371 1.000000 -1.600055 1.000000 2.399026  -1   0  -1 
2455078.683604 -6.632661 0.760282 -1.100000 1.100000 0.299725 1.879089 0.498522 0.280568 1.100000 -1.598522 1.100000 2.399026  -1   0  -1 
2455078.686092 -6.630173 0.760356 1.300000 1.200000 0.299725 1.879660 0.497206 2.682454 1.200000 0.802794 1.200000 2.399026  -1   0  -1 
2455078.689171 -6.627094 0.760448 1.200000 1.400000 0.299725 1.880366 0.495580 2.584785 1.400000 0.704420 1.400000 2.399026  -1   0  -1 
2455109.549819 -9.347480 0.679438 -2.200000 0.600000 0.299725 1.271328 -0.803242 -0.125430 0.600000 -1.396758 0.600000 2.399026  -1   0  -1 
2455109.555767 -9.341532 0.679616 -2.400000 0.800000 0.299725 1.272602 -0.800646 -0.326752 0.800000 -1.599354 0.800000 2.399026  -1   0  -1 
2455110.576472 -8.320827 0.710011 -1.900000 0.400000 0.299725 1.495539 -0.172474 -0.231987 0.400000 -1.727526 0.400000 2.399026  -1   0  -1 
2455110.581946 -8.315353 0.710174 -3.000000 0.400000 0.299725 1.496757 -0.168217 -1.335026 0.400000 -2.831783 0.400000 2.399026  -1   0  -1 
2455112.566577 -6.330722 0.769274 0.000000 0.500000 0.299725 1.948170 1.797776 0.150395 0.500000 -1.797776 0.500000 2.399026  -1   0  -1 
2455112.571947 -6.325352 0.769434 0.700000 0.400000 0.299725 1.949395 1.803847 0.845548 0.400000 -1.103847 0.400000 2.399026  -1   0  -1 
2455116.586194 -2.311105 0.888973 0.900000 0.200000 0.299725 2.318280 4.889146 -1.670866 0.200000 -3.989146 0.200000 2.399026  -1   0  -1 
2455121.587607 2.690308 0.037908 -8.100000 0.700000 0.299725 -2.012697 -3.577137 -6.535561 0.700000 -4.522863 0.700000 2.399026  -1   0  -1 
2455121.590037 2.692738 0.037981 -6.900000 0.700000 0.299725 -2.013264 -3.579492 -5.333772 0.700000 -3.320508 0.700000 2.399026  -1   0  -1 
2455121.592479 2.695180 0.038053 -9.400000 0.700000 0.299725 -2.013832 -3.581854 -7.831978 0.700000 -5.818146 0.700000 2.399026  -1   0  -1 
2455121.594956 2.697657 0.038127 -7.500000 0.800000 0.299725 -2.014406 -3.584246 -5.930160 0.800000 -3.915754 0.800000 2.399026  -1   0  -1 
2455121.597456 2.700157 0.038202 -8.700000 0.800000 0.299725 -2.014984 -3.586656 -7.128328 0.800000 -5.113344 0.800000 2.399026  -1   0  -1 
2455122.525933 3.628634 0.065850 -6.400000 0.800000 0.299725 -2.127752 -4.191567 -4.336185 0.800000 -2.208433 0.800000 2.399026  -1   0  -1 
2455122.528352 3.631053 0.065922 -7.000000 0.800000 0.299725 -2.127831 -4.192426 -4.935405 0.800000 -2.807574 0.800000 2.399026  -1   0  -1 
2455122.530794 3.633495 0.065995 -7.600000 0.700000 0.299725 -2.127910 -4.193291 -5.534620 0.700000 -3.406709 0.700000 2.399026  -1   0  -1 
2455122.533248 3.635949 0.066068 -5.800000 0.700000 0.299725 -2.127989 -4.194156 -3.733833 0.700000 -1.605844 0.700000 2.399026  -1   0  -1 
2455122.535701 3.638402 0.066141 -6.300000 0.700000 0.299725 -2.128066 -4.195017 -4.233050 0.700000 -2.104983 0.700000 2.399026  -1   0  -1 
2455124.520796 5.623497 0.125255 -7.500000 0.300000 0.299725 -1.995691 -3.879974 -5.615716 0.300000 -3.620026 0.300000 2.399026  -1   0  -1 
2455124.526421 5.629122 0.125422 -7.500000 0.300000 0.299725 -1.994971 -3.876688 -5.618283 0.300000 -3.623312 0.300000 2.399026  -1   0  -1 
2455127.527559 8.630260 0.214792 -2.300000 0.300000 0.299725 -1.525591 -1.099281 -2.726310 0.300000 -1.200719 0.300000 2.399026  -1   0  -1 
2455127.531367 8.634068 0.214906 -2.500000 0.300000 0.299725 -1.524946 -1.095125 -2.929821 0.300000 -1.404875 0.300000 2.399026  -1   0  -1 
2455127.535232 8.637933 0.215021 -3.800000 0.300000 0.299725 -1.524291 -1.090907 -4.233384 0.300000 -2.709093 0.300000 2.399026  -1   0  -1 
2455129.550559 10.653260 0.275035 -2.600000 0.300000 0.299725 -1.180558 0.891796 -4.672354 0.300000 -3.491796 0.300000 2.399026  -1   0  -1 
2455129.556068 10.658769 0.275199 -2.600000 0.300000 0.299725 -1.179618 0.896046 -4.675664 0.300000 -3.496046 0.300000 2.399026  -1   0  -1 
2455132.521473 13.624174 0.363505 -1.900000 0.300000 0.299725 -0.675664 1.203066 -3.778729 0.300000 -3.103066 0.300000 2.399026  -1   0  -1 
2455134.512800 15.615501 0.422804 -3.100000 0.400000 0.299725 -0.337562 -0.621380 -2.816181 0.400000 -2.478620 0.400000 2.399026  -1   0  -1 
2455134.518436 15.621137 0.422972 -3.700000 0.400000 0.299725 -0.336600 -0.626902 -3.409698 0.400000 -3.073098 0.400000 2.399026  -1   0  -1 
2455135.502747 16.605448 0.452283 -4.500000 0.200000 0.299725 -0.167884 -1.476146 -3.191739 0.200000 -3.023854 0.200000 2.399026  -1   0  -1 
2455135.508279 16.610980 0.452448 -4.200000 0.200000 0.299725 -0.166932 -1.480066 -2.886865 0.200000 -2.719934 0.200000 2.399026  -1   0  -1 
2455136.521235 -15.957098 0.482613 -3.400000 0.400000 0.299725 0.008685 -1.985736 -1.405579 0.400000 -1.414264 0.400000 2.399026  -1   0  -1 
2455139.491913 -12.986420 0.571075 -2.200000 0.600000 0.299725 0.544246 -1.001455 -0.654299 0.600000 -1.198545 0.600000 2.399026  -1   0  -1 
2455139.497642 -12.980691 0.571246 -3.600000 0.500000 0.299725 0.545319 -0.996684 -2.057996 0.500000 -2.603316 0.500000 2.399026  -1   0  -1 
2455142.501946 -9.976387 0.660710 0.300000 0.600000 0.299725 1.138333 2.149495 -0.711162 0.600000 -1.849495 0.600000 2.399026  -1   0  -1 
2455142.508519 -9.969814 0.660906 2.000000 0.900000 0.299725 1.139706 2.156660 0.983046 0.900000 -0.156660 0.900000 2.399026  -1   0  -1 
2455143.500033 -8.978300 0.690432 3.500000 0.500000 0.299725 1.350955 3.163929 1.687026 0.500000 0.336071 0.500000 2.399026  -1   0  -1 
2455143.505160 -8.973173 0.690585 1.900000 0.500000 0.299725 1.352069 3.168623 0.083446 0.500000 -1.268623 0.500000 2.399026  -1   0  -1 
2455370.737660 16.773120 0.457276 1.200000 1.900000 0.299725 -0.138983 0.089055 0.971962 1.900000 1.110945 1.900000 2.399026  -1   0  -1 
2455370.742139 16.777599 0.457410 -4.800000 3.200000 0.299725 -0.138211 0.093896 -5.032107 3.200000 -4.893896 3.200000 2.399026  -1   0  -1 
2455372.810565 -14.735009 0.519005 0.700000 0.600000 0.299725 0.224572 1.977381 -1.052809 0.600000 -1.277381 0.600000 2.399026  -1   0  -1 
2455372.812926 -14.732648 0.519075 2.600000 0.700000 0.299725 0.224995 1.978861 0.846134 0.700000 0.621139 0.700000 2.399026  -1   0  -1 
2455372.815461 -14.730113 0.519151 -0.200000 0.700000 0.299725 0.225448 1.980448 -1.955000 0.700000 -2.180448 0.700000 2.399026  -1   0  -1 
2455372.817961 -14.727613 0.519225 0.000000 0.700000 0.299725 0.225895 1.982010 -1.756115 0.700000 -1.982010 0.700000 2.399026  -1   0  -1 
2455372.820334 -14.725240 0.519296 -0.700000 0.700000 0.299725 0.226320 1.983491 -2.457171 0.700000 -2.683491 0.700000 2.399026  -1   0  -1 
2455372.822846 -14.722728 0.519370 -2.000000 0.700000 0.299725 0.226769 1.985056 -3.758287 0.700000 -3.985056 0.700000 2.399026  -1   0  -1 
2455373.787027 -13.758547 0.548083 2.500000 0.700000 0.299725 0.401257 2.382892 0.518365 0.700000 0.117108 0.700000 2.399026  -1   0  -1 
2455373.789654 -13.755920 0.548161 3.200000 0.600000 0.299725 0.401739 2.383369 1.218369 0.600000 0.816631 0.600000 2.399026  -1   0  -1 
2455373.792363 -13.753211 0.548241 5.400000 0.700000 0.299725 0.402235 2.383858 3.418377 0.700000 3.016142 0.700000 2.399026  -1   0  -1 
2455373.795117 -13.750457 0.548323 0.700000 0.700000 0.299725 0.402740 2.384350 -1.281611 0.700000 -1.684350 0.700000 2.399026  -1   0  -1 
2455374.782319 -12.763255 0.577721 4.100000 0.800000 0.299725 0.586186 2.301746 2.384440 0.800000 1.798254 0.800000 2.399026  -1   0  -1 
2455374.784842 -12.760732 0.577796 5.300000 0.800000 0.299725 0.586662 2.300869 3.585793 0.800000 2.999131 0.800000 2.399026  -1   0  -1 
2455374.787307 -12.758267 0.577870 2.500000 0.700000 0.299725 0.587127 2.300009 0.787118 0.700000 0.199991 0.700000 2.399026  -1   0  -1 
2455374.789738 -12.755836 0.577942 2.600000 0.800000 0.299725 0.587585 2.299157 0.888428 0.800000 0.300843 0.800000 2.399026  -1   0  -1 
2455375.694460 -11.851114 0.604883 1.100000 0.700000 0.299725 0.760797 1.784265 0.076532 0.700000 -0.684265 0.700000 2.399026  -1   0  -1 
2455375.696914 -11.848660 0.604957 -0.500000 0.700000 0.299725 0.761274 1.782391 -1.521116 0.700000 -2.282391 0.700000 2.399026  -1   0  -1 
2455375.699333 -11.846241 0.605029 1.000000 0.700000 0.299725 0.761745 1.780541 -0.018796 0.700000 -0.780541 0.700000 2.399026  -1   0  -1 
2455375.701775 -11.843799 0.605101 0.900000 0.700000 0.299725 0.762220 1.778671 -0.116451 0.700000 -0.878671 0.700000 2.399026  -1   0  -1 
2455376.666000 -10.879574 0.633815 2.300000 0.500000 0.299725 0.953062 0.915198 2.337864 0.500000 1.384802 0.500000 2.399026  -1   0  -1 
2455376.671521 -10.874053 0.633979 1.300000 0.500000 0.299725 0.954175 0.909808 1.344367 0.500000 0.390192 0.500000 2.399026  -1   0  -1 
2455396.818485 9.272911 0.233930 -3.000000 0.400000 0.299725 -1.416324 -3.379453 -1.036871 0.400000 0.379453 0.400000 2.399026  -1   0  -1 
2455399.794059 12.248485 0.322538 -1.600000 0.300000 0.299725 -0.908909 -0.298020 -2.210889 0.300000 -1.301980 0.300000 2.399026  -1   0  -1 
2455401.724236 14.178662 0.380017 3.200000 0.500000 0.299725 -0.581715 1.251284 1.367000 0.500000 1.948716 0.500000 2.399026  -1   0  -1 
2455403.744580 16.199006 0.440180 0.800000 0.400000 0.299725 -0.237787 1.176162 -0.613949 0.400000 -0.376162 0.400000 2.399026  -1   0  -1 
2455407.739517 -13.387092 0.559144 0.300000 0.400000 0.299725 0.469652 -2.030314 2.799966 0.400000 2.330314 0.400000 2.399026  -1   0  -1 
2455407.744366 -13.382243 0.559288 -0.200000 0.600000 0.299725 0.470550 -2.031977 2.302526 0.600000 1.831977 0.600000 2.399026  -1   0  -1 
2455409.759906 -11.366703 0.619309 -0.900000 0.400000 0.299725 0.855797 -1.827623 1.783420 0.400000 0.927623 0.400000 2.399026  -1   0  -1 
2455409.765438 -11.361171 0.619473 -1.500000 0.400000 0.299725 0.856892 -1.824792 1.181684 0.400000 0.324792 0.400000 2.399026  -1   0  -1 
2455411.702076 -9.424533 0.677144 1.000000 0.400000 0.299725 1.254854 -0.278247 2.533101 0.400000 1.278247 0.400000 2.399026  -1   0  -1 
2455411.707608 -9.419001 0.677309 1.100000 0.400000 0.299725 1.256035 -0.272584 2.628620 0.400000 1.372584 0.400000 2.399026  -1   0  -1 
2455413.741738 -7.384871 0.737882 2.500000 0.500000 0.299725 1.706714 1.998608 2.208107 0.500000 0.501392 0.500000 2.399026  -1   0  -1 
2455413.747363 -7.379246 0.738050 3.900000 0.500000 0.299725 1.707998 2.004939 3.603059 0.500000 1.895061 0.500000 2.399026  -1   0  -1 
2455423.671167 2.544558 0.033568 -3.900000 0.600000 0.299725 -1.975494 -4.771619 -1.103874 0.600000 0.871619 0.600000 2.399026  -1   0  -1 
2455423.675010 2.548401 0.033682 -4.000000 0.600000 0.299725 -1.976558 -4.772001 -1.204557 0.600000 0.772001 0.600000 2.399026  -1   0  -1 
2455423.678921 2.552312 0.033799 -4.400000 0.600000 0.299725 -1.977637 -4.772379 -1.605258 0.600000 0.372379 0.600000 2.399026  -1   0  -1 
2455424.623362 3.496753 0.061923 -4.200000 0.800000 0.299725 -2.122049 -4.589338 -1.732711 0.800000 0.389338 0.800000 2.399026  -1   0  -1 
2455424.627274 3.500665 0.062040 -5.000000 0.700000 0.299725 -2.122259 -4.587589 -2.534670 0.700000 -0.412411 0.700000 2.399026  -1   0  -1 
2455424.631012 3.504403 0.062151 -4.600000 0.700000 0.299725 -2.122457 -4.585911 -2.136545 0.700000 -0.014089 0.700000 2.399026  -1   0  -1 
2455425.571355 4.444746 0.090153 -3.600000 0.500000 0.299725 -2.112580 -3.987211 -1.725369 0.500000 0.387211 0.500000 2.399026  -1   0  -1 
2455425.575244 4.448635 0.090269 -2.900000 0.600000 0.299725 -2.112342 -3.984112 -1.028231 0.600000 1.084112 0.600000 2.399026  -1   0  -1 
2455425.579121 4.452512 0.090384 -3.100000 0.600000 0.299725 -2.112104 -3.981017 -1.231087 0.600000 0.881017 0.600000 2.399026  -1   0  -1 
2455427.718138 6.591529 0.154082 -2.000000 0.500000 0.299725 -1.858548 -1.866069 -1.992479 0.500000 -0.133931 0.500000 2.399026  -1   0  -1 
2455427.721911 6.595302 0.154194 -2.400000 0.500000 0.299725 -1.857972 -1.862033 -2.395940 0.500000 -0.537967 0.500000 2.399026  -1   0  -1 
2455427.725707 6.599098 0.154307 -0.700000 0.500000 0.299725 -1.857393 -1.857972 -0.699421 0.500000 1.157972 0.500000 2.399026  -1   0  -1 
2455428.726322 7.599713 0.184104 -1.000000 0.500000 0.299725 -1.697990 -0.826149 -1.871840 0.500000 -0.173851 0.500000 2.399026  -1   0  -1 
2455428.730153 7.603544 0.184218 -0.400000 0.400000 0.299725 -1.697360 -0.822447 -1.274913 0.400000 0.422447 0.400000 2.399026  -1   0  -1 
2455428.733937 7.607328 0.184331 0.100000 0.500000 0.299725 -1.696737 -0.818793 -0.777945 0.500000 0.918793 0.500000 2.399026  -1   0  -1 
2455435.654960 14.528351 0.390430 -3.400000 0.600000 0.299725 -0.522424 -2.624415 -1.298008 0.600000 -0.775585 0.600000 2.399026  -1   0  -1 
2455436.663126 15.536517 0.420452 -5.600000 0.300000 0.299725 -0.351031 -3.049777 -2.901254 0.300000 -2.550223 0.300000 2.399026  -1   0  -1 
2455436.668404 15.541795 0.420609 -5.900000 0.300000 0.299725 -0.350132 -3.050819 -3.199313 0.300000 -2.849181 0.300000 2.399026  -1   0  -1 
2455437.672380 16.545771 0.450506 -6.300000 0.300000 0.299725 -0.178156 -3.025725 -3.452431 0.300000 -3.274275 0.300000 2.399026  -1   0  -1 
2455437.677657 16.551048 0.450663 -6.400000 0.300000 0.299725 -0.177248 -3.024461 -3.552787 0.300000 -3.375539 0.300000 2.399026  -1   0  -1 
2455438.708355 -15.999288 0.481356 -3.600000 0.300000 0.299725 0.001318 -2.576001 -1.022681 0.300000 -1.023999 0.300000 2.399026  -1   0  -1 
2455438.713494 -15.994149 0.481509 -3.700000 0.300000 0.299725 0.002215 -2.572840 -1.124945 0.300000 -1.127160 0.300000 2.399026  -1   0  -1 
2455439.730928 -14.976715 0.511807 -3.000000 0.300000 0.299725 0.181457 -1.799124 -1.019420 0.300000 -1.200876 0.300000 2.399026  -1   0  -1 
2455443.710245 -10.997398 0.630306 5.700000 0.400000 0.299725 0.929371 2.292853 4.336519 0.400000 3.407147 0.400000 2.399026  -1   0  -1 
2455444.726089 -9.981554 0.660557 3.700000 0.300000 0.299725 1.137254 2.955054 1.882200 0.300000 0.744946 0.300000 2.399026  -1   0  -1 
2455445.637866 -9.069777 0.687708 6.200000 0.200000 0.299725 1.331118 3.157774 4.373345 0.200000 3.042226 0.200000 2.399026  -1   0  -1 
2455446.658848 -8.048795 0.718112 7.400000 0.500000 0.299725 1.556336 2.869248 6.087088 0.500000 4.530752 0.500000 2.399026  -1   0  -1 
2455446.663928 -8.043715 0.718263 6.100000 0.500000 0.299725 1.557476 2.866500 4.790976 0.500000 3.233500 0.500000 2.399026  -1   0  -1 
2455453.602871 -1.104772 0.924896 0.600000 0.400000 0.299725 1.536690 -0.725414 2.862104 0.400000 1.325414 0.400000 2.399026  -1   0  -1 
2455453.606447 -1.101196 0.925002 0.800000 0.400000 0.299725 1.533080 -0.726825 3.059905 0.400000 1.526825 0.400000 2.399026  -1   0  -1 
2455453.610092 -1.097551 0.925111 -0.500000 0.400000 0.299725 1.529392 -0.728268 1.757660 0.400000 0.228268 0.400000 2.399026  -1   0  -1 
2455456.539745 1.832102 0.012352 1.100000 0.500000 0.299725 -1.685263 -1.482555 0.897292 0.500000 2.582555 0.500000 2.399026  -1   0  -1 
2455456.543147 1.835504 0.012453 2.400000 0.500000 0.299725 -1.687148 -1.481367 2.194219 0.500000 3.881367 0.500000 2.399026  -1   0  -1 
2455456.546504 1.838861 0.012553 3.000000 0.600000 0.299725 -1.689003 -1.480190 2.791187 0.600000 4.480190 0.600000 2.399026  -1   0  -1 
2455458.640176 3.932533 0.074900 1.600000 0.400000 0.299725 -2.131220 -0.435664 -0.095556 0.400000 2.035664 0.400000 2.399026  -1   0  -1 
2455458.645361 3.937718 0.075055 1.800000 0.400000 0.299725 -2.131174 -0.433550 0.102377 0.400000 2.233550 0.400000 2.399026  -1   0  -1 
2455459.533232 4.825589 0.101494 4.500000 0.300000 0.299725 -2.083755 -0.211625 2.627870 0.300000 4.711625 0.300000 2.399026  -1   0  -1 
2455459.538208 4.830565 0.101642 1.800000 0.300000 0.299725 -2.083311 -0.211293 -0.072018 0.300000 2.011293 0.300000 2.399026  -1   0  -1 
2455480.529186 -7.759492 0.726727 -4.700000 0.500000 0.299725 1.621549 -1.196264 -1.882187 0.500000 -3.503736 0.500000 2.399026  -1   0  -1 
2455480.532970 -7.755708 0.726839 -3.500000 0.400000 0.299725 1.622406 -1.195126 -0.682468 0.400000 -2.304874 0.400000 2.399026  -1   0  -1 
2455480.536778 -7.751900 0.726953 -1.800000 0.500000 0.299725 1.623268 -1.193975 1.017242 0.500000 -0.606025 0.500000 2.399026  -1   0  -1 
2455482.554786 -5.733892 0.787046 1.700000 0.400000 0.299725 2.082586 0.122858 3.659728 0.400000 1.577142 0.400000 2.399026  -1   0  -1 
2455484.542056 -3.746622 0.846225 2.300000 0.500000 0.299725 2.431816 2.174409 2.557407 0.500000 0.125591 0.500000 2.399026  -1   0  -1 
2455484.545828 -3.742850 0.846337 4.700000 0.500000 0.299725 2.432148 2.178253 4.953895 0.500000 2.521747 0.500000 2.399026  -1   0  -1 
2455484.549671 -3.739007 0.846452 3.800000 0.500000 0.299725 2.432484 2.182168 4.050316 0.500000 1.617832 0.500000 2.399026  -1   0  -1 
2455485.527184 -2.761494 0.875561 4.400000 0.400000 0.299725 2.420253 3.058289 3.761964 0.400000 1.341711 0.400000 2.399026  -1   0  -1 
2455485.532971 -2.755707 0.875733 6.100000 0.400000 0.299725 2.419425 3.062461 5.456964 0.400000 3.037539 0.400000 2.399026  -1   0  -1 
2455487.543214 -0.745464 0.935595 4.100000 0.400000 0.299725 1.138461 3.021528 2.216932 0.400000 1.078472 0.400000 2.399026  -1   0  -1 
2455487.548897 -0.739781 0.935765 4.100000 0.400000 0.299725 1.131633 3.016175 2.215459 0.400000 1.083825 0.400000 2.399026  -1   0  -1 
2455493.544252 5.255574 0.114299 -2.300000 0.400000 0.299725 -2.040087 -4.510508 0.170421 0.400000 2.210508 0.400000 2.399026  -1   0  -1 
2455493.550478 5.261800 0.114484 -3.100000 0.400000 0.299725 -2.039384 -4.512728 -0.626656 0.400000 1.412728 0.400000 2.399026  -1   0  -1 
2455495.535877 7.247199 0.173607 -3.000000 0.400000 0.299725 -1.755423 -4.306861 -0.448562 0.400000 1.306861 0.400000 2.399026  -1   0  -1 
2455495.541664 7.252986 0.173779 -3.000000 0.400000 0.299725 -1.754490 -4.303880 -0.450609 0.400000 1.303880 0.400000 2.399026  -1   0  -1 
2455498.517820 10.229142 0.262405 -1.400000 0.700000 0.299725 -1.253004 -1.655017 -0.997987 0.700000 0.255017 0.700000 2.399026  -1   0  -1 
2455498.523445 10.234767 0.262573 -0.800000 0.600000 0.299725 -1.252043 -1.648785 -0.403258 0.600000 0.848785 0.600000 2.399026  -1   0  -1 
2455500.544007 12.255329 0.322742 -1.600000 0.300000 0.299725 -0.907747 0.482823 -2.990570 0.300000 -2.082823 0.300000 2.399026  -1   0  -1 
2455500.549389 12.260711 0.322903 -1.600000 0.400000 0.299725 -0.906833 0.487687 -2.994520 0.400000 -2.087687 0.400000 2.399026  -1   0  -1 
2455501.547102 13.258424 0.352613 -1.800000 0.300000 0.299725 -0.737627 1.234790 -3.772418 0.300000 -3.034790 0.300000 2.399026  -1   0  -1 
2455501.552738 13.264060 0.352781 -2.600000 0.300000 0.299725 -0.736672 1.237981 -4.574653 0.300000 -3.837981 0.300000 2.399026  -1   0  -1 
2455505.514789 -16.354923 0.470766 -1.300000 0.300000 0.299725 -0.060589 -0.194187 -1.166402 0.300000 -1.105813 0.300000 2.399026  -1   0  -1 
2455505.520425 -16.349287 0.470934 -1.000000 0.300000 0.299725 -0.059610 -0.199697 -0.859913 0.300000 -0.800303 0.300000 2.399026  -1   0  -1 
2455507.517142 -14.352570 0.530393 -4.500000 0.300000 0.299725 0.293272 -1.714323 -2.492405 0.300000 -2.785677 0.300000 2.399026  -1   0  -1 
2455507.522824 -14.346888 0.530563 -6.000000 0.300000 0.299725 0.294297 -1.716604 -3.989098 0.300000 -4.283396 0.300000 2.399026  -1   0  -1 
2455509.518050 -12.351662 0.589978 -3.700000 0.400000 0.299725 0.664320 -1.625349 -1.410330 0.400000 -2.074651 0.400000 2.399026  -1   0  -1 
2455509.523524 -12.346188 0.590141 -3.500000 0.400000 0.299725 0.665367 -1.622782 -1.211851 0.400000 -1.877218 0.400000 2.399026  -1   0  -1 
2455511.516449 -10.353263 0.649488 -2.400000 0.400000 0.299725 1.060220 -0.051939 -1.287841 0.400000 -2.348061 0.400000 2.399026  -1   0  -1 
2455511.521935 -10.347777 0.649651 -2.800000 0.400000 0.299725 1.061349 -0.046213 -1.692438 0.400000 -2.753787 0.400000 2.399026  -1   0  -1 
2455513.504562 -8.365150 0.708691 1.000000 0.400000 0.299725 1.485685 2.258097 0.227587 0.400000 -1.258097 0.400000 2.399026  -1   0  -1 
2455513.510244 -8.359468 0.708860 1.200000 0.400000 0.299725 1.486947 2.264946 0.422001 0.400000 -1.064946 0.400000 2.399026  -1   0  -1 
2455514.505835 -7.363877 0.738508 0.400000 0.300000 0.299725 1.711507 3.421850 -1.310343 0.300000 -3.021850 0.300000 2.399026  -1   0  -1 
2455514.511356 -7.358356 0.738672 0.800000 0.300000 0.299725 1.712767 3.427887 -0.915120 0.300000 -2.627887 0.300000 2.399026  -1   0  -1 
2455519.503938 -2.365774 0.887345 3.400000 0.500000 0.299725 2.335078 3.526934 2.208144 0.500000 -0.126934 0.500000 2.399026  -1   0  -1 
2455519.508811 -2.360901 0.887490 4.000000 0.500000 0.299725 2.333635 3.520474 2.813161 0.500000 0.479526 0.500000 2.399026  -1   0  -1 
2455523.508036 1.638324 0.006582 1.800000 0.400000 0.299725 -1.568826 -2.291019 2.522193 0.400000 4.091019 0.400000 2.399026  -1   0  -1 
2455523.513036 1.643324 0.006730 2.000000 0.400000 0.299725 -1.572060 -2.292352 2.720291 0.400000 4.292352 0.400000 2.399026  -1   0  -1 
2455524.521481 2.651769 0.036761 1.600000 0.300000 0.299725 -2.003479 -2.134187 1.730708 0.300000 3.734187 0.300000 2.399026  -1   0  -1 
2455524.526446 2.656734 0.036908 2.100000 0.300000 0.299725 -2.004691 -2.131554 2.226863 0.300000 4.231554 0.300000 2.399026  -1   0  -1 
2455653.900831 -2.293019 0.889511 -0.800000 0.400000 0.299725 2.312427 1.543508 -0.031081 0.400000 -2.343508 0.400000 2.399026  -1   0  -1 
2455653.906410 -2.287440 0.889677 0.500000 0.400000 0.299725 2.310591 1.545495 1.265096 0.400000 -1.045495 0.400000 2.399026  -1   0  -1 
2455654.900357 -1.293493 0.919276 0.800000 0.400000 0.299725 1.716282 1.725902 0.790380 0.400000 -0.925902 0.400000 2.399026  -1   0  -1 
2455654.905936 -1.287914 0.919442 1.300000 0.400000 0.299725 1.711286 1.725682 1.285603 0.400000 -0.425682 0.400000 2.399026  -1   0  -1 
2455657.909222 1.715372 0.008876 -0.300000 0.300000 0.299725 -1.617294 0.956563 -2.873857 0.300000 -1.256563 0.300000 2.399026  -1   0  -1 
2455657.914813 1.720963 0.009042 -0.700000 0.300000 0.299725 -1.620698 0.956740 -3.277438 0.300000 -1.656740 0.300000 2.399026  -1   0  -1 
2455659.907949 3.714099 0.068395 0.500000 0.400000 0.299725 -2.130021 0.928888 -2.558909 0.400000 -0.428888 0.400000 2.399026  -1   0  -1 
2455659.913540 3.719690 0.068562 -0.700000 0.400000 0.299725 -2.130133 0.927410 -3.757543 0.400000 -1.627410 0.400000 2.399026  -1   0  -1 
2455660.901884 4.708034 0.097994 -0.600000 0.300000 0.299725 -2.093774 0.459088 -3.152862 0.300000 -1.059088 0.300000 2.399026  -1   0  -1 
2455662.902485 6.708635 0.157569 -0.700000 0.500000 0.299725 -1.840575 -1.423737 -1.116838 0.500000 0.723737 0.500000 2.399026  -1   0  -1 
2455662.908180 6.714330 0.157738 -1.100000 0.500000 0.299725 -1.839695 -1.429513 -1.510182 0.500000 0.329513 0.500000 2.399026  -1   0  -1 
2455663.839263 7.645413 0.185465 -2.700000 0.900000 0.299725 -1.690469 -2.280566 -2.109903 0.900000 -0.419434 0.900000 2.399026  -1   0  -1 
2455672.897729 16.703879 0.455214 -0.000000 0.300000 0.299725 -0.150925 2.699778 -2.850703 0.300000 -2.699778 0.300000 2.399026  -1   0  -1 
2455672.902775 16.708925 0.455365 0.100000 0.300000 0.299725 -0.150055 2.702628 -2.752683 0.300000 -2.602628 0.300000 2.399026  -1   0  -1 
2455675.905453 -13.869431 0.544781 -2.200000 0.200000 0.299725 0.380975 2.185103 -4.004128 0.200000 -4.385103 0.200000 2.399026  -1   0  -1 
2455679.879903 -9.894981 0.663135 -3.400000 0.300000 0.299725 1.155360 -0.549875 -1.694764 0.300000 -2.850125 0.300000 2.399026  -1   0  -1 
2455679.885123 -9.889761 0.663290 -4.100000 0.300000 0.299725 1.156454 -0.549817 -2.393729 0.300000 -3.550183 0.300000 2.399026  -1   0  -1 
2455712.893679 -10.462239 0.646242 0.600000 0.300000 0.299725 1.037851 1.495523 0.142327 0.300000 -0.895523 0.300000 2.399026  -1   0  -1 
2455715.864679 -7.491239 0.734715 4.700000 0.700000 0.299725 1.682461 4.357392 2.025070 0.700000 0.342608 0.700000 2.399026  -1   0  -1 
2455715.867376 -7.488542 0.734795 4.200000 0.700000 0.299725 1.683076 4.358940 1.524136 0.700000 -0.158940 0.700000 2.399026  -1   0  -1 
2455715.869992 -7.485926 0.734873 4.600000 0.700000 0.299725 1.683672 4.360438 1.923233 0.700000 0.239562 0.700000 2.399026  -1   0  -1 
2455715.872747 -7.483171 0.734955 4.200000 0.700000 0.299725 1.684299 4.362013 1.522286 0.700000 -0.162013 0.700000 2.399026  -1   0  -1 
2455735.809170 12.453252 0.328636 -3.700000 0.300000 0.299725 -0.874147 -2.282337 -2.291810 0.300000 -1.417663 0.300000 2.399026  -1   0  -1 
2455754.777241 -2.159712 0.893481 2.200000 0.500000 0.299725 2.264553 1.690953 2.773600 0.500000 0.509047 0.500000 2.399026  -1   0  -1 
2455755.755721 -1.181232 0.922619 1.000000 0.400000 0.299725 1.612057 1.911523 0.700534 0.400000 -0.911523 0.400000 2.399026  -1   0  -1 
2455769.736300 12.799347 0.338942 -1.000000 0.300000 0.299725 -0.815438 -0.841920 -0.973517 0.300000 -0.158080 0.300000 2.399026  -1   0  -1 
2455769.742075 12.805122 0.339114 -1.400000 0.400000 0.299725 -0.814458 -0.835689 -1.378770 0.400000 -0.564311 0.400000 2.399026  -1   0  -1 
2455776.628483 -13.889504 0.544183 0.200000 0.400000 0.299725 0.377309 0.928795 -0.351485 0.400000 -0.728795 0.400000 2.399026  -1   0  -1 
2455782.624998 -7.892989 0.722751 1.200000 0.400000 0.299725 1.591390 0.355086 2.436304 0.400000 0.844914 0.400000 2.399026  -1   0  -1 
2455784.737667 -5.780320 0.785664 4.400000 0.300000 0.299725 2.072299 2.660118 3.812180 0.300000 1.739882 0.300000 2.399026  -1   0  -1 
2455801.526698 11.008711 0.285620 0.600000 0.600000 0.299725 -1.119899 1.240741 -1.760641 0.600000 -0.640741 0.600000 2.399026  -1   0  -1 
2455801.531628 11.013641 0.285766 -0.100000 0.600000 0.299725 -1.119059 1.243379 -2.462438 0.600000 -1.343379 0.600000 2.399026  -1   0  -1 
2455804.632333 14.114346 0.378101 -1.800000 0.600000 0.299725 -0.592616 0.518103 -2.910719 0.600000 -2.318103 0.600000 2.399026  -1   0  -1 
2455804.637669 14.119682 0.378260 -1.100000 0.500000 0.299725 -0.591711 0.513183 -2.204894 0.500000 -1.613183 0.500000 2.399026  -1   0  -1 
2455807.626267 -16.472755 0.467257 0.400000 0.500000 0.299725 -0.081028 -1.979560 2.298532 0.500000 2.379560 0.500000 2.399026  -1   0  -1 
2455807.631162 -16.467860 0.467403 0.500000 0.400000 0.299725 -0.080179 -1.981433 2.401254 0.400000 2.481433 0.400000 2.399026  -1   0  -1 
2455810.581550 -13.517472 0.555261 -2.800000 0.400000 0.299725 0.445565 -1.275789 -1.078645 0.400000 -1.524211 0.400000 2.399026  -1   0  -1 
2455810.586723 -13.512299 0.555416 -1.900000 0.400000 0.299725 0.446519 -1.271824 -0.181656 0.400000 -0.628176 0.400000 2.399026  -1   0  -1 
2455816.587002 -7.512020 0.734096 1.700000 0.500000 0.299725 1.677729 4.144089 -0.766360 0.500000 -2.444089 0.500000 2.399026  -1   0  -1 
2455816.590578 -7.508444 0.734203 2.400000 0.400000 0.299725 1.678544 4.144891 -0.066347 0.400000 -1.744891 0.400000 2.399026  -1   0  -1 
2455816.594154 -7.504868 0.734309 1.900000 0.400000 0.299725 1.679358 4.145686 -0.566328 0.400000 -2.245686 0.400000 2.399026  -1   0  -1 
2455834.622073 10.523051 0.271157 -2.700000 0.300000 0.299725 -1.202793 -1.815762 -2.087031 0.300000 -0.884238 0.300000 2.399026  -1   0  -1 
2455834.627593 10.528571 0.271322 -3.600000 0.300000 0.299725 -1.201851 -1.820970 -2.980881 0.300000 -1.779030 0.300000 2.399026  -1   0  -1 
2455836.585712 12.486690 0.329632 -4.400000 0.300000 0.299725 -0.868473 -3.027929 -2.240543 0.300000 -1.372071 0.300000 2.399026  -1   0  -1 
2455836.591440 12.492418 0.329803 -5.300000 0.300000 0.299725 -0.867501 -3.029136 -3.138365 0.300000 -2.270864 0.300000 2.399026  -1   0  -1 
2455839.585007 15.485985 0.418947 -3.100000 0.500000 0.299725 -0.359645 -1.879930 -1.579715 0.500000 -1.220070 0.500000 2.399026  -1   0  -1 
2455839.590794 15.491772 0.419119 -2.800000 0.500000 0.299725 -0.358659 -1.874958 -1.283701 0.500000 -0.925042 0.500000 2.399026  -1   0  -1 
2455842.549547 -15.130509 0.507227 2.500000 0.500000 0.299725 0.154137 1.190365 1.463772 0.500000 1.309635 0.500000 2.399026  -1   0  -1 
2455842.555033 -15.125023 0.507391 2.700000 0.400000 0.299725 0.155110 1.196085 1.659026 0.400000 1.503915 0.400000 2.399026  -1   0  -1 
2455845.575633 -12.104423 0.597340 5.300000 0.500000 0.299725 0.711767 3.055343 2.956424 0.500000 2.244657 0.500000 2.399026  -1   0  -1 
2455845.581258 -12.098798 0.597508 5.100000 0.500000 0.299725 0.712851 3.055144 2.757708 0.500000 2.044856 0.500000 2.399026  -1   0  -1 
2455870.498785 12.818729 0.339520 -3.100000 0.400000 0.299725 -0.812151 -0.400351 -3.511800 0.400000 -2.699649 0.400000 2.399026  -1   0  -1 
2455870.504422 12.824366 0.339687 -2.300000 0.400000 0.299725 -0.811196 -0.394227 -2.716969 0.400000 -1.905773 0.400000 2.399026  -1   0  -1 
2455874.532217 -16.728873 0.459630 1.300000 0.500000 0.299725 -0.125339 2.019069 -0.844408 0.500000 -0.719069 0.500000 2.399026  -1   0  -1 
2455874.537437 -16.723653 0.459785 3.300000 0.700000 0.299725 -0.124437 2.017678 1.157885 0.700000 1.282322 0.700000 2.399026  -1   0  -1 
2455878.549549 -12.711541 0.579261 3.500000 0.700000 0.299725 0.595947 -1.155581 5.251528 0.700000 4.655581 0.700000 2.399026  -1   0  -1 
2455878.554965 -12.706125 0.579422 5.200000 0.700000 0.299725 0.596970 -1.158716 6.955686 0.700000 6.358716 0.700000 2.399026  -1   0  -1 
2456020.892743 -4.692485 0.818058 3.600000 0.400000 0.299725 2.296938 0.674515 5.222423 0.400000 2.925485 0.400000 2.399026  -1   0  -1 
2456020.898160 -4.687068 0.818220 3.600000 0.400000 0.299725 2.297929 0.670341 5.227588 0.400000 2.929659 0.400000 2.399026  -1   0  -1 
2456022.889397 -2.695831 0.877516 -0.500000 0.500000 0.299725 2.410183 -0.302817 2.213000 0.500000 -0.197183 0.500000 2.399026  -1   0  -1 
2456022.894884 -2.690344 0.877679 -1.400000 0.600000 0.299725 2.409274 -0.304321 1.313595 0.600000 -1.095679 0.600000 2.399026  -1   0  -1 
2456024.891353 -0.693875 0.937132 -3.100000 0.400000 0.299725 1.075957 -1.092600 -0.931443 0.400000 -2.007400 0.400000 2.399026  -1   0  -1 
2456024.897048 -0.688180 0.937301 -2.600000 0.400000 0.299725 1.068986 -1.096172 -0.434842 0.400000 -1.503828 0.400000 2.399026  -1   0  -1 
2456028.922257 3.337029 0.057167 0.500000 0.300000 0.299725 -2.111232 -0.920716 -0.690515 0.300000 1.420716 0.300000 2.399026  -1   0  -1 
2456029.892891 4.307663 0.086071 0.500000 0.500000 0.299725 -2.120118 -0.343601 -1.276517 0.500000 0.843601 0.500000 2.399026  -1   0  -1 
2456029.898354 4.313126 0.086234 0.000000 0.500000 0.299725 -2.119850 -0.340946 -1.778904 0.500000 0.340946 0.500000 2.399026  -1   0  -1 
2456031.852968 6.267740 0.144440 1.300000 0.400000 0.299725 -1.906943 -0.187533 -0.419410 0.400000 1.487533 0.400000 2.399026  -1   0  -1 
2456052.857065 -6.309197 0.769915 -2.600000 0.400000 0.299725 1.953078 -0.575895 -0.071027 0.400000 -2.024105 0.400000 2.399026  -1   0  -1 
2456052.862482 -6.303780 0.770076 -1.800000 0.400000 0.299725 1.954313 -0.572373 0.726686 0.400000 -1.227627 0.400000 2.399026  -1   0  -1 
2456053.851639 -5.314623 0.799532 -3.000000 0.400000 0.299725 2.173376 0.205674 -1.032297 0.400000 -3.205674 0.400000 2.399026  -1   0  -1 
2456053.857114 -5.309148 0.799695 0.900000 0.400000 0.299725 2.174531 0.210615 2.863916 0.400000 0.689385 0.400000 2.399026  -1   0  -1 
2456054.839916 -4.326346 0.828961 -2.200000 0.300000 0.299725 2.359303 1.166590 -1.007286 0.300000 -3.366590 0.300000 2.399026  -1   0  -1 
2456055.886865 -3.279397 0.860138 -0.400000 0.300000 0.299725 2.454145 2.206530 -0.152385 0.300000 -2.606530 0.300000 2.399026  -1   0  -1 
2456056.818146 -2.348116 0.887870 2.000000 0.400000 0.299725 2.329798 2.924317 1.405481 0.400000 -0.924317 0.400000 2.399026  -1   0  -1 
2456056.823714 -2.342548 0.888036 1.800000 0.400000 0.299725 2.328104 2.927437 1.200667 0.400000 -1.127437 0.400000 2.399026  -1   0  -1 
2456078.843392 -13.903905 0.543754 2.600000 0.300000 0.299725 0.374681 -2.000557 4.975238 0.300000 4.600557 0.300000 2.399026  -1   0  -1 
2456078.849075 -13.898222 0.543923 2.300000 0.300000 0.299725 0.375718 -2.003109 4.678827 0.300000 4.303109 0.300000 2.399026  -1   0  -1 
2456081.832748 -10.914549 0.632773 0.600000 0.400000 0.299725 0.946019 -1.432084 2.978103 0.400000 2.032084 0.400000 2.399026  -1   0  -1 
2456081.838651 -10.908646 0.632949 0.300000 0.300000 0.299725 0.947207 -1.427679 2.674886 0.300000 1.727679 0.300000 2.399026  -1   0  -1 
2456085.820521 -6.926776 0.751524 3.400000 0.400000 0.299725 1.811605 2.722573 2.489032 0.400000 0.677427 0.400000 2.399026  -1   0  -1 
2456085.826250 -6.921047 0.751695 4.100000 0.500000 0.299725 1.812919 2.728438 3.184481 0.500000 1.371562 0.500000 2.399026  -1   0  -1 
2456088.742747 -4.004550 0.838544 5.500000 0.300000 0.299725 2.404427 4.145600 3.758827 0.300000 1.354400 0.300000 2.399026  -1   0  -1 
2456092.900369 0.153072 0.962353 -0.000000 0.300000 0.299725 -0.044599 -2.284944 2.240346 0.300000 2.284944 0.300000 2.399026  -1   0  -1 
2456115.815540 -10.512791 0.644737 3.600000 0.400000 0.299725 1.027506 2.767998 1.859508 0.400000 0.832002 0.400000 2.399026  -1   0  -1 
2456118.809984 -7.518347 0.733908 6.100000 0.300000 0.299725 1.676289 2.230933 5.545356 0.300000 3.869067 0.300000 2.399026  -1   0  -1 
2456121.820367 -4.507964 0.823553 2.900000 0.700000 0.299725 2.329607 -0.159697 5.389304 0.700000 3.059697 0.700000 2.399026  -1   0  -1 
2456149.686124 -10.223242 0.653359 -1.200000 0.400000 0.299725 1.087037 -0.824352 0.711389 0.400000 -0.375648 0.400000 2.399026  -1   0  -1 
2456154.723489 -5.185877 0.803366 5.400000 0.400000 0.299725 2.200273 0.949392 6.650881 0.400000 4.450608 0.400000 2.399026  -1   0  -1 
2456154.728442 -5.180924 0.803513 6.200000 0.600000 0.299725 2.201296 0.954670 7.446626 0.600000 5.245330 0.600000 2.399026  -1   0  -1 
2456166.527551 6.618185 0.154875 -4.500000 0.300000 0.299725 -1.854477 -4.367981 -1.986496 0.300000 -0.132019 0.300000 2.399026  -1   0  -1 
2456168.609469 8.700103 0.216872 -4.900000 0.500000 0.299725 -1.513756 -2.853746 -3.560010 0.500000 -2.046254 0.500000 2.399026  -1   0  -1 
2456168.615105 8.705739 0.217040 -4.000000 0.400000 0.299725 -1.512801 -2.848177 -2.664623 0.400000 -1.151823 0.400000 2.399026  -1   0  -1 
2456171.510563 11.601197 0.303263 1.200000 0.300000 0.299725 -1.018950 0.295981 -0.114931 0.300000 0.904019 0.300000 2.399026  -1   0  -1 
2456173.694840 13.785474 0.368308 5.800000 0.400000 0.299725 -0.648338 1.760178 3.391483 0.400000 4.039822 0.400000 2.399026  -1   0  -1 
2456181.612869 -11.877531 0.604097 2.900000 0.300000 0.299725 0.755664 -0.610491 4.266155 0.300000 3.510491 0.300000 2.399026  -1   0  -1 
2456186.623747 -6.866653 0.753314 7.200000 0.300000 0.299725 1.825402 5.313293 3.712109 0.300000 1.886707 0.300000 2.399026  -1   0  -1 
2456189.666838 -3.823562 0.843934 6.100000 0.900000 0.299725 2.424595 6.498027 2.026567 0.900000 -0.398027 0.900000 2.399026  -1   0  -1 
2456190.592865 -2.897535 0.871510 3.100000 0.400000 0.299725 2.436582 5.915293 -0.378710 0.400000 -2.815293 0.400000 2.399026  -1   0  -1 
2456190.598548 -2.891852 0.871679 2.100000 0.400000 0.299725 2.436017 5.910522 -1.374505 0.400000 -3.810522 0.400000 2.399026  -1   0  -1 
2456195.586272 2.095872 0.020207 1.700000 0.500000 0.299725 -1.816117 0.943678 -1.059796 0.500000 0.756322 0.500000 2.399026  -1   0  -1 
2456195.591793 2.101393 0.020371 1.200000 0.500000 0.299725 -1.818539 0.944935 -1.563474 0.500000 0.255065 0.500000 2.399026  -1   0  -1 
2456198.564091 5.073691 0.108882 8.300000 0.600000 0.299725 -2.059788 3.236845 3.003367 0.600000 5.063155 0.600000 2.399026  -1   0  -1 
2456198.569866 5.079466 0.109054 8.700000 0.600000 0.299725 -2.059188 3.242645 3.398167 0.600000 5.457355 0.600000 2.399026  -1   0  -1 
2456204.547188 11.056788 0.287051 3.800000 0.400000 0.299725 -1.111700 4.371515 -1.683215 0.400000 -0.571515 0.400000 2.399026  -1   0  -1 
2456205.523197 12.032797 0.316116 0.900000 0.200000 0.299725 -0.945549 3.251765 -3.297314 0.200000 -2.351765 0.200000 2.399026  -1   0  -1 
2456208.615737 15.125337 0.408207 -0.500000 0.500000 0.299725 -0.421040 1.075941 -1.996982 0.500000 -1.575941 0.500000 2.399026  -1   0  -1 
2456209.540800 16.050400 0.435755 2.500000 0.500000 0.299725 -0.263246 1.201996 1.034758 0.500000 1.298004 0.500000 2.399026  -1   0  -1 
2456210.532155 -16.539279 0.465276 2.300000 0.400000 0.299725 -0.092552 1.684425 0.523023 0.400000 0.615575 0.400000 2.399026  -1   0  -1 
2456212.523498 -14.547936 0.524576 7.600000 0.200000 0.299725 0.258101 3.371758 4.486343 0.200000 4.228242 0.200000 2.399026  -1   0  -1 
2456217.523649 -9.547785 0.673474 8.100000 0.400000 0.299725 1.228607 6.272253 3.056354 0.400000 1.827747 0.400000 2.399026  -1   0  -1 
2456217.529482 -9.541952 0.673647 9.800000 0.400000 0.299725 1.229846 6.269931 4.759916 0.400000 3.530069 0.400000 2.399026  -1   0  -1 
2456218.587951 -8.483483 0.705167 9.400000 0.400000 0.299725 1.459450 5.585070 5.274379 0.400000 3.814930 0.400000 2.399026  -1   0  -1 
2456219.500319 -7.571115 0.732336 8.400000 0.200000 0.299725 1.664284 4.706199 5.358085 0.200000 3.693801 0.200000 2.399026  -1   0  -1 
2456220.491327 -6.580107 0.761847 6.000000 0.400000 0.299725 1.891136 3.729296 4.161841 0.400000 2.270704 0.400000 2.399026  -1   0  -1 
2456220.514069 -6.557365 0.762524 5.400000 0.300000 0.299725 1.896347 3.708871 3.587477 0.300000 1.691129 0.300000 2.399026  -1   0  -1 
2456409.867093 14.890486 0.401214 2.600000 0.600000 0.299725 -0.460955 -2.291679 4.430724 0.600000 4.891679 0.600000 2.399026  -1   0  -1 
2456409.872719 14.896112 0.401381 2.400000 0.600000 0.299725 -0.459999 -2.288513 4.228514 0.600000 4.688513 0.600000 2.399026  -1   0  -1 
2456410.795661 15.819054 0.428865 4.100000 3.300000 0.299725 -0.302812 -1.641252 5.438441 3.300000 5.741252 3.300000 2.399026  -1   0  -1 
2456410.804261 15.827654 0.429122 8.100000 2.400000 0.299725 -0.301342 -1.634146 9.432804 2.400000 9.734146 2.400000 2.399026  -1   0  -1 
2456416.824768 -11.732873 0.608405 5.500000 0.600000 0.299725 0.783833 3.419092 2.864741 0.600000 2.080908 0.600000 2.399026  -1   0  -1 
2456416.828565 -11.729076 0.608518 7.100000 0.500000 0.299725 0.784575 3.419178 4.465397 0.500000 3.680822 0.500000 2.399026  -1   0  -1 
2456416.832443 -11.725198 0.608633 6.300000 0.600000 0.299725 0.785332 3.419258 3.666074 0.600000 2.880742 0.600000 2.399026  -1   0  -1 
2456432.884915 4.327274 0.086655 3.100000 0.400000 0.299725 -2.119143 -0.652344 1.633201 0.400000 3.752344 0.400000 2.399026  -1   0  -1 
2456432.890124 4.332483 0.086810 2.800000 0.500000 0.299725 -2.118878 -0.657418 1.338540 0.500000 3.457418 0.500000 2.399026  -1   0  -1 
2456433.905268 5.347627 0.117040 5.500000 0.700000 0.299725 -2.029511 -1.719183 5.189672 0.700000 7.219183 0.700000 2.399026  -1   0  -1 
2456433.910395 5.352754 0.117193 3.600000 0.800000 0.299725 -2.028911 -1.724663 3.295752 0.800000 5.324663 0.800000 2.399026  -1   0  -1 
2456434.892458 6.334817 0.146437 2.200000 0.500000 0.299725 -1.897089 -2.702551 3.005461 0.500000 4.902551 0.500000 2.399026  -1   0  -1 
2456434.898129 6.340488 0.146606 3.800000 0.500000 0.299725 -1.896252 -2.707540 4.611288 0.500000 6.507540 0.500000 2.399026  -1   0  -1 
2456437.889188 9.331547 0.235676 0.400000 0.400000 0.299725 -1.406324 -3.497419 2.491095 0.400000 3.897419 0.400000 2.399026  -1   0  -1 
2456437.894720 9.337079 0.235841 0.800000 0.400000 0.299725 -1.405380 -3.495361 2.889981 0.400000 4.295361 0.400000 2.399026  -1   0  -1 
2456438.860772 10.303131 0.264608 0.900000 0.300000 0.299725 -1.240362 -2.972922 2.632560 0.300000 3.872922 0.300000 2.399026  -1   0  -1 
2456441.860316 13.302675 0.353931 0.200000 0.400000 0.299725 -0.730130 -0.061031 -0.469099 0.400000 0.261031 0.400000 2.399026  -1   0  -1 
2456454.832361 -7.306314 0.740222 2.300000 0.400000 0.299725 1.724656 1.159811 2.864845 0.400000 1.140189 0.400000 2.399026  -1   0  -1 
2456454.837894 -7.300781 0.740386 3.200000 0.400000 0.299725 1.725921 1.165861 3.760060 0.400000 2.034139 0.400000 2.399026  -1   0  -1 
2456467.823190 5.684515 0.127072 -0.600000 0.600000 0.299725 -1.987822 -3.578536 0.990714 0.600000 2.978536 0.600000 2.399026  -1   0  -1 
2456467.826929 5.688254 0.127183 1.000000 0.600000 0.299725 -1.987336 -3.575696 2.588360 0.600000 4.575696 0.600000 2.399026  -1   0  -1 
2456467.830702 5.692027 0.127296 0.400000 0.600000 0.299725 -1.986845 -3.572826 1.985981 0.600000 3.972826 0.600000 2.399026  -1   0  -1 
2456473.860840 11.722165 0.306865 1.900000 0.500000 0.299725 -0.998366 1.472690 -0.571056 0.500000 0.427310 0.500000 2.399026  -1   0  -1 
2456473.864821 11.726146 0.306984 1.400000 0.500000 0.299725 -0.997689 1.472895 -1.070584 0.500000 -0.072895 0.500000 2.399026  -1   0  -1 
2456473.868595 11.729920 0.307096 0.700000 0.500000 0.299725 -0.997047 1.473082 -1.770128 0.500000 -0.773082 0.500000 2.399026  -1   0  -1 
2456480.776552 -14.943158 0.512806 0.100000 0.500000 0.299725 0.187429 -2.022689 2.310118 0.500000 2.122689 0.500000 2.399026  -1   0  -1 
2456480.782281 -14.937429 0.512977 -1.300000 0.500000 0.299725 0.188449 -2.020435 0.908885 0.500000 0.720435 0.500000 2.399026  -1   0  -1 
2456481.631506 -14.088204 0.538266 -1.100000 0.600000 0.299725 0.341129 -1.558783 0.799912 0.600000 0.458783 0.600000 2.399026  -1   0  -1 
2456481.637189 -14.082521 0.538435 -1.400000 0.600000 0.299725 0.342161 -1.554903 0.497065 0.600000 0.154903 0.600000 2.399026  -1   0  -1 
2456501.599929 5.880219 0.132900 5.300000 0.300000 0.299725 -1.961755 0.354714 2.983531 0.300000 4.945286 0.300000 2.399026  -1   0  -1 
2456523.744316 -5.556428 0.792331 1.600000 0.300000 0.299725 2.121525 -0.171157 3.892683 0.300000 1.771157 0.300000 2.399026  -1   0  -1 
2456524.691276 -4.609468 0.820530 2.200000 0.400000 0.299725 2.311919 0.412760 4.099159 0.400000 1.787240 0.400000 2.399026  -1   0  -1 
2456524.696693 -4.604051 0.820692 1.600000 0.400000 0.299725 2.312881 0.416758 3.496123 0.400000 1.183242 0.400000 2.399026  -1   0  -1 
2456525.743740 -3.557004 0.851871 1.700000 0.300000 0.299725 2.445682 1.268232 2.877450 0.300000 0.431768 0.300000 2.399026  -1   0  -1 
2456569.534062 6.652283 0.155891 1.500000 0.500000 0.299725 -1.849252 -2.321643 1.972391 0.500000 3.821643 0.500000 2.399026  -1   0  -1 
2456585.564665 -10.898148 0.633262 4.800000 0.400000 0.299725 0.949321 2.018271 3.731050 0.400000 2.781729 0.400000 2.399026  -1   0  -1 
2456585.568473 -10.894340 0.633375 3.600000 0.400000 0.299725 0.950087 2.022191 2.527897 0.400000 1.577809 0.400000 2.399026  -1   0  -1 
2456585.572350 -10.890463 0.633490 3.900000 0.400000 0.299725 0.950868 2.026179 2.824689 0.400000 1.873821 0.400000 2.399026  -1   0  -1 
2456586.547688 -9.915125 0.662535 3.500000 0.500000 0.299725 1.151142 2.928803 1.722339 0.500000 0.571197 0.500000 2.399026  -1   0  -1 
2456586.551530 -9.911283 0.662649 3.300000 0.500000 0.299725 1.151946 2.931861 1.520085 0.500000 0.368139 0.500000 2.399026  -1   0  -1 
2456586.555442 -9.907371 0.662766 2.500000 0.500000 0.299725 1.152765 2.934969 0.717796 0.500000 -0.434969 0.500000 2.399026  -1   0  -1 
2456590.510961 -5.951852 0.780556 4.600000 0.700000 0.299725 2.033994 2.546967 4.087027 0.700000 2.053033 0.700000 2.399026  -1   0  -1 
2456590.514943 -5.947870 0.780674 6.200000 0.800000 0.299725 2.034888 2.543298 5.691590 0.800000 3.656702 0.800000 2.399026  -1   0  -1 
2456590.518611 -5.944202 0.780784 5.400000 0.600000 0.299725 2.035711 2.539916 4.895795 0.600000 2.860084 0.600000 2.399026  -1   0  -1 
2456765.917789 1.549804 0.003946 -0.600000 0.400000 0.299725 -1.509482 -4.363834 2.254352 0.400000 3.763834 0.400000 2.399026  -1   0  -1 
2456765.923021 1.555036 0.004101 -1.300000 0.400000 0.299725 -1.513100 -4.367420 1.554320 0.400000 3.067420 0.400000 2.399026  -1   0  -1 
2456789.854143 -8.094876 0.716739 6.600000 0.400000 0.299725 1.546000 2.406205 5.739795 0.400000 4.193795 0.400000 2.399026  -1   0  -1 
2456789.859722 -8.089297 0.716906 6.500000 0.400000 0.299725 1.547250 2.401996 5.645255 0.400000 4.098004 0.400000 2.399026  -1   0  -1 
2456806.890179 8.941160 0.224051 0.300000 0.400000 0.299725 -1.472823 -3.540396 2.367572 0.400000 3.840396 0.400000 2.399026  -1   0  -1 
2456829.893363 -1.636691 0.909056 2.700000 0.300000 0.299725 1.986531 3.972029 0.714502 0.300000 -1.272029 0.300000 2.399026  -1   0  -1 
2456857.748704 -7.362384 0.738552 3.900000 0.500000 0.299725 1.711847 7.970441 -2.358593 0.500000 -4.070441 0.500000 2.399026  -1   0  -1 
2456857.754433 -7.356655 0.738723 4.500000 0.400000 0.299725 1.713156 7.977745 -1.764589 0.400000 -3.477745 0.400000 2.399026  -1   0  -1 
2456866.784629 1.673541 0.007630 -1.700000 0.400000 0.299725 -1.591342 0.872928 -4.164270 0.400000 -2.572928 0.400000 2.399026  -1   0  -1 
2456896.727940 -1.964183 0.899304 1.700000 0.500000 0.299725 2.178287 2.813864 1.064422 0.500000 -1.113864 0.500000 2.399026  -1   0  -1 
2456896.733287 -1.958836 0.899463 2.200000 0.700000 0.299725 2.175644 2.814880 1.560764 0.700000 -0.614880 0.700000 2.399026  -1   0  -1 
2457146.919889 13.160526 0.349698 2.200000 0.300000 16.501807 -0.754216 16.919854 -15.474070 0.300000 -14.719854 0.300000 2.399026  -1   1  -1 
2457176.844500 9.504102 0.240814 13.800000 0.200000 16.501807 -1.376876 14.698179 -2.275055 0.200000 -0.898179 0.200000 2.399026  -1   1  -1 
2457180.950532 13.610134 0.363087 9.400000 0.300000 16.501807 -0.678042 13.289768 -4.567810 0.300000 -3.889768 0.300000 2.399026  -1   1  -1 
2457180.956053 13.615655 0.363251 8.200000 0.300000 16.501807 -0.677107 13.292425 -5.769532 0.300000 -5.092425 0.300000 2.399026  -1   1  -1 
2457257.708144 -10.375357 0.648830 19.900000 0.500000 16.501807 1.055677 18.908280 2.047397 0.500000 0.991720 0.500000 2.399026  -1   1  -1 
2457257.713815 -10.369686 0.648998 19.800000 0.500000 16.501807 1.056843 18.913088 1.943756 0.500000 0.886912 0.500000 2.399026  -1   1  -1 
2457307.523708 5.859172 0.132273 17.100000 0.300000 16.501807 -1.964615 11.887604 3.247781 0.300000 5.212396 0.300000 2.399026  -1   1  -1 
2457307.529113 5.864577 0.132434 16.800000 0.300000 16.501807 -1.963882 11.885568 2.950549 0.300000 4.914432 0.300000 2.399026  -1   1  -1 
2457675.588735 4.532821 0.092776 22.800000 0.300000 16.501807 -2.106889 15.900152 4.792959 0.300000 6.899848 0.300000 2.399026  -1   1  -1 
2457879.840329 7.298209 0.175126 14.300000 0.400000 16.501807 -1.747182 12.013187 0.539631 0.400000 2.286813 0.400000 2.399026  -1   1  -1 
2457943.770578 4.066389 0.078886 20.000000 0.200000 16.501807 -2.129009 15.928452 1.942539 0.200000 4.071548 0.200000 2.399026  -1   1  -1 
2457968.637355 -4.647869 0.819387 16.000000 0.400000 16.501807 2.305044 17.261694 1.043350 0.400000 -1.261694 0.400000 2.399026  -1   1  -1 
