# time Tc_folded Tref_folded model 
2449300.559923 -5.781419 0.377131     1.072237
2449313.101259 6.759917 0.255141    -0.512312
2449325.642595 5.017432 0.133151    -1.818889
2449338.183931 3.274948 0.011161    -2.297831
2449350.725267 1.532463 0.889171    -1.534577
2449363.266603 -0.210022 0.767181     0.314400
2449375.807939 -1.952507 0.645191     2.032669
2449388.349275 -3.694992 0.523201     2.366328
2449400.890611 -5.437477 0.401210     1.362238
2449413.431947 7.103859 0.279220    -0.202600
2449425.973283 5.361374 0.157230    -1.610245
2449438.514619 3.618890 0.035240    -2.292310
2449451.055955 1.876405 0.913250    -1.790447
2449463.597291 0.133920 0.791260    -0.091687
2449476.138627 -1.608565 0.669270     1.779302
2449488.679963 -3.351050 0.547280     2.425879
2449501.221299 -5.093535 0.425290     1.630943
2449513.762635 -6.836020 0.303299     0.113732
2449526.303971 5.705317 0.181309    -1.373154
2449538.845307 3.962832 0.059319    -2.239533
2449551.386643 2.220347 0.937329    -1.995848
2449563.927979 0.477862 0.815339    -0.489089
2449576.469315 -1.264623 0.693349     1.473187
2449589.010651 -3.007108 0.571359     2.426223
2449601.551987 -4.749593 0.449369     1.871834
2449614.093323 -6.492077 0.327379     0.431834
2449626.634659 6.049259 0.205388    -1.111703
2449639.175995 4.306774 0.083398    -2.142736
2449651.717331 2.564289 0.961408    -2.148713
2449664.258667 0.821804 0.839418    -0.865601
2449676.800003 -0.920681 0.717428     1.123593
2449689.341339 -2.663166 0.595438     2.363871
2449701.882675 -4.405651 0.473448     2.078184
2449714.424011 -6.148135 0.351458     0.746560
2449726.965347 6.393201 0.229468    -0.830055
2449739.506684 4.650716 0.107478    -2.005495
2449752.048020 2.908231 0.985487    -2.248615
2449764.589356 1.165746 0.863497    -1.210705
2449777.130692 -0.576739 0.741507     0.741976
2449789.672028 -2.319224 0.619517     2.237302
2449802.213364 -4.061708 0.497527     2.243228
2449814.754700 -5.804193 0.375537     1.052435
2449827.296036 6.737143 0.253547    -0.532473
2449839.837372 4.994658 0.131557    -1.831603
2449852.378708 3.252173 0.009567    -2.296459
2449864.920044 1.509688 0.887576    -1.515938
2449877.461380 -0.232797 0.765586     0.341277
2449890.002716 -1.975282 0.643596     2.047407
2449902.544052 -3.717766 0.521606     2.360409
2449915.085388 -5.460251 0.399616     1.343624
2449927.626724 7.081085 0.277626    -0.223365
2449940.168060 5.338600 0.155636    -1.624984
2449952.709396 3.596115 0.033646    -2.294169
2449965.250732 1.853630 0.911656    -1.775032
2449977.792068 0.111145 0.789665    -0.064924
2449990.333404 -1.631339 0.667675     1.797798
2450002.874740 -3.373824 0.545685     2.423718
2450015.416076 -5.116309 0.423695     1.613937
2450027.957412 -6.858794 0.301705     0.092677
2450040.498748 5.682542 0.179715    -1.389652
2450053.040084 3.940057 0.057725    -2.244426
2450065.581420 2.197572 0.935735    -1.983858
2450078.122756 0.455087 0.813745    -0.463294
2450090.664092 -1.287397 0.691754     1.494916
2450103.205428 -3.029882 0.569764     2.428110
2450115.746764 -4.772367 0.447774     1.856876
2450128.288100 -6.514852 0.325784     0.410817
2450140.829436 6.026484 0.203794    -1.129686
2450153.370772 4.283999 0.081804    -2.150437
2450165.912109 2.541514 0.959814    -2.140231
2450178.453445 0.799030 0.837824    -0.841536
2450190.994781 -0.943455 0.715834     1.147867
2450203.536117 -2.685940 0.593844     2.369981
2450216.077453 -4.428425 0.471853     2.065724
2450228.618789 -6.170910 0.349863     0.725932
2450241.160125 6.370426 0.227873    -0.849245
2450253.701461 4.627941 0.105883    -2.015759
2450266.242797 2.885456 0.983893    -2.243626
2450278.784133 1.142972 0.861903    -1.189005
2450291.325469 -0.599513 0.739913     0.767983
2450303.866805 -2.341998 0.617923     2.247665
2450316.408141 -4.084483 0.495933     2.233709
2450328.949477 -5.826968 0.373942     1.032569
2450341.490813 6.714368 0.251952    -0.552584
2450354.032149 4.971883 0.129962    -1.844173
2450366.573485 3.229399 0.007972    -2.294866
2450379.114821 1.486914 0.885982    -1.497096
2450391.656157 -0.255571 0.763992     0.368130
2450404.197493 -1.998056 0.642002     2.061882
2450416.738829 -3.740541 0.520012     2.354253
2450429.280165 -5.483026 0.398022     1.324918
2450441.821501 7.058310 0.276031    -0.244099
2450454.362837 5.315825 0.154041    -1.639598
2450466.904173 3.573341 0.032051    -2.295821
2450479.445509 1.830856 0.910061    -1.759395
2450491.986845 0.088371 0.788071    -0.038127
2450504.528181 -1.654114 0.666081     1.816058
2450517.069517 -3.396599 0.544091     2.421299
2450529.610853 -5.139084 0.422101     1.596812
2450542.152189 -6.881569 0.300111     0.071630
2450554.693525 5.659768 0.178121    -1.406041
2450567.234861 3.917283 0.056130    -2.249125
2450579.776197 2.174798 0.934140    -1.971638
2450592.317534 0.432313 0.812150    -0.437411
2450604.858870 -1.310172 0.690160     1.516450
2450617.400206 -3.052657 0.568170     2.429721
2450629.941542 -4.795142 0.446180     1.841769
2450642.482878 -6.537626 0.324190     0.389786
2450655.024214 6.003710 0.202200    -1.147579
2450667.565550 4.261225 0.080210    -2.157959
2450680.106886 2.518740 0.958219    -2.131517
2450692.648222 0.776255 0.836229    -0.817335
2450705.189558 -0.966230 0.714239     1.171997
2450717.730894 -2.708715 0.592249     2.375808
2450730.272230 -4.451200 0.470259     2.053084
2450742.813566 -6.193684 0.348269     0.705267
2450755.354902 6.347652 0.226279    -0.868363
2450767.896238 4.605167 0.104289    -2.025860
2450780.437574 2.862682 0.982299    -2.238407
2450792.978910 1.120197 0.860308    -1.167131
2450805.520246 -0.622288 0.738318     0.793901
2450818.061582 -2.364773 0.616328     2.257748
2450830.602918 -4.107257 0.494338     2.223982
2450843.144254 -5.849742 0.372348     1.012641
2450855.685590 6.691594 0.250358    -0.572642
2450868.226926 4.949109 0.128368    -1.856598
2450880.768262 3.206624 0.006378    -2.293053
2450893.309598 1.464139 0.884388    -1.478052
2450905.850934 -0.278346 0.762397     0.394954
2450918.392270 -2.020831 0.640407     2.076092
2450930.933606 -3.763315 0.518417     2.347863
2450943.474942 -5.505800 0.396427     1.306122
2450956.016278 7.035536 0.274437    -0.264801
2450968.557614 5.293051 0.152447    -1.654084
2450981.098950 3.550566 0.030457    -2.297263
2450993.640286 1.808081 0.908467    -1.743538
2451006.181622 0.065596 0.786477    -0.011298
2451018.722959 -1.676888 0.664487     1.834082
2451031.264295 -3.419373 0.542496     2.418622
2451043.805631 -5.161858 0.420506     1.579568
2451056.346967 -6.904343 0.298516     0.050594
2451068.888303 5.636993 0.176526    -1.422322
2451081.429639 3.894508 0.054536    -2.253629
2451093.970975 2.152023 0.932546    -1.959187
2451106.512311 0.409538 0.810556    -0.411441
2451119.053647 -1.332946 0.688566     1.537787
2451131.594983 -3.075431 0.566576     2.431059
2451144.136319 -4.817916 0.444585     1.826515
2451156.677655 -6.560401 0.322595     0.368744
2451169.218991 5.980935 0.200605    -1.165381
2451181.760327 4.238450 0.078615    -2.165301
2451194.301663 2.495965 0.956625    -2.122569
2451206.842999 0.753481 0.834635    -0.793001
2451219.384335 -0.989004 0.712645     1.195979
2451231.925671 -2.731489 0.590655     2.381352
2451244.467007 -4.473974 0.468665     2.040267
2451257.008343 -6.216459 0.346674     0.684566
2451269.549679 6.324877 0.224684    -0.887409
2451282.091015 4.582392 0.102694    -2.035798
2451294.632351 2.839907 0.980704    -2.232959
2451307.173687 1.097423 0.858714    -1.145086
2451319.715023 -0.645062 0.736724     0.819729
2451332.256359 -2.387547 0.614734     2.267551
2451344.797695 -4.130032 0.492744     2.214049
2451357.339031 -5.872517 0.370754     0.992652
2451369.880367 6.668819 0.248763    -0.592647
2451382.421703 4.926334 0.126773    -1.868877
2451394.963039 3.183850 0.004783    -2.291019
2451407.504375 1.441365 0.882793    -1.458808
2451420.045711 -0.301120 0.760803     0.421747
2451432.587047 -2.043605 0.638813     2.090037
2451445.128384 -3.786090 0.516823     2.341239
2451457.669720 -5.528575 0.394833     1.287239
2451470.211056 7.012761 0.272843    -0.285470
2451482.752392 5.270276 0.150853    -1.668443
2451495.293728 3.527792 0.028862    -2.298495
2451507.835064 1.785307 0.906872    -1.727462
2451520.376400 0.042822 0.784882     0.015557
2451532.917736 -1.699663 0.662892     1.851867
2451545.459072 -3.442148 0.540902     2.415688
2451558.000408 -5.184633 0.418912     1.562208
2451570.541744 -6.927118 0.296922     0.029571
2451583.083080 5.614219 0.174932    -1.438491
2451595.624416 3.871734 0.052942    -2.257937
2451608.165752 2.129249 0.930951    -1.946506
2451620.707088 0.386764 0.808961    -0.385390
2451633.248424 -1.355721 0.686971     1.558923
2451645.789760 -3.098206 0.564981     2.432124
2451658.331096 -4.840691 0.442991     1.811115
2451670.872432 -6.583175 0.321001     0.347692
2451683.413768 5.958161 0.199011    -1.183091
2451695.955104 4.215676 0.077021    -2.172463
2451708.496440 2.473191 0.955031    -2.113389
2451721.037776 0.730706 0.833040    -0.768537
2451733.579112 -1.011779 0.711050     1.219809
2451746.120448 -2.754264 0.589060     2.386615
2451758.661784 -4.496749 0.467070     2.027275
2451771.203120 -6.239233 0.345080     0.663831
2451783.744456 6.302103 0.223090    -0.906382
2451796.285792 4.559618 0.101100    -2.045572
2451808.827128 2.817133 0.979110    -2.227281
2451821.368464 1.074648 0.857120    -1.122872
2451833.909800 -0.667837 0.735129     0.845460
2451846.451136 -2.410322 0.613139     2.277074
2451858.992472 -4.152806 0.491149     2.203911
2451871.533809 -5.895291 0.369159     0.972604
2451884.075145 6.646045 0.247169    -0.612598
2451896.616481 4.903560 0.125179    -1.881010
2451909.157817 3.161075 0.003189    -2.288762
2451921.699153 1.418590 0.881199    -1.439366
2451934.240489 -0.323895 0.759209     0.448504
2451946.781825 -2.066380 0.637219     2.103715
2451959.323161 -3.808864 0.515228     2.334384
2451971.864497 -5.551349 0.393238     1.268270
2451984.405833 6.989987 0.271248    -0.306104
2451996.947169 5.247502 0.149258    -1.682672
2452009.488505 3.505017 0.027268    -2.299516
2452022.029841 1.762532 0.905278    -1.711168
2452034.571177 0.020047 0.783288     0.042436
2452047.112513 -1.722437 0.661298     1.869411
2452059.653849 -3.464922 0.539308     2.412500
2452072.195185 -5.207407 0.417317     1.544734
2452084.736521 -6.949892 0.295327     0.008561
2452097.277857 5.591444 0.173337    -1.454550
2452109.819193 3.848959 0.051347    -2.262048
2452122.360529 2.106474 0.929357    -1.933596
2452134.901865 0.363989 0.807367    -0.359260
2452147.443201 -1.378495 0.685377     1.579856
2452159.984537 -3.120980 0.563387     2.432916
2452172.525873 -4.863465 0.441397     1.795571
2452185.067209 -6.605950 0.319406     0.326631
2452197.608545 5.935386 0.197416    -1.200707
2452210.149881 4.192901 0.075426    -2.179443
2452222.691217 2.450416 0.953436    -2.103976
2452235.232553 0.707932 0.831446    -0.743946
2452247.773889 -1.034553 0.709456     1.243484
2452260.315225 -2.777038 0.587466     2.391597
2452272.856561 -4.519523 0.465476     2.014109
2452285.397897 -6.262008 0.343486     0.643065
2452297.939234 6.279328 0.221495    -0.925279
2452310.480570 4.536843 0.099505    -2.055181
2452323.021906 2.794358 0.977515    -2.221372
2452335.563242 1.051874 0.855525    -1.100492
2452348.104578 -0.690611 0.733535     0.871092
2452360.645914 -2.433096 0.611545     2.286317
2452373.187250 -4.175581 0.489555     2.193571
2452385.728586 -5.918066 0.367565     0.952498
2452398.269922 6.623270 0.245575    -0.632493
2452410.811258 4.880785 0.123585    -1.892994
2452423.352594 3.138301 0.001594    -2.286283
2452435.893930 1.395816 0.879604    -1.419728
2452448.435266 -0.346669 0.757614     0.475220
2452460.976602 -2.089154 0.635624     2.117125
2452473.517938 -3.831639 0.513634     2.327298
2452486.059274 -5.574124 0.391644     1.249217
2452498.600610 6.967212 0.269654    -0.326702
2452511.141946 5.224727 0.147664    -1.696770
2452523.683282 3.482243 0.025674    -2.300326
2452536.224618 1.739758 0.903683    -1.694656
2452548.765954 -0.002727 0.781693     0.069335
2452561.307290 -1.745212 0.659703     1.886711
2452573.848626 -3.487697 0.537713     2.409059
2452586.389962 -5.230182 0.415723     1.527148
2452598.931298 -6.972667 0.293733    -0.012434
2452611.472634 5.568670 0.171743    -1.470495
2452624.013970 3.826185 0.049753    -2.265961
2452636.555306 2.083700 0.927763    -1.920458
2452649.096642 0.341215 0.805772    -0.333055
2452661.637978 -1.401270 0.683782     1.600583
2452674.179314 -3.143755 0.561792     2.433437
2452686.720650 -4.886240 0.439802     1.779886
2452699.261986 -6.628724 0.317812     0.305563
2452711.803322 5.912612 0.195822    -1.218229
2452724.344658 4.170127 0.073832    -2.186241
2452736.885995 2.427642 0.951842    -2.094330
2452749.427331 0.685157 0.829852    -0.719231
2452761.968667 -1.057328 0.707861     1.267000
2452774.510003 -2.799813 0.585871     2.396297
2452787.051339 -4.542298 0.463881     2.000772
2452799.592675 -6.284782 0.341891     0.622267
2452812.134011 6.256554 0.219901    -0.944101
2452824.675347 4.514069 0.097911    -2.064624
2452837.216683 2.771584 0.975921    -2.215234
2452849.758019 1.029099 0.853931    -1.077947
2452862.299355 -0.713386 0.731941     0.896621
2452874.840691 -2.455871 0.609951     2.295278
2452887.382027 -4.198355 0.487960     2.183030
2452899.923363 -5.940840 0.365970     0.932337
2452912.464699 6.600496 0.243980    -0.652331
2452925.006035 4.858011 0.121990    -1.904829
2452937.547371 3.115526 1.000000    -2.283580
2452950.088707 1.373041 0.878010    -1.399894
2452962.630043 -0.369444 0.756020     0.501893
2452975.171379 -2.111929 0.634030     2.130266
2452987.712715 -3.854413 0.512040     2.319985
2453000.254051 -5.596898 0.390049     1.230082
2453012.795387 6.944438 0.268059    -0.347264
2453025.336723 5.201953 0.146069    -1.710736
2453037.878059 3.459468 0.024079    -2.300924
2453050.419395 1.716983 0.902089    -1.677929
2453062.960731 -0.025502 0.780099     0.096249
2453075.502067 -1.767986 0.658109     1.903766
2453088.043403 -3.510471 0.536119     2.405365
2453100.584739 -5.252956 0.414129     1.509452
2453113.126075 -6.995441 0.292138    -0.033412
2453125.667411 5.545895 0.170148    -1.486327
2453138.208747 3.803410 0.048158    -2.269675
2453150.750083 2.060925 0.926168    -1.907091
2453163.291420 0.318440 0.804178    -0.306779
2453175.832756 -1.424044 0.682188     1.621101
2453188.374092 -3.166529 0.560198     2.433687
2453200.915428 -4.909014 0.438208     1.764061
2453213.456764 -6.651499 0.316218     0.284490
2453225.998100 5.889837 0.194228    -1.235655
2453238.539436 4.147352 0.072237    -2.192855
2453251.080772 2.404867 0.950247    -2.084452
2453263.622108 0.662383 0.828257    -0.694395
2453276.163444 -1.080102 0.706267     1.290354
2453288.704780 -2.822587 0.584277     2.400716
2453301.246116 -4.565072 0.462287     1.987265
2453313.787452 -6.307557 0.340297     0.601441
2453326.328788 6.233779 0.218307    -0.962845
2453338.870124 4.491294 0.096317    -2.073899
2453351.411460 2.748809 0.974326    -2.208864
2453363.952796 1.006325 0.852336    -1.055240
2453376.494132 -0.736160 0.730346     0.922043
2453389.035468 -2.478645 0.608356     2.303957
2453401.576804 -4.221130 0.486366     2.172290
2453414.118140 -5.963615 0.364376     0.912122
2453426.659476 6.577721 0.242386    -0.672110
2453439.200812 4.835236 0.120396    -1.916514
2453451.742148 3.092752 0.998406    -2.280653
2453464.283484 1.350267 0.876415    -1.379866
2453476.824820 -0.392218 0.754425     0.528518
2453489.366156 -2.134703 0.632435     2.143135
2453501.907492 -3.877188 0.510445     2.312445
2453514.448828 -5.619673 0.388455     1.210866
2453526.990164 6.921663 0.266465    -0.367786
2453539.531500 5.179178 0.144475    -1.724570
2453552.072836 3.436694 0.022485    -2.301308
2453564.614172 1.694209 0.900495    -1.660986
2453577.155508 -0.048276 0.778504     0.123174
2453589.696845 -1.790761 0.656514     1.920574
2453602.238181 -3.533246 0.534524     2.401421
2453614.779517 -5.275731 0.412534     1.491646
2453627.320853 -7.018216 0.290544    -0.054373
2453639.862189 5.523120 0.168554    -1.502043
2453652.403525 3.780636 0.046564    -2.273189
2453664.944861 2.038151 0.924574    -1.893496
2453677.486197 0.295666 0.802584    -0.280434
2453690.027533 -1.446819 0.680594     1.641407
2453702.568869 -3.189304 0.558603     2.433669
2453715.110205 -4.931789 0.436613     1.748099
2453727.651541 -6.674273 0.314623     0.263413
2453740.192877 5.867063 0.192633    -1.252983
2453752.734213 4.124578 0.070643    -2.199283
2453765.275549 2.382093 0.948653    -2.074341
2453777.816885 0.639608 0.826663    -0.669441
2453790.358221 -1.102877 0.704673     1.313543
2453802.899557 -2.845362 0.582683     2.404855
2453815.440893 -4.587847 0.460692     1.973591
2453827.982229 -6.330331 0.338702     0.580587
2453840.523565 6.211005 0.216712    -0.981510
2453853.064901 4.468520 0.094722    -2.083006
2453865.606237 2.726035 0.972732    -2.202263
2453878.147573 0.983550 0.850742    -1.032373
2453890.688909 -0.758935 0.728752     0.947354
2453903.230245 -2.501420 0.606762     2.312355
2453915.771581 -4.243904 0.484772     2.161353
2453928.312917 -5.986389 0.362781     0.891855
2453940.854253 6.554947 0.240791    -0.691830
2453953.395589 4.812462 0.118801    -1.928047
2453965.936925 3.069977 0.996811    -2.277502
2453978.478261 1.327492 0.874821    -1.359648
2453991.019597 -0.414993 0.752831     0.555091
2454003.560933 -2.157478 0.630841     2.155733
2454016.102270 -3.899962 0.508851     2.304681
2454028.643606 -5.642447 0.386861     1.191572
2454041.184942 6.898889 0.264870    -0.388269
2454053.726278 5.156404 0.142880    -1.738269
2454066.267614 3.413919 0.020890    -2.301478
2454078.808950 1.671434 0.898900    -1.643829
2454091.350286 -0.071051 0.776910     0.150108
2454103.891622 -1.813535 0.654920     1.937133
2454116.432958 -3.556020 0.532930     2.397228
2454128.974294 -5.298505 0.410940     1.473735
2454141.515630 -7.040990 0.288950    -0.075314
2454154.056966 5.500346 0.166960    -1.517643
2454166.598302 3.757861 0.044969    -2.276502
2454179.139638 2.015376 0.922979    -1.879674
2454191.680974 0.272891 0.800989    -0.254025
2454204.222310 -1.469593 0.678999     1.661499
2454216.763646 -3.212078 0.557009     2.433381
2454229.304982 -4.954563 0.435019     1.732001
2454241.846318 -6.697048 0.313029     0.242333
2454254.387654 5.844288 0.191039    -1.270214
2454266.928990 4.101803 0.069049    -2.205526
2454279.470326 2.359318 0.947058    -2.063997
2454292.011662 0.616834 0.825068    -0.644371
2454304.552998 -1.125651 0.703078     1.336564
2454317.094334 -2.868136 0.581088     2.408713
2454329.635670 -4.610621 0.459098     1.959752
2454342.177006 -6.353106 0.337108     0.559708
2454354.718342 6.188230 0.215118    -1.000096
2454367.259678 4.445745 0.093128    -2.091943
2454379.801014 2.703260 0.971138    -2.195431
2454392.342350 0.960776 0.849147    -1.009349
2454404.883686 -0.781709 0.727157     0.972550
2454417.425022 -2.524194 0.605167     2.320470
2454429.966358 -4.266679 0.483177     2.150221
2454442.507695 -6.009164 0.361187     0.871537
2454455.049031 6.532172 0.239197    -0.711489
2454467.590367 4.789687 0.117207    -1.939427
2454480.131703 3.047202 0.995217    -2.274126
2454492.673039 1.304718 0.873227    -1.339239
2454505.214375 -0.437767 0.751236     0.581608
2454517.755711 -2.180252 0.629246     2.168058
2454530.297047 -3.922737 0.507256     2.296693
2454542.838383 -5.665222 0.385266     1.172200
2454555.379719 6.876114 0.263276    -0.408710
2454567.921055 5.133629 0.141286    -1.751833
2454580.462391 3.391145 0.019296    -2.301433
2454593.003727 1.648660 0.897306    -1.626460
2454605.545063 -0.093825 0.775316     0.177046
2454618.086399 -1.836310 0.653326     1.953440
2454630.627735 -3.578795 0.531335     2.392786
2454643.169071 -5.321280 0.409345     1.455718
2454655.710407 -7.063765 0.287355    -0.096235
2454668.251743 5.477571 0.165365    -1.533126
2454680.793079 3.735087 0.043375    -2.279613
2454693.334415 1.992602 0.921385    -1.865625
2454705.875751 0.250117 0.799395    -0.227555
2454718.417087 -1.492368 0.677405     1.681374
2454730.958423 -3.234853 0.555415     2.432827
2454743.499759 -4.977338 0.433424     1.715769
2454756.041095 -6.719822 0.311434     0.221252
2454768.582431 5.821514 0.189444    -1.287345
2454781.123767 4.079029 0.067454    -2.211582
2454793.665103 2.336544 0.945464    -2.053420
2454806.206439 0.594059 0.823474    -0.619190
2454818.747775 -1.148426 0.701484     1.359412
2454831.289111 -2.890911 0.579494     2.412292
2454843.830447 -4.633396 0.457504     1.945749
2454856.371783 -6.375880 0.335513     0.538804
2454868.913120 6.165456 0.213523    -1.018600
2454881.454456 4.422971 0.091533    -2.100709
2454893.995792 2.680486 0.969543    -2.188367
2454906.537128 0.938001 0.847553    -0.986171
2454919.078464 -0.804484 0.725563     0.997627
2454931.619800 -2.546969 0.603573     2.328304
2454944.161136 -4.289453 0.481583     2.138897
2454956.702472 -6.031938 0.359593     0.851170
2454969.243808 6.509398 0.237602    -0.731086
2454981.785144 4.766913 0.115612    -1.950654
2454994.326480 3.024428 0.993622    -2.270524
2455006.867816 1.281943 0.871632    -1.318643
2455019.409152 -0.460542 0.749642     0.608066
2455031.950488 -2.203027 0.627652     2.180110
2455044.491824 -3.945511 0.505662     2.288485
2455057.033160 -5.687996 0.383672     1.152754
2455069.574496 6.853340 0.261682    -0.429109
2455082.115832 5.110855 0.139692    -1.765261
2455094.657168 3.368370 0.017701    -2.301172
2455107.198504 1.625885 0.895711    -1.608879
2455119.739840 -0.116600 0.773721     0.203983
2455132.281176 -1.859084 0.651731     1.969495
2455144.822512 -3.601569 0.529741     2.388099
2455157.363848 -5.344054 0.407751     1.437599
2455169.905184 -7.086539 0.285761    -0.117133
2455182.446520 5.454797 0.163771    -1.548489
2455194.987856 3.712312 0.041781    -2.282521
2455207.529192 1.969827 0.919790    -1.851351
2455220.070528 0.227342 0.797800    -0.201027
2455232.611864 -1.515142 0.675810     1.701029
2455245.153200 -3.257627 0.553820     2.432006
2455257.694536 -5.000112 0.431830     1.699405
2455270.235872 -6.742597 0.309840     0.200171
2455282.777208 5.798739 0.187850    -1.304375
2455295.318545 4.056254 0.065860    -2.217450
2455307.859881 2.313769 0.943870    -2.042612
2455320.401217 0.571284 0.821879    -0.593900
2455332.942553 -1.171200 0.699889     1.382085
2455345.483889 -2.913685 0.577899     2.415592
2455358.025225 -4.656170 0.455909     1.931585
2455370.566561 -6.398655 0.333919     0.517878
2455383.107897 6.142681 0.211929    -1.037022
2455395.649233 4.400196 0.089939    -2.109303
2455408.190569 2.657711 0.967949    -2.181071
2455420.731905 0.915227 0.845959    -0.962840
2455433.273241 -0.827258 0.723969     1.022583
2455445.814577 -2.569743 0.601978     2.335854
2455458.355913 -4.312228 0.479988     2.127381
2455470.897249 -6.054713 0.357998     0.830757
2455483.438585 6.486623 0.236008    -0.750619
2455495.979921 4.744138 0.114018    -1.961725
2455508.521257 3.001653 0.992028    -2.266696
2455521.062593 1.259169 0.870038    -1.297860
2455533.603929 -0.483316 0.748048     0.634459
2455546.145265 -2.225801 0.626058     2.191886
2455558.686601 -3.968286 0.504067     2.280057
2455571.227937 -5.710771 0.382077     1.133235
2455583.769273 6.830565 0.260087    -0.449464
2455596.310609 5.088080 0.138097    -1.778551
2455608.851945 3.345596 0.016107    -2.300695
2455621.393281 1.603111 0.894117    -1.591089
2455633.934617 -0.139374 0.772127     0.230917
2455646.475953 -1.881859 0.650137     1.985295
2455659.017289 -3.624344 0.528147     2.383167
2455671.558625 -5.366829 0.406156     1.419379
2455684.099961 -7.109314 0.284166    -0.138009
2455696.641297 5.432022 0.162176    -1.563733
2455709.182633 3.689538 0.040186    -2.285226
2455721.723970 1.947053 0.918196    -1.836851
2455734.265306 0.204568 0.796206    -0.174446
2455746.806642 -1.537917 0.674216     1.720462
2455759.347978 -3.280402 0.552226     2.430921
2455771.889314 -5.022887 0.430236     1.682912
2455784.430650 -6.765371 0.308245     0.179092
2455796.971986 5.775965 0.186255    -1.321303
2455809.513322 4.033480 0.064265    -2.223130
2455822.054658 2.290995 0.942275    -2.031571
2455834.595994 0.548510 0.820285    -0.568505
2455847.137330 -1.193975 0.698295     1.404579
2455859.678666 -2.936460 0.576305     2.418614
2455872.220002 -4.678945 0.454315     1.917261
2455884.761338 -6.421429 0.332325     0.496931
2455897.302674 6.119907 0.210335    -1.055361
2455909.844010 4.377422 0.088344    -2.117725
2455922.385346 2.634937 0.966354    -2.173543
2455934.926682 0.892452 0.844364    -0.939360
2455947.468018 -0.850033 0.722374     1.047412
2455960.009354 -2.592518 0.600384     2.343123
2455972.550690 -4.335002 0.478394     2.115676
2455985.092026 -6.077487 0.356404     0.810298
2455997.633362 6.463849 0.234414    -0.770088
2456010.174698 4.721364 0.112424    -1.972641
2456022.716034 2.978879 0.990433    -2.262641
2456035.257370 1.236394 0.868443    -1.276894
2456047.798706 -0.506091 0.746453     0.660785
2456060.340042 -2.248576 0.624463     2.203387
2456072.881378 -3.991060 0.502473     2.271411
2456085.422714 -5.733545 0.380483     1.113643
2456097.964050 6.807791 0.258493    -0.469773
2456110.505386 5.065306 0.136503    -1.791702
2456123.046722 3.322821 0.014513    -2.300001
2456135.588058 1.580336 0.892522    -1.573089
2456148.129394 -0.162149 0.770532     0.257843
2456160.670731 -1.904634 0.648542     2.000839
2456173.212067 -3.647118 0.526552     2.377992
2456185.753403 -5.389603 0.404562     1.401060
2456198.294739 -7.132088 0.282572    -0.158859
2456210.836075 5.409248 0.160582    -1.578856
2456223.377411 3.666763 0.038592    -2.287726
2456235.918747 1.924278 0.916602    -1.822127
2456248.460083 0.181793 0.794611    -0.147815
2456261.001419 -1.560691 0.672621     1.739670
2456273.542755 -3.303176 0.550631     2.429571
2456286.084091 -5.045661 0.428641     1.666291
2456298.625427 -6.788146 0.306651     0.158017
2456311.166763 5.753190 0.184661    -1.338128
2456323.708099 4.010705 0.062671    -2.228619
2456336.249435 2.268220 0.940681    -2.020299
2456348.790771 0.525735 0.818691    -0.543007
2456361.332107 -1.216749 0.696701     1.426891
2456373.873443 -2.959234 0.574710     2.421358
2456386.414779 -4.701719 0.452720     1.902780
2456398.956115 -6.444204 0.330730     0.475964
2456411.497451 6.097132 0.208740    -1.073615
2456424.038787 4.354647 0.086750    -2.125972
2456436.580123 2.612162 0.964760    -2.165783
2456449.121459 0.869678 0.842770    -0.915733
2456461.662795 -0.872807 0.720780     1.072112
2456474.204131 -2.615292 0.598790     2.350108
2456486.745467 -4.357777 0.476799     2.103784
2456499.286803 -6.100262 0.354809     0.789795
2456511.828139 6.441074 0.232819    -0.789490
2456524.369475 4.698589 0.110829    -1.983399
2456536.910811 2.956104 0.988839    -2.258359
2456549.452147 1.213620 0.866849    -1.255745
2456561.993483 -0.528865 0.744859     0.687039
2456574.534819 -2.271350 0.622869     2.214612
2456587.076156 -4.013835 0.500879     2.262550
2456599.617492 -5.756320 0.378888     1.093983
2456612.158828 6.785016 0.256898    -0.490037
2456624.700164 5.042531 0.134908    -1.804713
2456637.241500 3.300047 0.012918    -2.299089
2456649.782836 1.557562 0.890928    -1.554881
2456662.324172 -0.184923 0.768938     0.284757
2456674.865508 -1.927408 0.646948     2.016124
2456687.406844 -3.669893 0.524958     2.372576
2456699.948180 -5.412378 0.402968     1.382644
2456712.489516 7.128958 0.280977    -0.179683
2456725.030852 5.386473 0.158987    -1.593856
2456737.572188 3.643989 0.036997    -2.290020
2456750.113524 1.901504 0.915007    -1.807179
2456762.654860 0.159019 0.793017    -0.121137
2456775.196196 -1.583466 0.671027     1.758650
2456787.737532 -3.325951 0.549037     2.427959
2456800.278868 -5.068436 0.427047     1.649543
2456812.820204 -6.810920 0.305057     0.136946
2456825.361540 5.730416 0.183067    -1.354849
2456837.902876 3.987931 0.061076    -2.233917
2456850.444212 2.245446 0.939086    -2.008794
2456862.985548 0.502961 0.817096    -0.517410
2456875.526884 -1.239524 0.695106     1.449019
2456888.068220 -2.982009 0.573116     2.423825
2456900.609556 -4.724494 0.451126     1.888143
2456913.150892 -6.466978 0.329136     0.454979
2456925.692228 6.074358 0.207146    -1.091782
2456938.233564 4.331873 0.085156    -2.134044
2456950.774900 2.589388 0.963165    -2.157791
2456963.316236 0.846903 0.841175    -0.891962
2456975.857572 -0.895582 0.719185     1.096678
2456988.398908 -2.638067 0.597195     2.356811
2457000.940244 -4.380552 0.475205     2.091707
2457013.481581 -6.123036 0.353215     0.769249
2457026.022917 6.418300 0.231225    -0.808825
2457038.564253 4.675815 0.109235    -1.993998
2457051.105589 2.933330 0.987245    -2.253850
2457063.646925 1.190845 0.865254    -1.234417
2457076.188261 -0.551640 0.743264     0.713218
2457088.729597 -2.294125 0.621274     2.225560
2457101.270933 -4.036609 0.499284     2.253475
2457113.812269 -5.779094 0.377294     1.074254
2457126.353605 6.762242 0.255304    -0.510252
2457138.894941 5.019757 0.133314    -1.817584
2457151.436277 3.277272 0.011324    -2.297959
2457163.977613 1.534787 0.889334    -1.536468
2457176.518949 -0.207698 0.767343     0.311656
2457189.060285 -1.950183 0.645353     2.031150
2457201.601621 -3.692667 0.523363     2.366919
2457214.142957 -5.435152 0.401373     1.364133
2457226.684293 7.106184 0.279383    -0.200479
2457239.225629 5.363699 0.157393    -1.608733
2457251.766965 3.621214 0.035403    -2.292108
2457264.308301 1.878729 0.913413    -1.792008
2457276.849637 0.136244 0.791423    -0.094417
2457289.390973 -1.606240 0.669433     1.777402
2457301.932309 -3.348725 0.547442     2.426085
2457314.473645 -5.091210 0.425452     1.632672
2457327.014981 -6.833695 0.303462     0.115882
2457339.556317 5.707641 0.181472    -1.371464
2457352.097653 3.965156 0.059482    -2.239023
2457364.638989 2.222671 0.937492    -1.997059
2457377.180325 0.480186 0.815502    -0.491717
2457389.721661 -1.262298 0.693512     1.470959
2457402.262997 -3.004783 0.571522     2.426015
2457414.804333 -4.747268 0.449531     1.873352
2457427.345669 -6.489753 0.327541     0.433978
2457439.887006 6.051583 0.205551    -1.109863
2457452.428342 4.309098 0.083561    -2.141940
2457464.969678 2.566613 0.961571    -2.149565
2457477.511014 0.824129 0.839581    -0.868050
2457490.052350 -0.918356 0.717591     1.121108
2457502.593686 -2.660841 0.595601     2.363232
2457515.135022 -4.403326 0.473611     2.079446
2457527.676358 -6.145811 0.351620     0.748664
2457540.217694 6.395525 0.229630    -0.828092
2457552.759030 4.653040 0.107640    -2.004439
2457565.300366 2.910555 0.985650    -2.249112
2457577.841702 1.168071 0.863660    -1.212910
2457590.383038 -0.574414 0.741670     0.739317
2457602.924374 -2.316899 0.619680     2.236229
2457615.465710 -4.059384 0.497690     2.244188
2457628.007046 -5.801869 0.375700     1.054459
2457640.548382 6.739467 0.253709    -0.530418
2457653.089718 4.996982 0.131719    -1.830312
2457665.631054 3.254498 0.009729    -2.296609
2457678.172390 1.512013 0.887739    -1.517850
2457690.713726 -0.230472 0.765749     0.338535
2457703.255062 -1.972957 0.643759     2.045914
2457715.796398 -3.715442 0.521769     2.361024
2457728.337734 -5.457927 0.399779     1.345528
2457740.879070 7.083409 0.277789    -0.221247
2457753.420406 5.340924 0.155799    -1.623486
2457765.961742 3.598440 0.033808    -2.293989
2457778.503078 1.855955 0.911818    -1.776615
2457791.044414 0.113470 0.789828    -0.067658
2457803.585750 -1.629015 0.667838     1.795921
2457816.127086 -3.371500 0.545848     2.423951
2457828.668422 -5.113985 0.423858     1.615679
2457841.209758 -6.856470 0.301868     0.094825
2457853.751094 5.684867 0.179878    -1.387973
2457866.292431 3.942382 0.057888    -2.243936
2457878.833767 2.199897 0.935897    -1.985093
2457891.375103 0.457412 0.813907    -0.465931
2457903.916439 -1.285073 0.691917     1.492707
2457916.457775 -3.027558 0.569927     2.427930
2457928.999111 -4.770043 0.447937     1.858410
2457941.540447 -6.512527 0.325947     0.412962
2457954.081783 6.028809 0.203957    -1.127855
2457966.623119 4.286324 0.081967    -2.149659
2457979.164455 2.543839 0.959977    -2.141107
2457991.705791 0.801354 0.837986    -0.843998
2458004.247127 -0.941131 0.715996     1.145396
2458016.788463 -2.683616 0.594006     2.369370
2458029.329799 -4.426101 0.472016     2.067004
2458041.871135 -6.168585 0.350026     0.728039
2458054.412471 6.372751 0.228036    -0.847289
2458066.953807 4.630266 0.106046    -2.014718
2458079.495143 2.887781 0.984056    -2.244145
2458092.036479 1.145296 0.862066    -1.191228
2458104.577815 -0.597189 0.740076     0.765332
2458117.119151 -2.339674 0.618085     2.246620
2458129.660487 -4.082158 0.496095     2.234690
2458142.201823 -5.824643 0.374105     1.034600
2458154.743159 6.716693 0.252115    -0.550533
2458167.284495 4.974208 0.130125    -1.842896
2458179.825831 3.231723 0.008135    -2.295039
2458192.367167 1.489238 0.886145    -1.499028
2458204.908503 -0.253247 0.764155     0.365390
2458217.449839 -1.995732 0.642165     2.060416
2458229.991175 -3.738216 0.520174     2.354892
2458242.532511 -5.480701 0.398184     1.326831
2458255.073847 7.060635 0.276194    -0.241984
2458267.615183 5.318150 0.154204    -1.638112
2458280.156519 3.575665 0.032214    -2.295662
2458292.697856 1.833180 0.910224    -1.761001
2458305.239192 0.090695 0.788234    -0.040863
2458317.780528 -1.651789 0.666244     1.814205
2458330.321864 -3.394274 0.544254     2.421557
2458342.863200 -5.136759 0.422263     1.598565
2458355.404536 -6.879244 0.300273     0.073778
2458367.945872 5.662092 0.178283    -1.404373
2458380.487208 3.919607 0.056293    -2.248655
2458393.028544 2.177122 0.934303    -1.972896
2458405.569880 0.434637 0.812313    -0.440056
2458418.111216 -1.307847 0.690323     1.514261
2458430.652552 -3.050332 0.568333     2.429569
2458443.193888 -4.792817 0.446343     1.843318
2458455.735224 -6.535302 0.324352     0.391933
2458468.276560 6.006034 0.202362    -1.145757
2458480.817896 4.263549 0.080372    -2.157199
2458493.359232 2.521064 0.958382    -2.132417
2458505.900568 0.778580 0.836392    -0.819811
2458518.441904 -0.963905 0.714402     1.169541
2458530.983240 -2.706390 0.592412     2.375226
2458543.524576 -4.448875 0.470422     2.054382
2458556.065912 -6.191360 0.348432     0.707378
2458568.607248 6.349976 0.226442    -0.866415
2458581.148584 4.607491 0.104451    -2.024836
2458593.689920 2.865006 0.982461    -2.238950
2458606.231256 1.122522 0.860471    -1.169372
2458618.772592 -0.619963 0.738481     0.791260
2458631.313928 -2.362448 0.616491     2.256732
2458643.855264 -4.104933 0.494501     2.224984
2458656.396600 -5.847418 0.372511     1.014678
2458668.937936 6.693918 0.250521    -0.570597
2458681.479272 4.951433 0.128531    -1.855336
2458694.020608 3.208949 0.006540    -2.293248
2458706.561944 1.466464 0.884550    -1.480005
2458719.103281 -0.276021 0.762560     0.392218
2458731.644617 -2.018506 0.640570     2.074654
2458744.185953 -3.760991 0.518580     2.348526
2458756.727289 -5.503476 0.396590     1.308045
2458769.268625 7.037860 0.274600    -0.262689
2458781.809961 5.295375 0.152610    -1.652612
2458794.351297 3.552891 0.030620    -2.297125
2458806.892633 1.810406 0.908629    -1.745167
2458819.433969 0.067921 0.786639    -0.014038
2458831.975305 -1.674564 0.664649     1.832254
2458844.516641 -3.417049 0.542659     2.418907
2458857.057977 -5.159534 0.420669     1.581333
2458869.599313 -6.902019 0.298679     0.052741
2458882.140649 5.639318 0.176689    -1.420665
2458894.681985 3.896833 0.054699    -2.253179
2458907.223321 2.154348 0.932709    -1.960468
2458919.764657 0.411863 0.810718    -0.414096
2458932.305993 -1.330622 0.688728     1.535618
2458944.847329 -3.073107 0.566738     2.430935
2458957.388665 -4.815592 0.444748     1.828079
2458969.930001 -6.558076 0.322758     0.370892
2458982.471337 5.983260 0.200768    -1.163569
2458995.012673 4.240775 0.078778    -2.164560
2459007.554009 2.498290 0.956788    -2.123493
2459020.095345 0.755805 0.834798    -0.795491
2459032.636681 -0.986680 0.712808     1.193538
2459045.178017 -2.729165 0.590817     2.380799
2459057.719353 -4.471650 0.468827     2.041583
2459070.260689 -6.214134 0.346837     0.686680
2459082.802025 6.327202 0.224847    -0.885469
2459095.343361 4.584717 0.102857    -2.034791
2459107.884697 2.842232 0.980867    -2.233525
2459120.426033 1.099747 0.858877    -1.147344
2459132.967369 -0.642738 0.736887     0.817097
2459145.508706 -2.385223 0.614897     2.266564
2459158.050042 -4.127707 0.492906     2.215072
2459170.591378 -5.870192 0.370916     0.994695
2459183.132714 6.671144 0.248926    -0.590608
2459195.674050 4.928659 0.126936    -1.867631
2459208.215386 3.186174 0.004946    -2.291236
2459220.756722 1.443689 0.882956    -1.460782
2459233.298058 -0.298796 0.760966     0.419014
2459245.839394 -2.041281 0.638976     2.088626
2459258.380730 -3.783765 0.516986     2.341926
2459270.922066 -5.526250 0.394995     1.289171
2459283.463402 7.015086 0.273005    -0.283362
2459296.004738 5.272601 0.151015    -1.666983
2459308.546074 3.530116 0.029025    -2.298379
2459321.087410 1.787631 0.907035    -1.729113
2459333.628746 0.045146 0.785045     0.012815
2459346.170082 -1.697338 0.663055     1.850063
2459358.711418 -3.439823 0.541065     2.416000
2459371.252754 -5.182308 0.419075     1.563985
2459383.794090 -6.924793 0.297084     0.031716
2459396.335426 5.616543 0.175094    -1.436846
2459408.876762 3.874058 0.053104    -2.257507
2459421.418098 2.131573 0.931114    -1.947811
2459433.959434 0.389088 0.809124    -0.388053
2459446.500770 -1.353396 0.687134     1.556775
2459459.042106 -3.095881 0.565144     2.432027
2459471.583442 -4.838366 0.443154     1.812693
2459484.124778 -6.580851 0.321164     0.349841
2459496.666114 5.960485 0.199174    -1.181288
2459509.207450 4.218000 0.077183    -2.171741
2459521.748786 2.475515 0.955193    -2.114337
2459534.290122 0.733031 0.833203    -0.771040
2459546.831458 -1.009454 0.711213     1.217384
2459559.372794 -2.751939 0.589223     2.386091
2459571.914130 -4.494424 0.467233     2.028609
2459584.455467 -6.236909 0.345243     0.665949
2459596.996803 6.304427 0.223253    -0.904449
2459609.538139 4.561942 0.101263    -2.044582
2459622.079475 2.819457 0.979272    -2.227871
2459634.620811 1.076973 0.857282    -1.125147
2459647.162147 -0.665512 0.735292     0.842838
2459659.703483 -2.407997 0.613302     2.276115
2459672.244819 -4.150482 0.491312     2.204955
2459684.786155 -5.892967 0.369322     0.974653
2459697.327491 6.648369 0.247332    -0.610564
2459709.868827 4.905884 0.125342    -1.879778
2459722.410163 3.163400 0.003352    -2.289002
2459734.951499 1.420915 0.881361    -1.441360
2459747.492835 -0.321570 0.759371     0.445774
2459760.034171 -2.064055 0.637381     2.102332
2459772.575507 -3.806540 0.515391     2.335094
2459785.116843 -5.549025 0.393401     1.270210
2459797.658179 6.992311 0.271411    -0.304000
2459810.199515 5.249826 0.149421    -1.681225
2459822.740851 3.507342 0.027431    -2.299422
2459835.282187 1.764857 0.905441    -1.712841
2459847.823523 0.022372 0.783450     0.039692
2459860.364859 -1.720113 0.661460     1.867631
2459872.906195 -3.462598 0.539470     2.412837
2459885.447531 -5.205083 0.417480     1.546523
2459897.988867 -6.947568 0.295490     0.010705
2459910.530203 5.593769 0.173500    -1.452916
2459923.071539 3.851284 0.051510    -2.261638
2459935.612875 2.108799 0.929520    -1.934925
2459948.154211 0.366314 0.807530    -0.361931
2459960.695547 -1.376171 0.685540     1.577729
2459973.236883 -3.118656 0.563549     2.432847
2459985.778219 -4.861141 0.441559     1.797164
2459998.319555 -6.603625 0.319569     0.328781
2460010.860892 5.937711 0.197579    -1.198914
2460023.402228 4.195226 0.075589    -2.178739
2460035.943564 2.452741 0.953599    -2.104948
2460048.484900 0.710256 0.831609    -0.746462
2460061.026236 -1.032229 0.709619     1.241075
2460073.567572 -2.774714 0.587629     2.391101
2460086.108908 -4.517199 0.465638     2.015460
2460098.650244 -6.259683 0.343648     0.645186
2460111.191580 6.281653 0.221658    -0.923354
2460123.732916 4.539168 0.099668    -2.054208
2460136.274252 2.796683 0.977678    -2.221986
2460148.815588 1.054198 0.855688    -1.102784
2460161.356924 -0.688287 0.733698     0.868481
2460173.898260 -2.430772 0.611708     2.285386
2460186.439596 -4.173256 0.489718     2.194635
2460198.980932 -5.915741 0.367727     0.954553
2460211.522268 6.625595 0.245737    -0.630465
2460224.063604 4.883110 0.123747    -1.891778
2460236.604940 3.140625 0.001757    -2.286546
2460249.146276 1.398140 0.879767    -1.421741
2460261.687612 -0.344345 0.757777     0.472495
2460274.228948 -2.086830 0.635787     2.115769
2460286.770284 -3.829314 0.513797     2.328032
2460299.311620 -5.571799 0.391807     1.251166
2460311.852956 6.969537 0.269817    -0.324602
2460324.394292 5.227052 0.147826    -1.695337
2460336.935628 3.484567 0.025836    -2.300253
2460349.476964 1.742082 0.903846    -1.696352
2460362.018300 -0.000403 0.781856     0.066588
2460374.559636 -1.742887 0.659866     1.884957
2460387.100972 -3.485372 0.537876     2.409422
2460399.642308 -5.227857 0.415886     1.528948
2460412.183644 -6.970342 0.293896    -0.010292
2460424.724980 5.570994 0.171906    -1.468873
2460437.266317 3.828509 0.049915    -2.265571
2460449.807653 2.086024 0.927925    -1.921809
2460462.348989 0.343539 0.805935    -0.335733
2460474.890325 -1.398945 0.683945     1.598477
2460487.431661 -3.141430 0.561955     2.433396
2460499.972997 -4.883915 0.439965     1.781494
2460512.514333 -6.626400 0.317975     0.307714
2460525.055669 5.914936 0.195985    -1.216445
2460537.597005 4.172451 0.073995    -2.185555
2460550.138341 2.429966 0.952004    -2.095326
2460562.679677 0.687482 0.830014    -0.721759
2460575.221013 -1.055003 0.708024     1.264607
2460587.762349 -2.797488 0.586034     2.395830
2460600.303685 -4.539973 0.464044     2.002141
2460612.845021 -6.282458 0.342054     0.624391
2460625.386357 6.258878 0.220064    -0.942183
2460637.927693 4.516393 0.098074    -2.063668
2460650.469029 2.773908 0.976084    -2.215871
2460663.010365 1.031424 0.854093    -1.080255
2460675.551701 -0.711061 0.732103     0.894020
2460688.093037 -2.453546 0.610113     2.294376
2460700.634373 -4.196031 0.488123     2.184115
2460713.175709 -5.938516 0.366133     0.934397
2460725.717045 6.602820 0.244143    -0.650309
2460738.258381 4.860335 0.122153    -1.903628
2460750.799717 3.117851 0.000163    -2.283866
2460763.341053 1.375366 0.878173    -1.401927
2460775.882389 -0.367119 0.756183     0.499173
2460788.423725 -2.109604 0.634192     2.128937
2460800.965061 -3.852089 0.512202     2.320742
2460813.506397 -5.594574 0.390212     1.232039
2460826.047733 6.946762 0.268222    -0.345167
2460838.589069 5.204277 0.146232    -1.709317
2460851.130405 3.461793 0.024242    -2.300872
2460863.671742 1.719308 0.902252    -1.679646
2460876.213078 -0.023177 0.780262     0.093501
2460888.754414 -1.765662 0.658272     1.902037
2460901.295750 -3.508147 0.536281     2.405754
2460913.837086 -5.250632 0.414291     1.511263
2460926.378422 -6.993117 0.292301    -0.031272
2460938.919758 5.548220 0.170311    -1.484716
2460951.461094 3.805735 0.048321    -2.269305
2460964.002430 2.063250 0.926331    -1.908465
2460976.543766 0.320765 0.804341    -0.309464
2460989.085102 -1.421720 0.682351     1.619017
2461001.626438 -3.164205 0.560361     2.433674
2461014.167774 -4.906690 0.438370     1.765683
2461026.709110 -6.649174 0.316380     0.286641
2461039.250446 5.892162 0.194390    -1.233881
2461051.791782 4.149677 0.072400    -2.192188
2461064.333118 2.407192 0.950410    -2.085471
2461076.874454 0.664707 0.828420    -0.696935
2461089.415790 -1.077778 0.706430     1.287978
2461101.957126 -2.820263 0.584440     2.400278
2461114.498462 -4.562748 0.462450     1.988652
2461127.039798 -6.305232 0.340459     0.603568
2461139.581134 6.236104 0.218469    -0.960935
2461152.122470 4.493619 0.096479    -2.072960
2461164.663806 2.751134 0.974489    -2.209525
2461177.205142 1.008649 0.852499    -1.057565
2461189.746478 -0.733836 0.730509     0.919453
2461202.287814 -2.476321 0.608519     2.303084
2461214.829150 -4.218805 0.486529     2.173395
2461227.370486 -5.961290 0.364539     0.914188
2461239.911822 6.580046 0.242549    -0.670094
2461252.453158 4.837561 0.120558    -1.915328
2461264.994494 3.095076 0.998568    -2.280962
2461277.535830 1.352591 0.876578    -1.381919
2461290.077167 -0.389894 0.754588     0.525803
2461302.618503 -2.132379 0.632598     2.141834
2461315.159839 -3.874863 0.510608     2.313225
2461327.701175 -5.617348 0.388618     1.212831
2461340.242511 6.923988 0.266628    -0.365693
2461352.783847 5.181503 0.144638    -1.723164
2461365.325183 3.439018 0.022647    -2.301278
2461377.866519 1.696533 0.900657    -1.662725
2461390.407855 -0.045952 0.778667     0.120426
2461402.949191 -1.788436 0.656677     1.918870
2461415.490527 -3.530921 0.534687     2.401835
2461428.031863 -5.273406 0.412697     1.493469
2461440.573199 -7.015891 0.290707    -0.052234
2461453.114535 5.525445 0.168717    -1.500444
2461465.655871 3.782960 0.046727    -2.272839
2461478.197207 2.040475 0.924736    -1.894894
2461490.738543 0.297990 0.802746    -0.283126
2461503.279879 -1.444494 0.680756     1.639345
2461515.821215 -3.186979 0.558766     2.433683
2461528.362551 -4.929464 0.436776     1.749735
2461540.903887 -6.671949 0.314786     0.265564
2461553.445223 5.869387 0.192796    -1.251219
2461565.986559 4.126902 0.070806    -2.198636
2461578.527895 2.384417 0.948816    -2.075383
2461591.069231 0.641933 0.826825    -0.671993
2461603.610567 -1.100552 0.704835     1.311184
2461616.151903 -2.843037 0.582845     2.404445
2461628.693239 -4.585522 0.460855     1.974995
2461641.234575 -6.328007 0.338865     0.582717
2461653.775911 6.213329 0.216875    -0.979609
2461666.317247 4.470844 0.094885    -2.082084
2461678.858583 2.728359 0.972895    -2.202948
2461691.399919 0.985875 0.850905    -1.034714
2461703.941255 -0.756610 0.728915     0.944775
2461716.482592 -2.499095 0.606924     2.311511
2461729.023928 -4.241580 0.484934     2.162478
2461741.565264 -5.984065 0.362944     0.893926
2461754.106600 6.557271 0.240954    -0.689820
2461766.647936 4.814786 0.118964    -1.926877
2461779.189272 3.072302 0.996974    -2.277834
2461791.730608 1.329817 0.874984    -1.361720
2461804.271944 -0.412668 0.752994     0.552381
2461816.813280 -2.155153 0.631004     2.154460
2461829.354616 -3.897638 0.509013     2.305483
2461841.895952 -5.640123 0.387023     1.193544
2461854.437288 6.901213 0.265033    -0.386180
2461866.978624 5.158728 0.143043    -1.736877
2461879.519960 3.416244 0.021053    -2.301470
2461892.061296 1.673759 0.899063    -1.645590
2461904.602632 -0.068726 0.777073     0.147359
2461917.143968 -1.811211 0.655083     1.935454
2461929.685304 -3.553696 0.533093     2.397667
2461942.226640 -5.296181 0.411102     1.475568
2461954.767976 -7.038666 0.289112    -0.073178
2461967.309312 5.502670 0.167122    -1.516056
2461979.850648 3.760186 0.045132    -2.276173
2461992.391984 2.017701 0.923142    -1.881095
2462004.933320 0.275216 0.801152    -0.256723
2462017.474656 -1.467269 0.679162     1.659458
2462030.015992 -3.209754 0.557172     2.433423
2462042.557328 -4.952239 0.435182     1.733650
2462055.098664 -6.694723 0.313191     0.244484
2462067.640000 5.846613 0.191201    -1.268460
2462080.181336 4.104128 0.069211    -2.204898
2462092.722672 2.361643 0.947221    -2.065063
2462105.264008 0.619158 0.825231    -0.646935
2462117.805344 -1.123327 0.703241     1.334222
2462130.346680 -2.865812 0.581251     2.408332
2462142.888017 -4.608297 0.459261     1.961172
2462155.429353 -6.350781 0.337271     0.561840
2462167.970689 6.190555 0.215281    -0.998203
2462180.512025 4.448070 0.093290    -2.091038
2462193.053361 2.705585 0.971300    -2.196139
2462205.594697 0.963100 0.849310    -1.011706
2462218.136033 -0.779385 0.727320     0.969983
2462230.677369 -2.521870 0.605330     2.319655
2462243.218705 -4.264354 0.483340     2.151367
2462255.760041 -6.006839 0.361350     0.873613
2462268.301377 6.534497 0.239360    -0.709486
2462280.842713 4.792012 0.117370    -1.938273
2462293.384049 3.049527 0.995379    -2.274481
2462305.925385 1.307042 0.873389    -1.341331
2462318.466721 -0.435443 0.751399     0.578905
2462331.008057 -2.177928 0.629409     2.166813
2462343.549393 -3.920412 0.507419     2.297519
2462356.090729 -5.662897 0.385429     1.174181
2462368.632065 6.878439 0.263439    -0.406626
2462381.173401 5.135954 0.141449    -1.750455
2462393.714737 3.393469 0.019459    -2.301447
2462406.256073 1.650984 0.897468    -1.628243
2462418.797409 -0.091501 0.775478     0.174296
2462431.338745 -1.833985 0.653488     1.951788
2462443.880081 -3.576470 0.531498     2.393251
2462456.421417 -5.318955 0.409508     1.457562
2462468.962753 -7.061440 0.287518    -0.094101
2462481.504089 5.479896 0.165528    -1.531551
2462494.045425 3.737411 0.043538    -2.279304
2462506.586761 1.994926 0.921548    -1.867070
2462519.128097 0.252441 0.799558    -0.230259
2462531.669433 -1.490043 0.677567     1.679355
2462544.210769 -3.232528 0.555577     2.432896
2462556.752105 -4.975013 0.433587     1.717432
2462569.293442 -6.717498 0.311597     0.223403
2462581.834778 5.823838 0.189607    -1.285601
2462594.376114 4.081353 0.067617    -2.210973
2462606.917450 2.338868 0.945627    -2.054510
2462619.458786 0.596384 0.823637    -0.621765
2462632.000122 -1.146101 0.701647     1.357088
2462644.541458 -2.888586 0.579656     2.411940
2462657.082794 -4.631071 0.457666     1.947186
2462669.624130 -6.373556 0.335676     0.540939
2462682.165466 6.167780 0.213686    -1.016715
2462694.706802 4.425295 0.091696    -2.099822
2462707.248138 2.682810 0.969706    -2.189099
2462719.789474 0.940326 0.847716    -0.988544
2462732.330810 -0.802159 0.725726     0.995073
2462744.872146 -2.544644 0.603736     2.327517
2462757.413482 -4.287129 0.481745     2.140061
2462769.954818 -6.029614 0.359755     0.853251
2462782.496154 6.511722 0.237765    -0.729089
2462795.037490 4.769237 0.115775    -1.949515
2462807.578826 3.026752 0.993785    -2.270902
2462820.120162 1.284268 0.871795    -1.320753
2462832.661498 -0.458217 0.749805     0.605368
2462845.202834 -2.200702 0.627815     2.178892
2462857.744170 -3.943187 0.505825     2.289332
2462870.285506 -5.685672 0.383834     1.154742
2462882.826842 6.855664 0.261844    -0.427029
2462895.368178 5.113179 0.139854    -1.763897
2462907.909514 3.370695 0.017864    -2.301209
2462920.450850 1.628210 0.895874    -1.610684
2462932.992186 -0.114275 0.773884     0.201234
2462945.533522 -1.856760 0.651894     1.967868
2462958.074858 -3.599245 0.529904     2.388589
2462970.616194 -5.341730 0.407914     1.439453
2462983.157530 -7.084215 0.285924    -0.115001
2462995.698866 5.457121 0.163933    -1.546927
2463008.240203 3.714637 0.041943    -2.282233
2463020.781539 1.972152 0.919953    -1.852818
2463033.322875 0.229667 0.797963    -0.203737
2463045.864211 -1.512818 0.675973     1.699033
2463058.405547 -3.255303 0.553983     2.432102
2463070.946883 -4.997788 0.431993     1.701082
2463083.488219 -6.740272 0.310003     0.202323
2463096.029555 5.801064 0.188013    -1.302641
2463108.570891 4.058579 0.066022    -2.216860
2463121.112227 2.316094 0.944032    -2.043726
2463133.653563 0.573609 0.822042    -0.596486
2463146.194899 -1.168876 0.700052     1.379779
2463158.736235 -2.911361 0.578062     2.415268
2463171.277571 -4.653846 0.456072     1.933038
2463183.818907 -6.396330 0.334082     0.520015
2463196.360243 6.145006 0.212092    -1.035146
2463208.901579 4.402521 0.090102    -2.108434
2463221.442915 2.660036 0.968111    -2.181827
2463233.984251 0.917551 0.846121    -0.965228
2463246.525587 -0.824934 0.724131     1.020041
2463259.066923 -2.567419 0.602141     2.335097
2463271.608259 -4.309903 0.480151     2.128565
2463284.149595 -6.052388 0.358161     0.832842
2463296.690931 6.488948 0.236171    -0.748628
2463309.232267 4.746463 0.114181    -1.960602
2463321.773603 3.003978 0.992191    -2.267097
2463334.314939 1.261493 0.870200    -1.299990
2463346.856275 -0.480992 0.748210     0.631768
2463359.397611 -2.223477 0.626220     2.190697
2463371.938947 -3.965961 0.504230     2.280927
2463384.480283 -5.708446 0.382240     1.135230
2463397.021619 6.832890 0.260250    -0.447388
2463409.562955 5.090405 0.138260    -1.777201
2463422.104291 3.347920 0.016270    -2.300754
2463434.645628 1.605435 0.894280    -1.592914
2463447.186964 -0.137050 0.772290     0.228168
2463459.728300 -1.879534 0.650299     1.983694
2463472.269636 -3.622019 0.528309     2.383682
2463484.810972 -5.364504 0.406319     1.421244
2463497.352308 -7.106989 0.284329    -0.135879
2463509.893644 5.434347 0.162339    -1.562183
2463522.434980 3.691862 0.040349    -2.284959
2463534.976316 1.949377 0.918359    -1.838341
2463547.517652 0.206892 0.796369    -0.177161
2463560.058988 -1.535592 0.674379     1.718489
2463572.600324 -3.278077 0.552388     2.431043
2463585.141660 -5.020562 0.430398     1.684601
2463597.682996 -6.763047 0.308408     0.181244
2463610.224332 5.778289 0.186418    -1.319580
2463622.765668 4.035804 0.064428    -2.222559
2463635.307004 2.293319 0.942438    -2.032709
2463647.848340 0.550834 0.820448    -0.571102
2463660.389676 -1.191650 0.698458     1.402291
2463672.931012 -2.934135 0.576468     2.418318
2463685.472348 -4.676620 0.454477     1.918730
2463698.013684 -6.419105 0.332487     0.499070
2463710.555020 6.122231 0.210497    -1.053493
2463723.096356 4.379746 0.088507    -2.116873
2463735.637692 2.637261 0.966517    -2.174322
2463748.179028 0.894777 0.844527    -0.941764
2463760.720364 -0.847708 0.722537     1.044884
2463773.261700 -2.590193 0.600547     2.342394
2463785.803036 -4.332678 0.478557     2.116879
2463798.344372 -6.075163 0.356566     0.812388
2463810.885708 6.466173 0.234576    -0.768104
2463823.427044 4.723688 0.112586    -1.971534
2463835.968380 2.981203 0.990596    -2.263065
