# time Tc_folded Tref_folded model 
59318.211098 0.522613 0.163779    -2.204028
59318.248375 0.559889 0.176675    -2.281669
59318.285651 0.597166 0.189572    -2.342311
59318.322928 0.634443 0.202469    -2.384449
59318.360204 0.671719 0.215365    -2.406740
59318.397481 0.708996 0.228262    -2.408076
59318.434757 0.746272 0.241158    -2.387632
59318.472034 0.783549 0.254055    -2.344927
59318.509310 0.820825 0.266952    -2.279866
59318.546587 0.858102 0.279848    -2.192776
59318.583863 0.895378 0.292745    -2.084411
59318.621140 0.932655 0.305641    -1.955957
59318.658416 0.969931 0.318538    -1.808996
59318.695693 1.007208 0.331434    -1.645469
59318.732969 1.044484 0.344331    -1.467607
59318.770246 1.081761 0.357228    -1.277859
59318.807522 1.119037 0.370124    -1.078812
59318.844799 1.156314 0.383021    -0.873105
59318.882076 1.193590 0.395917    -0.663356
59318.919352 1.230867 0.408814    -0.452087
59318.956629 1.268144 0.421711    -0.241669
59318.993905 1.305420 0.434607    -0.034277
59319.031182 1.342697 0.447504     0.168142
59319.068458 1.379973 0.460400     0.363882
59319.105735 1.417250 0.473297     0.551488
59319.143011 -1.435891 0.486194     0.729752
59319.180288 -1.398615 0.499090     0.897696
59319.217564 -1.361338 0.511987     1.054562
59319.254841 -1.324062 0.524883     1.199783
59319.292117 -1.286785 0.537780     1.332969
59319.329394 -1.249509 0.550677     1.453878
59319.366670 -1.212232 0.563573     1.562396
59319.403947 -1.174956 0.576470     1.658517
59319.441224 -1.137679 0.589366     1.742318
59319.478500 -1.100403 0.602263     1.813952
59319.515777 -1.063126 0.615159     1.873622
59319.553053 -1.025850 0.628056     1.921573
59319.590330 -0.988573 0.640953     1.958084
59319.627606 -0.951297 0.653849     1.983450
59319.664883 -0.914020 0.666746     1.997984
59319.702159 -0.876743 0.679642     2.002001
59319.739436 -0.839467 0.692539     1.995823
59319.776712 -0.802190 0.705436     1.979769
59319.813989 -0.764914 0.718332     1.954152
59319.851265 -0.727637 0.731229     1.919281
59319.888542 -0.690361 0.744125     1.875457
59319.925818 -0.653084 0.757022     1.822974
59319.963095 -0.615808 0.769919     1.762118
59320.000371 -0.578531 0.782815     1.693166
59320.037648 -0.541255 0.795712     1.616393
59320.074925 -0.503978 0.808608     1.532065
59320.112201 -0.466702 0.821505     1.440448
59320.149478 -0.429425 0.834401     1.341807
59320.186754 -0.392149 0.847298     1.236408
59320.224031 -0.354872 0.860195     1.124522
59320.261307 -0.317596 0.873091     1.006428
59320.298584 -0.280319 0.885988     0.882418
59320.335860 -0.243042 0.898884     0.752799
59320.373137 -0.205766 0.911781     0.617899
59320.410413 -0.168489 0.924678     0.478071
59320.447690 -0.131213 0.937574     0.333699
59320.484966 -0.093936 0.950471     0.185206
59320.522243 -0.056660 0.963367     0.033057
59320.559519 -0.019383 0.976264    -0.122232
59320.596796 0.017893 0.989161    -0.280087
59320.634072 0.055170 0.002057    -0.439868
59320.671349 0.092446 0.014954    -0.600861
59320.708626 0.129723 0.027850    -0.762271
59320.745902 0.166999 0.040747    -0.923215
59320.783179 0.204276 0.053644    -1.082714
59320.820455 0.241552 0.066540    -1.239686
59320.857732 0.278829 0.079437    -1.392949
59320.895008 0.316106 0.092333    -1.541210
59320.932285 0.353382 0.105230    -1.683075
59320.969561 0.390659 0.118126    -1.817055
59321.006838 0.427935 0.131023    -1.941572
59321.044114 0.465212 0.143920    -2.054986
59321.081391 0.502488 0.156816    -2.155613
59321.118667 0.539765 0.169713    -2.241762
59321.155944 0.577041 0.182609    -2.311777
59321.193220 0.614318 0.195506    -2.364084
59321.230497 0.651594 0.208403    -2.397244
59321.267774 0.688871 0.221299    -2.410015
59321.305050 0.726147 0.234196    -2.401412
59321.342327 0.763424 0.247092    -2.370762
59321.379603 0.800700 0.259989    -2.317758
59321.416880 0.837977 0.272886    -2.242495
59321.454156 0.875253 0.285782    -2.145495
59321.491433 0.912530 0.298679    -2.027715
59321.528709 0.949807 0.311575    -1.890526
59321.565986 0.987083 0.324472    -1.735682
59321.603262 1.024360 0.337368    -1.565267
59321.640539 1.061636 0.350265    -1.381622
59321.677815 1.098913 0.363162    -1.187269
59321.715092 1.136189 0.376058    -0.984829
59321.752368 1.173466 0.388955    -0.776942
59321.789645 1.210742 0.401851    -0.566188
59321.826921 1.248019 0.414748    -0.355027
59321.864198 1.285295 0.427645    -0.145744
59321.901475 1.322572 0.440541     0.059587
59321.938751 1.359848 0.453438     0.259129
59321.976028 1.397125 0.466334     0.451292
59322.013304 1.434401 0.479231     0.634736
59322.050581 -1.418740 0.492128     0.808359
59322.087857 -1.381463 0.505024     0.971288
59322.125134 -1.344187 0.517921     1.122855
59322.162410 -1.306910 0.530817     1.262578
59322.199687 -1.269634 0.543714     1.390137
59322.236963 -1.232357 0.556611     1.505352
59322.274240 -1.195080 0.569507     1.608160
59322.311516 -1.157804 0.582404     1.698598
59322.348793 -1.120527 0.595300     1.776779
59322.386069 -1.083251 0.608197     1.842879
59322.423346 -1.045974 0.621093     1.897125
59322.460622 -1.008698 0.633990     1.939776
59322.497899 -0.971421 0.646887     1.971121
59322.535176 -0.934145 0.659783     1.991464
59322.572452 -0.896868 0.672680     2.001119
59322.609729 -0.859592 0.685576     2.000406
59322.647005 -0.822315 0.698473     1.989644
59322.684282 -0.785039 0.711370     1.969151
59322.721558 -0.747762 0.724266     1.939238
59322.758835 -0.710486 0.737163     1.900211
59322.796111 -0.673209 0.750059     1.852367
59322.833388 -0.635933 0.762956     1.795996
59322.870664 -0.598656 0.775853     1.731380
59322.907941 -0.561379 0.788749     1.658796
59322.945217 -0.524103 0.801646     1.578514
59322.982494 -0.486826 0.814542     1.490799
59323.019770 -0.449550 0.827439     1.395918
59323.057047 -0.412273 0.840335     1.294134
59323.094324 -0.374997 0.853232     1.185716
59323.131600 -0.337720 0.866129     1.070938
59323.168877 -0.300444 0.879025     0.950085
59323.206153 -0.263167 0.891922     0.823455
59323.243430 -0.225891 0.904818     0.691364
59323.280706 -0.188614 0.917715     0.554151
59323.317983 -0.151338 0.930612     0.412182
59323.355259 -0.114061 0.943508     0.265859
59323.392536 -0.076785 0.956405     0.115623
59323.429812 -0.039508 0.969301    -0.038038
59323.467089 -0.002232 0.982198    -0.194583
59323.504365 0.035045 0.995095    -0.353408
59323.541642 0.072322 0.007991    -0.513840
59323.578918 0.109598 0.020888    -0.675129
59323.616195 0.146875 0.033784    -0.836440
59323.653471 0.184151 0.046681    -0.996846
59323.690748 0.221428 0.059578    -1.155323
59323.728025 0.258704 0.072474    -1.310742
59323.765301 0.295981 0.085371    -1.461870
59323.802578 0.333257 0.098267    -1.607368
59323.839854 0.370534 0.111164    -1.745795
59323.877131 0.407810 0.124060    -1.875621
59323.914407 0.445087 0.136957    -1.995237
59323.951684 0.482363 0.149854    -2.102977
59323.988960 0.519640 0.162750    -2.197151
59324.026237 0.556916 0.175647    -2.276079
59324.063513 0.594193 0.188543    -2.338135
59324.100790 0.631470 0.201440    -2.381800
59324.138066 0.668746 0.214337    -2.405718
59324.175343 0.706023 0.227233    -2.408760
59324.212619 0.743299 0.240130    -2.390075
59324.249896 0.780576 0.253026    -2.349154
59324.287172 0.817852 0.265923    -2.285871
59324.324449 0.855129 0.278820    -2.200515
59324.361726 0.892405 0.291716    -2.093809
59324.399002 0.929682 0.304613    -1.966904
59324.436279 0.966958 0.317509    -1.821353
59324.473555 1.004235 0.330406    -1.659068
59324.510832 1.041511 0.343302    -1.482262
59324.548108 1.078788 0.356199    -1.293368
59324.585385 1.116064 0.369096    -1.094966
59324.622661 1.153341 0.381992    -0.889694
59324.659938 1.190617 0.394889    -0.680173
59324.697214 1.227894 0.407785    -0.468936
59324.734491 1.265171 0.420682    -0.258367
59324.771767 1.302447 0.433579    -0.050659
59324.809044 1.339724 0.446475     0.152222
59324.846320 1.377000 0.459372     0.348551
59324.883597 1.414277 0.472268     0.536854
59324.920874 -1.438864 0.485165     0.715902
59324.958150 -1.401588 0.498062     0.884700
59324.995427 -1.364311 0.510958     1.042472
59325.032703 -1.327035 0.523855     1.188638
59325.069980 -1.289758 0.536751     1.322795
59325.107256 -1.252482 0.549648     1.444689
59325.144533 -1.215205 0.562545     1.554197
59325.181809 -1.177929 0.575441     1.651304
59325.219086 -1.140652 0.588338     1.736084
59325.256362 -1.103376 0.601234     1.808681
59325.293639 -1.066099 0.614131     1.869296
59325.330915 -1.028823 0.627027     1.918173
59325.368192 -0.991546 0.639924     1.955585
59325.405468 -0.954270 0.652821     1.981829
59325.442745 -0.916993 0.665717     1.997215
59325.480021 -0.879716 0.678614     2.002059
59325.517298 -0.842440 0.691510     1.996683
59325.554575 -0.805163 0.704407     1.981404
59325.591851 -0.767887 0.717304     1.956539
59325.629128 -0.730610 0.730200     1.922395
59325.666404 -0.693334 0.743097     1.879274
59325.703681 -0.656057 0.755993     1.827471
59325.740957 -0.618781 0.768890     1.767272
59325.778234 -0.581504 0.781787     1.698956
59325.815510 -0.544228 0.794683     1.622797
59325.852787 -0.506951 0.807580     1.539061
59325.890063 -0.469675 0.820476     1.448016
59325.927340 -0.432398 0.833373     1.349926
59325.964616 -0.395122 0.846269     1.245056
59326.001893 -0.357845 0.859166     1.133677
59326.039169 -0.320569 0.872063     1.016068
59326.076446 -0.283292 0.884959     0.892519
59326.113723 -0.246015 0.897856     0.763336
59326.150999 -0.208739 0.910752     0.628844
59326.188276 -0.171462 0.923649     0.489395
59326.225552 -0.134186 0.936546     0.345371
59326.262829 -0.096909 0.949442     0.197190
59326.300105 -0.059633 0.962339     0.045314
59326.337382 -0.022356 0.975235    -0.109745
59326.374658 0.014920 0.988132    -0.267418
59326.411935 0.052197 0.001029    -0.427070
59326.449211 0.089473 0.013925    -0.587994
59326.486488 0.126750 0.026822    -0.749403
59326.523764 0.164026 0.039718    -0.910418
59326.561041 0.201303 0.052615    -1.070070
59326.598317 0.238579 0.065512    -1.227287
59326.635594 0.275856 0.078408    -1.380891
59326.672870 0.313133 0.091305    -1.529601
59326.710147 0.350409 0.104201    -1.672030
59326.747424 0.387686 0.117098    -1.806695
59326.784700 0.424962 0.129994    -1.932027
59326.821977 0.462239 0.142891    -2.046387
59326.859253 0.499515 0.155788    -2.148096
59326.896530 0.536792 0.168684    -2.235462
59326.933806 0.574068 0.181581    -2.306823
59326.971083 0.611345 0.194477    -2.360597
59327.008359 0.648621 0.207374    -2.395332
59327.045636 0.685898 0.220271    -2.409769
59327.082912 0.723174 0.233167    -2.402900
59327.120189 0.760451 0.246064    -2.374025
59327.157465 0.797727 0.258960    -2.322806
59327.194742 0.835004 0.271857    -2.249305
59327.232018 0.872280 0.284754    -2.154009
59327.269295 0.909557 0.297650    -2.037841
59327.306571 0.946834 0.310547    -1.902141
59327.343848 0.984110 0.323443    -1.748633
59327.381125 1.021387 0.336340    -1.579377
59327.418401 1.058663 0.349237    -1.396696
59327.455678 1.095940 0.362133    -1.203101
59327.492954 1.133216 0.375030    -1.001209
59327.530231 1.170493 0.387926    -0.793661
59327.567507 1.207769 0.400823    -0.583043
59327.604784 1.245046 0.413719    -0.371828
59327.642060 1.282322 0.426616    -0.162316
59327.679337 1.319599 0.439513     0.043401
59327.716613 1.356875 0.452409     0.243466
59327.753890 1.394152 0.465306     0.436270
59327.791166 1.431428 0.478202     0.620453
59327.828443 -1.421713 0.491099     0.794894
59327.865719 -1.384436 0.503996     0.958703
59327.902996 -1.347160 0.516892     1.111196
59327.940273 -1.309883 0.529789     1.251877
59327.977549 -1.272607 0.542685     1.380415
59328.014826 -1.235330 0.555582     1.496618
59328.052102 -1.198053 0.568479     1.600416
59328.089379 -1.160777 0.581375     1.691837
59328.126655 -1.123500 0.594272     1.770989
59328.163932 -1.086224 0.607168     1.838046
59328.201208 -1.048947 0.620065     1.893227
59328.238485 -1.011671 0.632961     1.936793
59328.275761 -0.974394 0.645858     1.969029
59328.313038 -0.937118 0.658755     1.990238
59328.350314 -0.899841 0.671651     2.000734
59328.387591 -0.862565 0.684548     2.000835
59328.424867 -0.825288 0.697444     1.990863
59328.462144 -0.788012 0.710341     1.971135
59328.499420 -0.750735 0.723238     1.941962
59328.536697 -0.713459 0.736134     1.903651
59328.573974 -0.676182 0.749031     1.856499
59328.611250 -0.638906 0.761927     1.800798
59328.648527 -0.601629 0.774824     1.736830
59328.685803 -0.564352 0.787721     1.664871
59328.723080 -0.527076 0.800617     1.585193
59328.760356 -0.489799 0.813514     1.498062
59328.797633 -0.452523 0.826410     1.403742
59328.834909 -0.415246 0.839307     1.302499
59328.872186 -0.377970 0.852204     1.194600
59328.909462 -0.340693 0.865100     1.080319
59328.946739 -0.303417 0.877997     0.959940
59328.984015 -0.266140 0.890893     0.833759
59329.021292 -0.228864 0.903790     0.702092
59329.058568 -0.191587 0.916686     0.565274
59329.095845 -0.154311 0.929583     0.423670
59329.133121 -0.117034 0.942480     0.277679
59329.170398 -0.079758 0.955376     0.127738
59329.207675 -0.042481 0.968273    -0.025670
59329.244951 -0.005205 0.981169    -0.182006
59329.282228 0.032072 0.994066    -0.340672
59329.319504 0.069349 0.006963    -0.501003
59329.356781 0.106625 0.019859    -0.662253
59329.394057 0.143902 0.032756    -0.823595
59329.431334 0.181178 0.045652    -0.984110
59329.468610 0.218455 0.058549    -1.142780
59329.505887 0.255731 0.071446    -1.298487
59329.543163 0.293008 0.084342    -1.450005
59329.580440 0.330284 0.097239    -1.596003
59329.617716 0.367561 0.110135    -1.735050
59329.654993 0.404837 0.123032    -1.865620
59329.692269 0.442114 0.135928    -1.986110
59329.729546 0.479390 0.148825    -2.094860
59329.766823 0.516667 0.161722    -2.190178
59329.804099 0.553943 0.174618    -2.270383
59329.841376 0.591220 0.187515    -2.333841
59329.878652 0.628497 0.200411    -2.379025
59329.915929 0.665773 0.213308    -2.404564
59329.953205 0.703050 0.226205    -2.409305
59329.990482 0.740326 0.239101    -2.392377
59330.027758 0.777603 0.251998    -2.353239
59330.065035 0.814879 0.264894    -2.291735
59330.102311 0.852156 0.277791    -2.208118
59330.139588 0.889432 0.290688    -2.103079
59330.176864 0.926709 0.303584    -1.977733
59330.214141 0.963985 0.316481    -1.833603
59330.251417 1.001262 0.329377    -1.672575
59330.288694 1.038538 0.342274    -1.496840
59330.325970 1.075815 0.355171    -1.308817
59330.363247 1.113091 0.368067    -1.111077
59330.400524 1.150368 0.380964    -0.906256
59330.437800 1.187644 0.393860    -0.696979
59330.475077 1.224921 0.406757    -0.485789
59330.512353 1.262198 0.419653    -0.275084
59330.549630 1.299474 0.432550    -0.067072
59330.586906 1.336751 0.445447     0.136260
59330.624183 1.374027 0.458343     0.333169
59330.661459 1.411304 0.471240     0.522161
59330.698736 -1.441837 0.484136     0.701986
59330.736012 -1.404561 0.497033     0.871633
59330.773289 -1.367284 0.509930     1.030308
59330.810565 -1.330008 0.522826     1.177417
59330.847842 -1.292731 0.535723     1.312543
59330.885118 -1.255455 0.548619     1.435421
59330.922395 -1.218178 0.561516     1.545919
59330.959671 -1.180902 0.574413     1.644013
59330.996948 -1.143625 0.587309     1.729771
59331.034225 -1.106349 0.600206     1.803333
59331.071501 -1.069072 0.613102     1.864896
59331.108778 -1.031796 0.625999     1.914699
59331.146054 -0.994519 0.638895     1.953015
59331.183331 -0.957243 0.651792     1.980139
59331.220607 -0.919966 0.664689     1.996378
59331.257884 -0.882689 0.677585     2.002052
59331.295160 -0.845413 0.690482     1.997479
59331.332437 -0.808136 0.703378     1.982979
59331.369713 -0.770860 0.716275     1.958866
59331.406990 -0.733583 0.729172     1.925451
59331.444266 -0.696307 0.742068     1.883036
59331.481543 -0.659030 0.754965     1.831915
59331.518819 -0.621754 0.767861     1.772375
59331.556096 -0.584477 0.780758     1.704696
59331.593373 -0.547201 0.793655     1.629152
59331.630649 -0.509924 0.806551     1.546012
59331.667926 -0.472648 0.819448     1.455540
59331.705202 -0.435371 0.832344     1.358001
59331.742479 -0.398095 0.845241     1.253662
59331.779755 -0.360818 0.858138     1.142792
59331.817032 -0.323542 0.871034     1.025670
59331.854308 -0.286265 0.883931     0.902583
59331.891585 -0.248988 0.896827     0.773838
59331.928861 -0.211712 0.909724     0.639757
59331.966138 -0.174435 0.922620     0.500690
59332.003414 -0.137159 0.935517     0.357016
59332.040691 -0.099882 0.948414     0.209150
59332.077967 -0.062606 0.961310     0.057551
59332.115244 -0.025329 0.974207    -0.097274
59332.152520 0.011947 0.987103    -0.254761
59332.189797 0.049224 0.000000    -0.414280
59332.227074 0.086500 0.012897    -0.575131
59332.264350 0.123777 0.025793    -0.736532
59332.301627 0.161053 0.038690    -0.897613
59332.338903 0.198330 0.051586    -1.057412
59332.376180 0.235606 0.064483    -1.214864
59332.413456 0.272883 0.077380    -1.368802
59332.450733 0.310159 0.090276    -1.517952
59332.488009 0.347436 0.103173    -1.660935
59332.525286 0.384713 0.116069    -1.796276
59332.562562 0.421989 0.128966    -1.922411
59332.599839 0.459266 0.141862    -2.037708
59332.637115 0.496542 0.154759    -2.140488
59332.674392 0.533819 0.167656    -2.229060
59332.711668 0.571095 0.180552    -2.301757
59332.748945 0.608372 0.193449    -2.356989
59332.786221 0.645648 0.206345    -2.393291
59332.823498 0.682925 0.219242    -2.409388
59332.860775 0.720201 0.232139    -2.404249
59332.898051 0.757478 0.245035    -2.377146
59332.935328 0.794754 0.257932    -2.327712
59332.972604 0.832031 0.270828    -2.255976
59333.009881 0.869307 0.283725    -2.162391
59333.047157 0.906584 0.296622    -2.047843
59333.084434 0.943861 0.309518    -1.913642
59333.121710 0.981137 0.322415    -1.761483
59333.158987 1.018414 0.335311    -1.593400
59333.196263 1.055690 0.348208    -1.411700
59333.233540 1.092967 0.361105    -1.218881
59333.270816 1.130243 0.374001    -1.017554
59333.308093 1.167520 0.386898    -0.810360
59333.345369 1.204796 0.399794    -0.599895
59333.382646 1.242073 0.412691    -0.388641
59333.419923 1.279349 0.425587    -0.178913
59333.457199 1.316626 0.438484     0.027178
59333.494476 1.353902 0.451381     0.227756
59333.531752 1.391179 0.464277     0.421193
59333.569029 1.428455 0.477174     0.606107
59333.606305 -1.424686 0.490070     0.781361
59333.643582 -1.387409 0.502967     0.946046
59333.680858 -1.350133 0.515864     1.099462
59333.718135 -1.312856 0.528760     1.241099
59333.755411 -1.275580 0.541657     1.370614
59333.792688 -1.238303 0.554553     1.487805
59333.829964 -1.201027 0.567450     1.592592
59333.867241 -1.163750 0.580347     1.684998
59333.904517 -1.126473 0.593243     1.765123
59333.941794 -1.089197 0.606140     1.833136
59333.979070 -1.051920 0.619036     1.889256
59334.016347 -1.014644 0.631933     1.933738
59334.053624 -0.977367 0.644829     1.966867
59334.090900 -0.940091 0.657726     1.988944
59334.128177 -0.902814 0.670623     2.000282
59334.165453 -0.865538 0.683519     2.001201
59334.202730 -0.828261 0.696416     1.992021
59334.240006 -0.790985 0.709312     1.973059
59334.277283 -0.753708 0.722209     1.944628
59334.314559 -0.716432 0.735106     1.907035
59334.351836 -0.679155 0.748002     1.860577
59334.389112 -0.641879 0.760899     1.805548
59334.426389 -0.604602 0.773795     1.742229
59334.463665 -0.567325 0.786692     1.670897
59334.500942 -0.530049 0.799589     1.591825
59334.538218 -0.492772 0.812485     1.505278
59334.575495 -0.455496 0.825382     1.411522
59334.612771 -0.418219 0.838278     1.310821
59334.650048 -0.380943 0.851175     1.203443
59334.687325 -0.343666 0.864072     1.089661
59334.724601 -0.306390 0.876968     0.969758
59334.761878 -0.269113 0.889865     0.844029
59334.799154 -0.231837 0.902761     0.712787
59334.836431 -0.194560 0.915658     0.576366
59334.873707 -0.157284 0.928554     0.435130
59334.910984 -0.120007 0.941451     0.289474
59334.948260 -0.082731 0.954348     0.139830
59334.985537 -0.045454 0.967244    -0.013320
59335.022813 -0.008178 0.980141    -0.169443
59335.060090 0.029099 0.993037    -0.327948
59335.097366 0.066376 0.005934    -0.488171
59335.134643 0.103652 0.018831    -0.649377
59335.171919 0.140929 0.031727    -0.810744
59335.209196 0.178205 0.044624    -0.971361
59335.246473 0.215482 0.057520    -1.130219
59335.283749 0.252758 0.070417    -1.286206
59335.321026 0.290035 0.083314    -1.438105
59335.358302 0.327311 0.096210    -1.584595
59335.395579 0.364588 0.109107    -1.724250
59335.432855 0.401864 0.122003    -1.855555
59335.470132 0.439141 0.134900    -1.976909
59335.507408 0.476417 0.147796    -2.086657
59335.544685 0.513694 0.160693    -2.183108
59335.581961 0.550970 0.173590    -2.264579
59335.619238 0.588247 0.186486    -2.329432
59335.656514 0.625524 0.199383    -2.376126
59335.693791 0.662800 0.212279    -2.403276
59335.731067 0.700077 0.225176    -2.409713
59335.768344 0.737353 0.238073    -2.394537
59335.805620 0.774630 0.250969    -2.357182
59335.842897 0.811906 0.263866    -2.297457
59335.880174 0.849183 0.276762    -2.215585
59335.917450 0.886459 0.289659    -2.112219
59335.954727 0.923736 0.302556    -1.988441
59335.992003 0.961012 0.315452    -1.845745
59336.029280 0.998289 0.328349    -1.685988
59336.066556 1.035565 0.341245    -1.511340
59336.103833 1.072842 0.354142    -1.324204
59336.141109 1.110118 0.367039    -1.127143
59336.178386 1.147395 0.379935    -0.922789
59336.215662 1.184671 0.392832    -0.713773
59336.252939 1.221948 0.405728    -0.502646
59336.290215 1.259225 0.418625    -0.291818
59336.327492 1.296501 0.431521    -0.083515
59336.364768 1.333778 0.444418     0.120258
59336.402045 1.371054 0.457315     0.317737
59336.439321 1.408331 0.470211     0.507409
59336.476598 -1.444810 0.483108     0.688006
59336.513875 -1.407534 0.496004     0.858496
59336.551151 -1.370257 0.508901     1.018071
59336.588428 -1.332981 0.521798     1.166120
59336.625704 -1.295704 0.534694     1.302213
59336.662981 -1.258428 0.547591     1.426074
59336.700257 -1.221151 0.560487     1.537561
59336.737534 -1.183875 0.573384     1.636644
59336.774810 -1.146598 0.586281     1.723381
59336.812087 -1.109322 0.599177     1.797910
59336.849363 -1.072045 0.612074     1.860421
59336.886640 -1.034769 0.624970     1.911152
59336.923916 -0.997492 0.637867     1.950374
59336.961193 -0.960216 0.650764     1.978379
59336.998469 -0.922939 0.663660     1.995475
59337.035746 -0.885662 0.676557     2.001980
59337.073023 -0.848386 0.689453     1.998212
59337.110299 -0.811109 0.702350     1.984492
59337.147576 -0.773833 0.715246     1.961135
59337.184852 -0.736556 0.728143     1.928450
59337.222129 -0.699280 0.741040     1.886742
59337.259405 -0.662003 0.753936     1.836304
59337.296682 -0.624727 0.766833     1.777426
59337.333958 -0.587450 0.779729     1.710386
59337.371235 -0.550174 0.792626     1.635460
59337.408511 -0.512897 0.805523     1.552915
59337.445788 -0.475621 0.818419     1.463018
59337.483064 -0.438344 0.831316     1.366034
59337.520341 -0.401068 0.844212     1.262227
59337.557617 -0.363791 0.857109     1.151868
59337.594894 -0.326515 0.870006     1.035234
59337.632170 -0.289238 0.882902     0.912612
59337.669447 -0.251961 0.895799     0.784306
59337.706724 -0.214685 0.908695     0.650639
59337.744000 -0.177408 0.921592     0.511956
59337.781277 -0.140132 0.934488     0.368634
59337.818553 -0.102855 0.947385     0.221087
59337.855830 -0.065579 0.960282     0.069767
59337.893106 -0.028302 0.973178    -0.084821
59337.930383 0.008974 0.986075    -0.242117
59337.967659 0.046251 0.998971    -0.401499
59338.004936 0.083527 0.011868    -0.562271
59338.042212 0.120804 0.024765    -0.723659
59338.079489 0.158080 0.037661    -0.884800
59338.116765 0.195357 0.050558    -1.044738
59338.154042 0.232633 0.063454    -1.202419
59338.191318 0.269910 0.076351    -1.356683
59338.228595 0.307186 0.089248    -1.506264
59338.265871 0.344463 0.102144    -1.649792
59338.303148 0.381740 0.115041    -1.785799
59338.340425 0.419016 0.127937    -1.912727
59338.377701 0.456293 0.140834    -2.028950
59338.414978 0.493569 0.153731    -2.132790
59338.452254 0.530846 0.166627    -2.222556
59338.489531 0.568122 0.179524    -2.296579
59338.526807 0.605399 0.192420    -2.353260
59338.564084 0.642675 0.205317    -2.391122
59338.601360 0.679952 0.218213    -2.408872
59338.638637 0.717228 0.231110    -2.405457
59338.675913 0.754505 0.244007    -2.380125
59338.713190 0.791781 0.256903    -2.332476
59338.750466 0.829058 0.269800    -2.262508
59338.787743 0.866334 0.282696    -2.170638
59338.825019 0.903611 0.295593    -2.057720
59338.862296 0.940888 0.308490    -1.925029
59338.899573 0.978164 0.321386    -1.774232
59338.936849 1.015441 0.334283    -1.607338
59338.974126 1.052717 0.347179    -1.426634
59339.011402 1.089994 0.360076    -1.234606
59339.048679 1.127270 0.372973    -1.033861
59339.085955 1.164547 0.385869    -0.827039
59339.123232 1.201823 0.398766    -0.616741
59339.160508 1.239100 0.411662    -0.405463
59339.197785 1.276376 0.424559    -0.195533
59339.235061 1.313653 0.437455     0.010920
59339.272338 1.350929 0.450352     0.212001
59339.309614 1.388206 0.463249     0.406061
59339.346891 1.425482 0.476145     0.591700
59339.384167 -1.427659 0.489042     0.767761
59339.421444 -1.390382 0.501938     0.933317
59339.458720 -1.353106 0.514835     1.087653
59339.495997 -1.315829 0.527732     1.230244
59339.533274 -1.278553 0.540628     1.360735
59339.570550 -1.241276 0.553525     1.478913
59339.607827 -1.204000 0.566421     1.584690
59339.645103 -1.166723 0.579318     1.678080
59339.682380 -1.129446 0.592215     1.759180
59339.719656 -1.092170 0.605111     1.828152
59339.756933 -1.054893 0.618008     1.885211
59339.794209 -1.017617 0.630904     1.930611
59339.831486 -0.980340 0.643801     1.964634
59339.868762 -0.943064 0.656698     1.987581
59339.906039 -0.905787 0.669594     1.999764
59339.943315 -0.868511 0.682491     2.001503
59339.980592 -0.831234 0.695387     1.993116
59340.017868 -0.793958 0.708284     1.974923
59340.055145 -0.756681 0.721180     1.947236
59340.092422 -0.719405 0.734077     1.910362
59340.129698 -0.682128 0.746974     1.864601
59340.166975 -0.644852 0.759870     1.810244
59340.204251 -0.607575 0.772767     1.747576
59340.241528 -0.570298 0.785663     1.676874
59340.278804 -0.533022 0.798560     1.598409
59340.316081 -0.495745 0.811457     1.512449
59340.353357 -0.458469 0.824353     1.419258
59340.390634 -0.421192 0.837250     1.319101
59340.427910 -0.383916 0.850146     1.212246
59340.465187 -0.346639 0.863043     1.098964
59340.502463 -0.309363 0.875940     0.979538
59340.539740 -0.272086 0.888836     0.854263
59340.577016 -0.234810 0.901733     0.723448
59340.614293 -0.197533 0.914629     0.587428
59340.651569 -0.160257 0.927526     0.446562
59340.688846 -0.122980 0.940422     0.301243
59340.726123 -0.085704 0.953319     0.151901
59340.763399 -0.048427 0.966216    -0.000988
59340.800676 -0.011151 0.979112    -0.156896
59340.837952 0.026126 0.992009    -0.315234
59340.875229 0.063403 0.004905    -0.475346
59340.912505 0.100679 0.017802    -0.636503
59340.949782 0.137956 0.030699    -0.797889
59340.987058 0.175232 0.043595    -0.958602
59341.024335 0.212509 0.056492    -1.117639
59341.061611 0.249785 0.069388    -1.273898
59341.098888 0.287062 0.082285    -1.426171
59341.136164 0.324338 0.095182    -1.573143
59341.173441 0.361615 0.108078    -1.713398
59341.210717 0.398891 0.120975    -1.845426
59341.247994 0.436168 0.133871    -1.967634
59341.285270 0.473444 0.146768    -2.078369
59341.322547 0.510721 0.159665    -2.175944
59341.359824 0.547997 0.172561    -2.258670
59341.397100 0.585274 0.185458    -2.324906
59341.434377 0.622550 0.198354    -2.373102
59341.471653 0.659827 0.211251    -2.401857
59341.508930 0.697104 0.224147    -2.409983
59341.546206 0.734380 0.237044    -2.396556
59341.583483 0.771657 0.249941    -2.360982
59341.620759 0.808933 0.262837    -2.303039
59341.658036 0.846210 0.275734    -2.222915
59341.695312 0.883486 0.288630    -2.121229
59341.732589 0.920763 0.301527    -1.999030
59341.769865 0.958039 0.314424    -1.857778
59341.807142 0.995316 0.327320    -1.699307
59341.844418 1.032592 0.340217    -1.525760
59341.881695 1.069869 0.353113    -1.339528
59341.918972 1.107145 0.366010    -1.143162
59341.956248 1.144422 0.378907    -0.939293
59341.993525 1.181698 0.391803    -0.730554
59342.030801 1.218975 0.404700    -0.519504
59342.068078 1.256252 0.417596    -0.308568
59342.105354 1.293528 0.430493    -0.099987
59342.142631 1.330805 0.443389     0.104215
59342.179907 1.368081 0.456286     0.302255
59342.217184 1.405358 0.469183     0.492599
59342.254460 1.442634 0.482079     0.673961
59342.291737 -1.410507 0.494976     0.845290
59342.329013 -1.373230 0.507872     1.005760
59342.366290 -1.335954 0.520769     1.154746
59342.403566 -1.298677 0.533666     1.291805
59342.440843 -1.261401 0.546562     1.416648
59342.478119 -1.224124 0.559459     1.529125
59342.515396 -1.186848 0.572355     1.629196
59342.552673 -1.149571 0.585252     1.716914
59342.589949 -1.112295 0.598149     1.792409
59342.627226 -1.075018 0.611045     1.855871
59342.664502 -1.037742 0.623942     1.907532
59342.701779 -1.000465 0.636838     1.947661
59342.739055 -0.963189 0.649735     1.976550
59342.776332 -0.925912 0.662632     1.994505
59342.813608 -0.888636 0.675528     2.001842
59342.850885 -0.851359 0.688425     1.998882
59342.888161 -0.814082 0.701321     1.985944
59342.925438 -0.776806 0.714218     1.963344
59342.962714 -0.739529 0.727114     1.931392
59342.999991 -0.702253 0.740011     1.890393
59343.037267 -0.664976 0.752908     1.840641
59343.074544 -0.627700 0.765804     1.782425
59343.111820 -0.590423 0.778701     1.716026
59343.149097 -0.553147 0.791597     1.641718
59343.186374 -0.515870 0.804494     1.559772
59343.223650 -0.478594 0.817391     1.470452
59343.260927 -0.441317 0.830287     1.374023
59343.298203 -0.404041 0.843184     1.270750
59343.335480 -0.366764 0.856080     1.160904
59343.372756 -0.329488 0.868977     1.044759
59343.410033 -0.292211 0.881874     0.922605
59343.447309 -0.254934 0.894770     0.794741
59343.484586 -0.217658 0.907667     0.661488
59343.521862 -0.180381 0.920563     0.523192
59343.559139 -0.143105 0.933460     0.380226
59343.596415 -0.105828 0.946356     0.232999
59343.633692 -0.068552 0.959253     0.081963
59343.670968 -0.031275 0.972150    -0.072384
59343.708245 0.006001 0.985046    -0.229487
59343.745522 0.043278 0.997943    -0.388727
59343.782798 0.080554 0.010839    -0.549415
59343.820075 0.117831 0.023736    -0.710784
59343.857351 0.155107 0.036633    -0.871979
59343.894628 0.192384 0.049529    -1.032051
59343.931904 0.229660 0.062426    -1.189953
59343.969181 0.266937 0.075322    -1.344534
59344.006457 0.304213 0.088219    -1.494537
59344.043734 0.341490 0.101116    -1.638601
59344.081010 0.378767 0.114012    -1.775263
59344.118287 0.416043 0.126909    -1.902975
59344.155563 0.453320 0.139805    -2.020112
59344.192840 0.490596 0.152702    -2.125002
59344.230116 0.527873 0.165599    -2.215953
59344.267393 0.565149 0.178495    -2.291292
59344.304669 0.602426 0.191392    -2.349411
59344.341946 0.639702 0.204288    -2.388825
59344.379223 0.676979 0.217185    -2.408221
59344.416499 0.714255 0.230081    -2.406526
59344.453776 0.751532 0.242978    -2.382961
59344.491052 0.788808 0.255875    -2.337098
59344.528329 0.826085 0.268771    -2.268900
59344.565605 0.863361 0.281668    -2.178752
59344.602882 0.900638 0.294564    -2.067471
59344.640158 0.937914 0.307461    -1.936301
59344.677435 0.975191 0.320358    -1.786878
59344.714711 1.012468 0.333254    -1.621187
59344.751988 1.049744 0.346151    -1.441495
59344.789264 1.087021 0.359047    -1.250276
59344.826541 1.124297 0.371944    -1.050129
59344.863817 1.161574 0.384841    -0.843695
59344.901094 1.198850 0.397737    -0.633582
59344.938370 1.236127 0.410634    -0.422293
59344.975647 1.273403 0.423530    -0.212175
59345.012924 1.310680 0.436427    -0.005372
59345.050200 1.347956 0.449323     0.196201
59345.087477 1.385233 0.462220     0.390876
59345.124753 1.422509 0.475117     0.577232
59345.162030 -1.430632 0.488013     0.754094
59345.199306 -1.393355 0.500910     0.920517
59345.236583 -1.356079 0.513806     1.075769
59345.273859 -1.318802 0.526703     1.219312
59345.311136 -1.281526 0.539600     1.350777
59345.348412 -1.244249 0.552496     1.469942
59345.385689 -1.206973 0.565393     1.576709
59345.422965 -1.169696 0.578289     1.671085
59345.460242 -1.132419 0.591186     1.753159
59345.497518 -1.095143 0.604083     1.823091
59345.534795 -1.057866 0.616979     1.881091
59345.572072 -1.020590 0.629876     1.927412
59345.609348 -0.983313 0.642772     1.962331
59345.646625 -0.946037 0.655669     1.986150
59345.683901 -0.908760 0.668566     1.999180
59345.721178 -0.871484 0.681462     2.001740
59345.758454 -0.834207 0.694359     1.994149
59345.795731 -0.796931 0.707255     1.976726
59345.833007 -0.759654 0.720152     1.949785
59345.870284 -0.722378 0.733048     1.913633
59345.907560 -0.685101 0.745945     1.868570
59345.944837 -0.647825 0.758842     1.814888
59345.982113 -0.610548 0.771738     1.752873
59346.019390 -0.573271 0.784635     1.682801
59346.056666 -0.535995 0.797531     1.604946
59346.093943 -0.498718 0.810428     1.519573
59346.131219 -0.461442 0.823325     1.426949
59346.168496 -0.424165 0.836221     1.327339
59346.205773 -0.386889 0.849118     1.221007
59346.243049 -0.349612 0.862014     1.108228
59346.280326 -0.312336 0.874911     0.989282
59346.317602 -0.275059 0.887808     0.864462
59346.354879 -0.237783 0.900704     0.734077
59346.392155 -0.200506 0.913601     0.598460
59346.429432 -0.163230 0.926497     0.457966
59346.466708 -0.125953 0.939394     0.312987
59346.503985 -0.088677 0.952291     0.163948
59346.541261 -0.051400 0.965187     0.011323
59346.578538 -0.014124 0.978084    -0.144364
59346.615814 0.023153 0.990980    -0.302531
59346.653091 0.060430 0.003877    -0.462528
59346.690367 0.097706 0.016773    -0.623630
59346.727644 0.134983 0.029670    -0.785030
59346.764920 0.172259 0.042567    -0.945832
59346.802197 0.209536 0.055463    -1.105042
59346.839474 0.246812 0.068360    -1.261565
59346.876750 0.284089 0.081256    -1.414202
59346.914027 0.321365 0.094153    -1.561648
59346.951303 0.358642 0.107050    -1.702493
59346.988580 0.395918 0.119946    -1.835235
59347.025856 0.433195 0.132843    -1.958286
59347.063133 0.470471 0.145739    -2.069998
59347.100409 0.507748 0.158636    -2.168684
59347.137686 0.545024 0.171533    -2.252656
59347.174962 0.582301 0.184429    -2.320266
59347.212239 0.619577 0.197326    -2.369954
59347.249515 0.656854 0.210222    -2.400307
59347.286792 0.694131 0.223119    -2.410115
59347.324068 0.731407 0.236015    -2.398434
59347.361345 0.768684 0.248912    -2.364640
59347.398622 0.805960 0.261809    -2.308480
59347.435898 0.843237 0.274705    -2.230108
59347.473175 0.880513 0.287602    -2.130108
59347.510451 0.917790 0.300498    -2.009497
59347.547728 0.955066 0.313395    -1.869702
59347.585004 0.992343 0.326292    -1.712529
59347.622281 1.029619 0.339188    -1.540100
59347.659557 1.066896 0.352085    -1.354788
59347.696834 1.104172 0.364981    -1.159133
59347.734110 1.141449 0.377878    -0.955766
59347.771387 1.178725 0.390775    -0.747320
59347.808663 1.216002 0.403671    -0.536363
59347.845940 1.253279 0.416568    -0.325333
59347.883216 1.290555 0.429464    -0.116487
59347.920493 1.327832 0.442361     0.088133
59347.957769 1.365108 0.455258     0.286724
59347.995046 1.402385 0.468154     0.477733
59348.032323 1.439661 0.481051     0.659852
59348.069599 -1.413480 0.493947     0.832014
59348.106876 -1.376203 0.506844     0.993376
59348.144152 -1.338927 0.519740     1.143297
59348.181429 -1.301650 0.532637     1.281319
59348.218705 -1.264374 0.545534     1.407144
59348.255982 -1.227097 0.558430     1.520610
59348.293258 -1.189821 0.571327     1.621669
59348.330535 -1.152544 0.584223     1.710369
59348.367811 -1.115268 0.597120     1.786833
59348.405088 -1.077991 0.610017     1.851246
59348.442364 -1.040715 0.622913     1.903839
59348.479641 -1.003438 0.635810     1.944877
59348.516917 -0.966162 0.648706     1.974651
59348.554194 -0.928885 0.661603     1.993466
59348.591470 -0.891609 0.674500     2.001639
59348.628747 -0.854332 0.687396     1.999489
59348.666024 -0.817055 0.700293     1.987335
59348.703300 -0.779779 0.713189     1.965494
59348.740577 -0.742502 0.726086     1.934277
59348.777853 -0.705226 0.738982     1.893988
59348.815130 -0.667949 0.751879     1.844923
59348.852406 -0.630673 0.764776     1.787372
59348.889683 -0.593396 0.777672     1.721615
59348.926959 -0.556120 0.790569     1.647929
59348.964236 -0.518843 0.803465     1.566581
59349.001512 -0.481567 0.816362     1.477840
59349.038789 -0.444290 0.829259     1.381968
59349.076065 -0.407014 0.842155     1.279232
59349.113342 -0.369737 0.855052     1.169899
59349.150618 -0.332461 0.867948     1.054247
59349.187895 -0.295184 0.880845     0.932561
59349.225172 -0.257907 0.893742     0.805141
59349.262448 -0.220631 0.906638     0.672306
59349.299725 -0.183354 0.919535     0.534398
59349.337001 -0.146078 0.932431     0.391790
59349.374278 -0.108801 0.945328     0.244887
59349.411554 -0.071525 0.958225     0.094137
59349.448831 -0.034248 0.971121    -0.059965
59349.486107 0.003028 0.984018    -0.216870
59349.523384 0.040305 0.996914    -0.375964
59349.560660 0.077581 0.009811    -0.536564
59349.597937 0.114858 0.022707    -0.697909
59349.635213 0.152134 0.035604    -0.859151
59349.672490 0.189411 0.048501    -1.019349
59349.709766 0.226687 0.061397    -1.177465
59349.747043 0.263964 0.074294    -1.332356
59349.784319 0.301240 0.087190    -1.482773
59349.821596 0.338517 0.100087    -1.627363
59349.858873 0.375794 0.112984    -1.764671
59349.896149 0.413070 0.125880    -1.893156
59349.933426 0.450347 0.138777    -2.011197
59349.970702 0.487623 0.151673    -2.117126
59350.007979 0.524900 0.164570    -2.209250
59350.045255 0.562176 0.177467    -2.285894
59350.082532 0.599453 0.190363    -2.345444
59350.119808 0.636729 0.203260    -2.386400
59350.157085 0.674006 0.216156    -2.407436
59350.194361 0.711282 0.229053    -2.407455
59350.231638 0.748559 0.241949    -2.385656
59350.268914 0.785835 0.254846    -2.341578
59350.306191 0.823112 0.267743    -2.275153
59350.343467 0.860388 0.280639    -2.186731
59350.380744 0.897665 0.293536    -2.077095
59350.418020 0.934941 0.306432    -1.947456
59350.455297 0.972218 0.319329    -1.799420
59350.492574 1.009495 0.332226    -1.634947
59350.529850 1.046771 0.345122    -1.456283
59350.567127 1.084048 0.358019    -1.265889
59350.604403 1.121324 0.370915    -1.066358
59350.641680 1.158601 0.383812    -0.860329
59350.678956 1.195877 0.396709    -0.650415
59350.716233 1.233154 0.409605    -0.439132
59350.753509 1.270430 0.422502    -0.228839
59350.790786 1.307707 0.435398    -0.021698
59350.828062 1.344983 0.448295     0.180358
59350.865339 1.382260 0.461192     0.375638
59350.902615 1.419536 0.474088     0.562704
59350.939892 -1.433605 0.486985     0.740360
59350.977168 -1.396328 0.499881     0.907645
59351.014445 -1.359052 0.512778     1.063810
59351.051722 -1.321775 0.525674     1.208303
59351.088998 -1.284499 0.538571     1.340742
59351.126275 -1.247222 0.551468     1.460893
59351.163551 -1.209946 0.564364     1.568649
59351.200828 -1.172669 0.577261     1.664011
59351.238104 -1.135392 0.590157     1.747061
59351.275381 -1.098116 0.603054     1.817954
59351.312657 -1.060839 0.615951     1.876898
59351.349934 -1.023563 0.628847     1.924140
59351.387210 -0.986286 0.641744     1.959958
59351.424487 -0.949010 0.654640     1.984651
59351.461763 -0.911733 0.667537     1.998529
59351.499040 -0.874457 0.680434     2.001912
59351.536316 -0.837180 0.693330     1.995120
59351.573593 -0.799904 0.706227     1.978469
59351.610869 -0.762627 0.719123     1.952276
59351.648146 -0.725351 0.732020     1.916847
59351.685423 -0.688074 0.744916     1.872484
59351.722699 -0.650798 0.757813     1.819479
59351.759976 -0.613521 0.770710     1.758118
59351.797252 -0.576245 0.783606     1.688679
59351.834529 -0.538968 0.796503     1.611434
59351.871805 -0.501691 0.809399     1.526652
59351.909082 -0.464415 0.822296     1.434597
59351.946358 -0.427138 0.835193     1.335533
59351.983635 -0.389862 0.848089     1.229728
59352.020911 -0.352585 0.860986     1.117453
59352.058188 -0.315309 0.873882     0.998988
59352.095464 -0.278032 0.886779     0.874625
59352.132741 -0.240756 0.899676     0.744673
59352.170017 -0.203479 0.912572     0.609460
59352.207294 -0.166203 0.925469     0.469341
59352.244570 -0.128926 0.938365     0.324704
59352.281847 -0.091650 0.951262     0.175973
59352.319124 -0.054373 0.964159     0.023616
59352.356400 -0.017097 0.977055    -0.131848
59352.393677 0.020180 0.989952    -0.289840
59352.430953 0.057457 0.002848    -0.449717
59352.468230 0.094733 0.015745    -0.610759
59352.505506 0.132010 0.028641    -0.772167
59352.542783 0.169286 0.041538    -0.933052
59352.580059 0.206563 0.054435    -1.092427
59352.617336 0.243839 0.067331    -1.249208
59352.654612 0.281116 0.080228    -1.402201
59352.691889 0.318392 0.093124    -1.550111
59352.729165 0.355669 0.106021    -1.691537
59352.766442 0.392945 0.118918    -1.824982
59352.803718 0.430222 0.131814    -1.948866
59352.840995 0.467498 0.144711    -2.061544
59352.878272 0.504775 0.157607    -2.161331
59352.915548 0.542051 0.170504    -2.246538
59352.952825 0.579328 0.183401    -2.315511
59352.990101 0.616604 0.196297    -2.366683
59353.027378 0.653881 0.209194    -2.398625
59353.064654 0.691158 0.222090    -2.410111
59353.101931 0.728434 0.234987    -2.400171
59353.139207 0.765711 0.247883    -2.368155
59353.176484 0.802987 0.260780    -2.313779
59353.213760 0.840264 0.273677    -2.237163
59353.251037 0.877540 0.286573    -2.138856
59353.288313 0.914817 0.299470    -2.019842
59353.325590 0.952093 0.312366    -1.881515
59353.362866 0.989370 0.325263    -1.725654
59353.400143 1.026646 0.338160    -1.554357
59353.437419 1.063923 0.351056    -1.369981
59353.474696 1.101199 0.363953    -1.175056
59353.511973 1.138476 0.376849    -0.972207
59353.549249 1.175752 0.389746    -0.764070
59353.586526 1.213029 0.402643    -0.553222
59353.623802 1.250305 0.415539    -0.342112
59353.661079 1.287582 0.428436    -0.133014
59353.698355 1.324859 0.441332     0.072012
59353.735632 1.362135 0.454229     0.271145
59353.772908 1.399412 0.467126     0.462809
59353.810185 1.436688 0.480022     0.645680
59353.847461 -1.416453 0.492919     0.818670
59353.884738 -1.379176 0.505815     0.980919
59353.922014 -1.341900 0.518712     1.131771
59353.959291 -1.304623 0.531608     1.270755
59353.996567 -1.267347 0.544505     1.397561
59354.033844 -1.230070 0.557402     1.512016
59354.071121 -1.192794 0.570298     1.614064
59354.108397 -1.155517 0.583195     1.703745
59354.145674 -1.118241 0.596091     1.781179
59354.182950 -1.080964 0.608988     1.846546
59354.220227 -1.043688 0.621885     1.900072
59354.257503 -1.006411 0.634781     1.942022
59354.294780 -0.969135 0.647678     1.972683
59354.332056 -0.931858 0.660574     1.992361
59354.369333 -0.894582 0.673471     2.001370
59354.406609 -0.857305 0.686368     2.000031
59354.443886 -0.820028 0.699264     1.988664
59354.481162 -0.782752 0.712161     1.967584
59354.518439 -0.745475 0.725057     1.937103
59354.555715 -0.708199 0.737954     1.897527
59354.592992 -0.670922 0.750850     1.849151
59354.630268 -0.633646 0.763747     1.792267
59354.667545 -0.596369 0.776644     1.727154
59354.704822 -0.559093 0.789540     1.654090
59354.742098 -0.521816 0.802437     1.573344
59354.779375 -0.484540 0.815333     1.485183
59354.816651 -0.447263 0.828230     1.389870
59354.853928 -0.409987 0.841127     1.287671
59354.891204 -0.372710 0.854023     1.178855
59354.928481 -0.335434 0.866920     1.063696
59354.965757 -0.298157 0.879816     0.942480
59355.003034 -0.260881 0.892713     0.815506
59355.040310 -0.223604 0.905610     0.683091
59355.077587 -0.186327 0.918506     0.545575
59355.114863 -0.149051 0.931403     0.403327
59355.152140 -0.111774 0.944299     0.256751
59355.189416 -0.074498 0.957196     0.106290
59355.226693 -0.037221 0.970093    -0.047564
59355.263969 0.000055 0.982989    -0.204267
59355.301246 0.037332 0.995886    -0.363210
59355.338523 0.074608 0.008782    -0.523717
59355.375799 0.111885 0.021679    -0.685033
59355.413076 0.149161 0.034575    -0.846316
59355.450352 0.186438 0.047472    -1.006635
59355.487629 0.223714 0.060369    -1.164957
59355.524905 0.260991 0.073265    -1.320150
59355.562182 0.298267 0.086162    -1.470972
59355.599458 0.335544 0.099058    -1.616078
59355.636735 0.372821 0.111955    -1.754023
59355.674011 0.410097 0.124852    -1.883270
59355.711288 0.447374 0.137748    -2.002205
59355.748564 0.484650 0.150645    -2.109162
59355.785841 0.521927 0.163541    -2.202449
59355.823117 0.559203 0.176438    -2.280388
59355.860394 0.596480 0.189335    -2.341358
59355.897671 0.633756 0.202231    -2.383848
59355.934947 0.671033 0.215128    -2.406516
59355.972224 0.708309 0.228024    -2.408246
59356.009500 0.745586 0.240921    -2.388208
59356.046777 0.782862 0.253818    -2.345915
59356.084053 0.820139 0.266714    -2.281265
59356.121330 0.857415 0.279611    -2.194574
59356.158606 0.894692 0.292507    -2.086592
59356.195883 0.931968 0.305404    -1.958494
59356.233159 0.969245 0.318300    -1.811858
59356.270436 1.006522 0.331197    -1.648616
59356.307712 1.043798 0.344094    -1.470997
59356.344989 1.081075 0.356990    -1.281444
59356.382265 1.118351 0.369887    -1.082545
59356.419542 1.155628 0.382783    -0.876937
59356.456818 1.192904 0.395680    -0.667239
59356.494095 1.230181 0.408577    -0.455976
59356.531372 1.267457 0.421473    -0.245522
59356.568648 1.304734 0.434370    -0.038056
59356.605925 1.342010 0.447266     0.164470
59356.643201 1.379287 0.460163     0.360347
59356.680478 1.416563 0.473060     0.548115
59356.717754 -1.436578 0.485956     0.726561
59356.755031 -1.399301 0.498853     0.894703
59356.792307 -1.362025 0.511749     1.051777
59356.829584 -1.324748 0.524646     1.197217
59356.866860 -1.287472 0.537542     1.330628
59356.904137 -1.250195 0.550439     1.451764
59356.941413 -1.212919 0.563336     1.560511
59356.978690 -1.175642 0.576232     1.656859
59357.015966 -1.138365 0.589129     1.740886
59357.053243 -1.101089 0.602025     1.812742
59357.090519 -1.063812 0.614922     1.872630
59357.127796 -1.026536 0.627819     1.920795
59357.165073 -0.989259 0.640715     1.957513
59357.202349 -0.951983 0.653612     1.983082
59357.239626 -0.914706 0.666508     1.997812
59357.276902 -0.877430 0.679405     2.002020
59357.314179 -0.840153 0.692302     1.996027
59357.351455 -0.802877 0.705198     1.980152
59357.388732 -0.765600 0.718095     1.954708
59357.426008 -0.728324 0.730991     1.920005
59357.463285 -0.691047 0.743888     1.876343
59357.500561 -0.653771 0.756785     1.824017
59357.537838 -0.616494 0.769681     1.763312
59357.575114 -0.579218 0.782578     1.694507
59357.612391 -0.541941 0.795474     1.617875
59357.649667 -0.504664 0.808371     1.533684
59357.686944 -0.467388 0.821267     1.442199
59357.724221 -0.430111 0.834164     1.343685
59357.761497 -0.392835 0.847061     1.238408
59357.798774 -0.355558 0.859957     1.126639
59357.836050 -0.318282 0.872854     1.008657
59357.873327 -0.281005 0.885750     0.884753
59357.910603 -0.243729 0.898647     0.755235
59357.947880 -0.206452 0.911544     0.620428
59357.985156 -0.169176 0.924440     0.480688
59358.022433 -0.131899 0.937337     0.336396
59358.059709 -0.094623 0.950233     0.187975
59358.096986 -0.057346 0.963130     0.035888
59358.134262 -0.020070 0.976027    -0.119348
59358.171539 0.017207 0.988923    -0.277161
59358.208815 0.054484 0.001820    -0.436913
59358.246092 0.091760 0.014716    -0.597890
59358.283368 0.129037 0.027613    -0.759301
59358.320645 0.166313 0.040509    -0.920262
59358.357922 0.203590 0.053406    -1.079796
59358.395198 0.240866 0.066303    -1.236826
59358.432475 0.278143 0.079199    -1.390168
59358.469751 0.315419 0.092096    -1.538533
59358.507028 0.352696 0.104992    -1.680530
59358.544304 0.389972 0.117889    -1.814669
59358.581581 0.427249 0.130786    -1.939375
59358.618857 0.464525 0.143682    -2.053008
59358.656134 0.501802 0.156579    -2.153886
59358.693410 0.539078 0.169475    -2.240317
59358.730687 0.576355 0.182372    -2.310644
59358.767963 0.613631 0.195269    -2.363290
59358.805240 0.650908 0.208165    -2.396814
59358.842516 0.688185 0.221062    -2.409970
59358.879793 0.725461 0.233958    -2.401768
59358.917069 0.762738 0.246855    -2.371528
59358.954346 0.800014 0.259752    -2.318936
59358.991623 0.837291 0.272648    -2.244079
59359.028899 0.874567 0.285545    -2.147472
59359.066176 0.911844 0.298441    -2.030063
59359.103452 0.949120 0.311338    -1.893217
59359.140729 0.986397 0.324234    -1.738681
59359.178005 1.023673 0.337131    -1.568532
59359.215282 1.060950 0.350028    -1.385107
59359.252558 1.098226 0.362924    -1.190928
59359.289835 1.135503 0.375821    -0.988614
59359.327111 1.172779 0.388717    -0.780803
59359.364388 1.210056 0.401614    -0.570079
59359.401664 1.247332 0.414511    -0.358904
59359.438941 1.284609 0.427407    -0.149567
59359.476217 1.321886 0.440304     0.055854
59359.513494 1.359162 0.453200     0.255518
59359.550771 1.396439 0.466097     0.447830
59359.588047 1.433715 0.478994     0.631444
59359.625324 -1.419426 0.491890     0.805257
59359.662600 -1.382149 0.504787     0.968389
59359.699877 -1.344873 0.517683     1.120170
59359.737153 -1.307596 0.530580     1.260114
59359.774430 -1.270320 0.543476     1.387899
59359.811706 -1.233043 0.556373     1.503342
59359.848983 -1.195767 0.569270     1.606380
59359.886259 -1.158490 0.582166     1.697044
59359.923536 -1.121214 0.595063     1.775449
59359.960812 -1.083937 0.607959     1.841770
59359.998089 -1.046661 0.620856     1.896231
59360.035365 -1.009384 0.633753     1.939094
59360.072642 -0.972108 0.646649     1.970644
59360.109918 -0.934831 0.659546     1.991187
59360.147195 -0.897555 0.672442     2.001036
59360.184472 -0.860278 0.685339     2.000510
59360.221748 -0.823001 0.698236     1.989931
59360.259025 -0.785725 0.711132     1.969614
59360.296301 -0.748448 0.724029     1.939872
59360.333578 -0.711172 0.736925     1.901010
59360.370854 -0.673895 0.749822     1.853326
59360.408131 -0.636619 0.762719     1.797109
59360.445407 -0.599342 0.775615     1.732643
59360.482684 -0.562066 0.788512     1.660203
59360.519960 -0.524789 0.801408     1.580060
59360.557237 -0.487513 0.814305     1.492480
59360.594513 -0.450236 0.827201     1.397728
59360.631790 -0.412960 0.840098     1.296068
59360.669066 -0.375683 0.852995     1.187770
59360.706343 -0.338407 0.865891     1.073107
59360.743619 -0.301130 0.878788     0.952363
59360.780896 -0.263854 0.891684     0.825837
59360.818173 -0.226577 0.904581     0.693843
59360.855449 -0.189300 0.917478     0.556721
59360.892726 -0.152024 0.930374     0.414837
59360.930002 -0.114747 0.943271     0.268590
59360.967279 -0.077471 0.956167     0.118422
59361.004555 -0.040194 0.969064    -0.035181
59361.041832 -0.002918 0.981961    -0.191678
59361.079108 0.034359 0.994857    -0.350467
59361.116385 0.071635 0.007754    -0.510876
59361.153661 0.108912 0.020650    -0.672156
59361.190938 0.146188 0.033547    -0.833475
59361.228214 0.183465 0.046443    -0.993907
59361.265491 0.220741 0.059340    -1.152429
59361.302767 0.258018 0.072237    -1.307916
59361.340044 0.295294 0.085133    -1.459134
59361.377321 0.332571 0.098030    -1.604748
59361.414597 0.369848 0.110926    -1.743320
59361.451874 0.407124 0.123823    -1.873318
59361.489150 0.444401 0.136720    -1.993137
59361.526427 0.481677 0.149616    -2.101111
59361.563703 0.518954 0.162513    -2.195550
59361.600980 0.556230 0.175409    -2.274774
59361.638256 0.593507 0.188306    -2.337154
59361.675533 0.630783 0.201203    -2.381170
59361.712809 0.668060 0.214099    -2.405464
59361.750086 0.705336 0.226996    -2.408898
59361.787362 0.742613 0.239892    -2.390619
59361.824639 0.779889 0.252789    -2.350110
59361.861915 0.817166 0.265686    -2.287237
59361.899192 0.854442 0.278582    -2.202282
59361.936468 0.891719 0.291479    -2.095961
59361.973745 0.928995 0.304375    -1.969414
59362.011022 0.966272 0.317272    -1.824190
59362.048298 1.003549 0.330168    -1.662195
59362.085575 1.040825 0.343065    -1.485634
59362.122851 1.078102 0.355962    -1.296940
59362.160128 1.115378 0.368858    -1.098689
59362.197404 1.152655 0.381755    -0.893520
59362.234681 1.189931 0.394651    -0.684054
59362.271957 1.227208 0.407548    -0.472826
59362.309234 1.264484 0.420445    -0.262225
59362.346510 1.301761 0.433341    -0.054445
59362.383787 1.339037 0.446238     0.148541
59362.421063 1.376314 0.459134     0.345005
59362.458340 1.413590 0.472031     0.533467
59362.495616 -1.439551 0.484928     0.712695
59362.532893 -1.402274 0.497824     0.881690
59362.570169 -1.364998 0.510721     1.039670
59362.607446 -1.327721 0.523617     1.186055
59362.644723 -1.290445 0.536514     1.320435
59362.681999 -1.253168 0.549410     1.442557
59362.719276 -1.215892 0.562307     1.552293
59362.756552 -1.178615 0.575204     1.649628
59362.793829 -1.141338 0.588100     1.734633
59362.831105 -1.104062 0.600997     1.807453
59362.868382 -1.066785 0.613893     1.868287
59362.905658 -1.029509 0.626790     1.917377
59362.942935 -0.992232 0.639687     1.954998
59362.980211 -0.954956 0.652583     1.981445
59363.017488 -0.917679 0.665480     1.997027
59363.054764 -0.880403 0.678376     2.002063
59363.092041 -0.843126 0.691273     1.996872
59363.129317 -0.805850 0.704170     1.981773
59363.166594 -0.768573 0.717066     1.957081
59363.203871 -0.731297 0.729963     1.923105
59363.241147 -0.694020 0.742859     1.880147
59363.278424 -0.656744 0.755756     1.828502
59363.315700 -0.619467 0.768653     1.768455
59363.352977 -0.582191 0.781549     1.700286
59363.390253 -0.544914 0.794446     1.624268
59363.427530 -0.507637 0.807342     1.540670
59363.464806 -0.470361 0.820239     1.449757
59363.502083 -0.433084 0.833135     1.351794
59363.539359 -0.395808 0.846032     1.247046
59363.576636 -0.358531 0.858929     1.135785
59363.613912 -0.321255 0.871825     1.018288
59363.651189 -0.283978 0.884722     0.894845
59363.688465 -0.246702 0.897618     0.765763
59363.725742 -0.209425 0.910515     0.631366
59363.763018 -0.172149 0.923412     0.492005
59363.800295 -0.134872 0.936308     0.348061
59363.837572 -0.097596 0.949205     0.199953
59363.874848 -0.060319 0.962101     0.048141
59363.912125 -0.023043 0.974998    -0.106865
59363.949401 0.014234 0.987895    -0.264495
59363.986678 0.051510 0.000791    -0.424117
59364.023954 0.088787 0.013688    -0.585025
59364.061231 0.126064 0.026584    -0.746432
59364.098507 0.163340 0.039481    -0.907463
59364.135784 0.200617 0.052377    -1.067150
59364.173060 0.237893 0.065274    -1.224421
59364.210337 0.275170 0.078171    -1.378103
59364.247613 0.312446 0.091067    -1.526915
59364.284890 0.349723 0.103964    -1.669473
59364.322166 0.386999 0.116860    -1.804295
59364.359443 0.424276 0.129757    -1.929813
59364.396719 0.461552 0.142654    -2.044391
59364.433996 0.498829 0.155550    -2.146348
59364.471273 0.536105 0.168447    -2.233993
59364.508549 0.573382 0.181343    -2.305663
59364.545826 0.610658 0.194240    -2.359775
59364.583102 0.647935 0.207137    -2.394873
59364.620379 0.685212 0.220033    -2.409693
59364.657655 0.722488 0.232930    -2.403224
59364.694932 0.759765 0.245826    -2.374758
59364.732208 0.797041 0.258723    -2.323951
59364.769485 0.834318 0.271620    -2.250857
59364.806761 0.871594 0.284516    -2.155956
59364.844038 0.908871 0.297413    -2.040161
59364.881314 0.946147 0.310309    -1.904806
59364.918591 0.983424 0.323206    -1.751608
59364.955867 1.020700 0.336102    -1.582622
59364.993144 1.057977 0.348999    -1.400165
59365.030421 1.095253 0.361896    -1.206748
59365.067697 1.132530 0.374792    -1.004986
59365.104974 1.169806 0.387689    -0.797517
59365.142250 1.207083 0.400585    -0.586934
59365.179527 1.244359 0.413482    -0.375708
59365.216803 1.281636 0.426379    -0.166146
59365.254080 1.318913 0.439275     0.039659
59365.291356 1.356189 0.452172     0.239844
59365.328633 1.393466 0.465068     0.432795
59365.365909 1.430742 0.477965     0.617147
59365.403186 -1.422399 0.490862     0.791776
59365.440462 -1.385122 0.503758     0.955788
59365.477739 -1.347846 0.516655     1.108494
59365.515015 -1.310569 0.529551     1.249396
59365.552292 -1.273293 0.542448     1.378159
59365.589568 -1.236016 0.555345     1.494590
59365.626845 -1.198740 0.568241     1.598617
59365.664122 -1.161463 0.581138     1.690265
59365.701398 -1.124187 0.594034     1.769642
59365.738675 -1.086910 0.606931     1.836919
59365.775951 -1.049634 0.619827     1.892317
59365.813228 -1.012357 0.632724     1.936095
59365.850504 -0.975081 0.645621     1.968536
59365.887781 -0.937804 0.658517     1.989945
59365.925057 -0.900528 0.671414     2.000635
59365.962334 -0.863251 0.684310     2.000926
59365.999610 -0.825974 0.697207     1.991136
59366.036887 -0.788698 0.710104     1.971584
59366.074163 -0.751421 0.723000     1.942583
59366.111440 -0.714145 0.735897     1.904437
59366.148716 -0.676868 0.748793     1.857446
59366.185993 -0.639592 0.761690     1.801899
59366.223269 -0.602315 0.774587     1.738081
59366.260546 -0.565039 0.787483     1.666267
59366.297823 -0.527762 0.800380     1.586728
59366.335099 -0.490486 0.813276     1.499732
59366.372376 -0.453209 0.826173     1.405542
59366.409652 -0.415933 0.839069     1.304423
59366.446929 -0.378656 0.851966     1.196645
59366.484205 -0.341380 0.864863     1.082479
59366.521482 -0.304103 0.877759     0.962210
59366.558758 -0.266827 0.890656     0.836133
59366.596035 -0.229550 0.903552     0.704563
59366.633311 -0.192273 0.916449     0.567837
59366.670588 -0.154997 0.929346     0.426318
59366.707864 -0.117720 0.942242     0.280404
59366.745141 -0.080444 0.955139     0.130531
59366.782417 -0.043167 0.968035    -0.022817
59366.819694 -0.005891 0.980932    -0.179104
59366.856971 0.031386 0.993829    -0.337734
59366.894247 0.068662 0.006725    -0.498040
59366.931524 0.105939 0.019622    -0.659280
59366.968800 0.143215 0.032518    -0.820629
59367.006077 0.180492 0.045415    -0.981168
59367.043353 0.217768 0.058312    -1.139882
59367.080630 0.255045 0.071208    -1.295654
59367.117906 0.292321 0.084105    -1.447261
59367.155183 0.329598 0.097001    -1.593373
59367.192459 0.366875 0.109898    -1.732562
59367.229736 0.404151 0.122794    -1.863302
59367.267012 0.441428 0.135691    -1.983993
59367.304289 0.478704 0.148588    -2.092974
59367.341565 0.515981 0.161484    -2.188555
59367.378842 0.553257 0.174381    -2.269052
59367.416118 0.590534 0.187277    -2.332834
59367.453395 0.627810 0.200174    -2.378367
59367.490672 0.665087 0.213071    -2.404278
59367.527948 0.702363 0.225967    -2.409412
59367.565225 0.739640 0.238864    -2.392888
59367.602501 0.776916 0.251760    -2.354162
59367.639778 0.814193 0.264657    -2.293068
59367.677054 0.851469 0.277554    -2.209854
59367.714331 0.888746 0.290450    -2.105200
59367.751607 0.926022 0.303347    -1.980215
59367.788884 0.963299 0.316243    -1.836415
59367.826160 1.000576 0.329140    -1.675680
59367.863437 1.037852 0.342036    -1.500194
59367.900713 1.075129 0.354933    -1.312375
59367.937990 1.112405 0.367830    -1.114789
59367.975266 1.149682 0.380726    -0.910075
59368.012543 1.186958 0.393623    -0.700857
59368.049820 1.224235 0.406519    -0.489680
59368.087096 1.261511 0.419416    -0.278945
59368.124373 1.298788 0.432313    -0.070865
59368.161649 1.336064 0.445209     0.132570
59368.198926 1.373341 0.458106     0.329611
59368.236202 1.410617 0.471002     0.518761
59368.273479 -1.442524 0.483899     0.698764
59368.310755 -1.405247 0.496796     0.868607
59368.348032 -1.367971 0.509692     1.027490
59368.385308 -1.330694 0.522589     1.174816
59368.422585 -1.293418 0.535485     1.310165
59368.459861 -1.256141 0.548382     1.433270
59368.497138 -1.218865 0.561279     1.543996
59368.534414 -1.181588 0.574175     1.642319
59368.571691 -1.144311 0.587072     1.728303
59368.608967 -1.107035 0.599968     1.802088
59368.646244 -1.069758 0.612865     1.863869
59368.683521 -1.032482 0.625761     1.913887
59368.720797 -0.995205 0.638658     1.952412
59368.758074 -0.957929 0.651555     1.979738
59368.795350 -0.920652 0.664451     1.996176
59368.832627 -0.883376 0.677348     2.002041
59368.869903 -0.846099 0.690244     1.997654
59368.907180 -0.808823 0.703141     1.983334
59368.944456 -0.771546 0.716038     1.959395
59368.981733 -0.734270 0.728934     1.926149
59369.019009 -0.696993 0.741831     1.883896
59369.056286 -0.659717 0.754727     1.832933
59369.093562 -0.622440 0.767624     1.773545
59369.130839 -0.585164 0.780521     1.706014
59369.168115 -0.547887 0.793417     1.630612
59369.205392 -0.510610 0.806314     1.547609
59369.242668 -0.473334 0.819210     1.457270
59369.279945 -0.436057 0.832107     1.359859
59369.317222 -0.398781 0.845003     1.255643
59369.354498 -0.361504 0.857900     1.144891
59369.391775 -0.324228 0.870797     1.027881
59369.429051 -0.286951 0.883693     0.904902
59369.466328 -0.249675 0.896590     0.776257
59369.503604 -0.212398 0.909486     0.642272
59369.540881 -0.175122 0.922383     0.503293
59369.578157 -0.137845 0.935280     0.359700
59369.615434 -0.100569 0.948176     0.211908
59369.652710 -0.063292 0.961073     0.060373
59369.689987 -0.026016 0.973969    -0.094398
59369.727263 0.011261 0.986866    -0.251841
59369.764540 0.048537 0.999763    -0.411329
59369.801816 0.085814 0.012659    -0.572162
59369.839093 0.123091 0.025556    -0.733560
59369.876370 0.160367 0.038452    -0.894656
59369.913646 0.197644 0.051349    -1.054488
59369.950923 0.234920 0.064246    -1.211994
59369.988199 0.272197 0.077142    -1.366007
59370.025476 0.309473 0.090039    -1.515257
59370.062752 0.346750 0.102935    -1.658367
59370.100029 0.384026 0.115832    -1.793863
59370.137305 0.421303 0.128728    -1.920182
59370.174582 0.458579 0.141625    -2.035694
59370.211858 0.495856 0.154522    -2.138719
59370.249135 0.533132 0.167418    -2.227567
59370.286411 0.570409 0.180315    -2.300571
59370.323688 0.607685 0.193211    -2.356139
59370.360964 0.644962 0.206108    -2.392802
59370.398241 0.682239 0.219005    -2.409281
59370.435517 0.719515 0.231901    -2.404540
59370.472794 0.756792 0.244798    -2.377846
59370.510071 0.794068 0.257694    -2.328825
59370.547347 0.831345 0.270591    -2.257496
59370.584624 0.868621 0.283488    -2.164306
59370.621900 0.905898 0.296384    -2.050135
59370.659177 0.943174 0.309281    -1.916281
59370.696453 0.980451 0.322177    -1.764435
59370.733730 1.017727 0.335074    -1.596625
59370.771006 1.055004 0.347970    -1.415154
59370.808283 1.092280 0.360867    -1.222516
59370.845559 1.129557 0.373764    -1.021321
59370.882836 1.166833 0.386660    -0.814212
59370.920112 1.204110 0.399557    -0.603784
59370.957389 1.241386 0.412453    -0.392523
59370.994665 1.278663 0.425350    -0.182748
59371.031942 1.315940 0.438247     0.023428
59371.069218 1.353216 0.451143     0.224124
59371.106495 1.390493 0.464040     0.417705
59371.143772 1.427769 0.476936     0.602787
59371.181048 -1.425372 0.489833     0.778228
59371.218325 -1.388095 0.502730     0.943114
59371.255601 -1.350819 0.515626     1.096743
59371.292878 -1.313542 0.528523     1.238600
59371.330154 -1.276266 0.541419     1.368340
59371.367431 -1.238989 0.554316     1.485759
59371.404707 -1.201713 0.567213     1.590775
59371.441984 -1.164436 0.580109     1.683408
59371.479260 -1.127160 0.593006     1.763758
59371.516537 -1.089883 0.605902     1.831992
59371.553813 -1.052607 0.618799     1.888329
59371.591090 -1.015330 0.631695     1.933023
59371.628366 -0.978054 0.644592     1.966358
59371.665643 -0.940777 0.657489     1.988635
59371.702920 -0.903501 0.670385     2.000168
59371.740196 -0.866224 0.683282     2.001277
59371.777473 -0.828947 0.696178     1.992279
59371.814749 -0.791671 0.709075     1.973495
59371.852026 -0.754394 0.721972     1.945235
59371.889302 -0.717118 0.734868     1.907808
59371.926579 -0.679841 0.747765     1.861511
59371.963855 -0.642565 0.760661     1.806636
59372.001132 -0.605288 0.773558     1.743468
59372.038408 -0.568012 0.786455     1.672281
59372.075685 -0.530735 0.799351     1.593349
59372.112961 -0.493459 0.812248     1.506937
59372.150238 -0.456182 0.825144     1.413312
59372.187514 -0.418906 0.838041     1.312736
59372.224791 -0.381629 0.850937     1.205479
59372.262067 -0.344353 0.863834     1.091812
59372.299344 -0.307076 0.876731     0.972019
59372.336621 -0.269800 0.889627     0.846394
59372.373897 -0.232523 0.902524     0.715251
59372.411174 -0.195246 0.915420     0.578923
59372.448450 -0.157970 0.928317     0.437772
59372.485727 -0.120693 0.941214     0.292193
59372.523003 -0.083417 0.954110     0.142619
59372.560280 -0.046140 0.967007    -0.010471
59372.597556 -0.008864 0.979903    -0.166545
59372.634833 0.028413 0.992800    -0.325012
59372.672109 0.065689 0.005697    -0.485210
59372.709386 0.102966 0.018593    -0.646405
59372.746662 0.140242 0.031490    -0.807777
59372.783939 0.177519 0.044386    -0.968417
59372.821215 0.214795 0.057283    -1.127317
59372.858492 0.252072 0.070180    -1.283367
59372.895768 0.289348 0.083076    -1.435353
59372.933045 0.326625 0.095973    -1.581955
59372.970322 0.363901 0.108869    -1.721750
59373.007598 0.401178 0.121766    -1.853222
59373.044875 0.438455 0.134662    -1.974775
59373.082151 0.475731 0.147559    -2.084751
59373.119428 0.513008 0.160456    -2.181463
59373.156704 0.550284 0.173352    -2.263225
59373.193981 0.587561 0.186249    -2.328397
59373.231257 0.624837 0.199145    -2.375439
59373.268534 0.662114 0.212042    -2.402961
59373.305810 0.699390 0.224939    -2.409787
59373.343087 0.736667 0.237835    -2.395016
59373.380363 0.773943 0.250732    -2.358072
59373.417640 0.811220 0.263628    -2.298758
59373.454916 0.848496 0.276525    -2.217290
59373.492193 0.885773 0.289422    -2.114310
59373.529470 0.923049 0.302318    -1.990896
59373.566746 0.960326 0.315215    -1.848532
59373.604023 0.997603 0.328111    -1.689071
59373.641299 1.034879 0.341008    -1.514676
59373.678576 1.072156 0.353904    -1.327747
59373.715852 1.109432 0.366801    -1.130845
59373.753129 1.146709 0.379698    -0.926602
59373.790405 1.183985 0.392594    -0.717648
59373.827682 1.221262 0.405491    -0.506537
59373.864958 1.258538 0.418387    -0.295683
59373.902235 1.295815 0.431284    -0.087315
59373.939511 1.333091 0.444181     0.116558
59373.976788 1.370368 0.457077     0.314168
59374.014064 1.407644 0.469974     0.503995
59374.051341 1.444921 0.482870     0.684769
59374.088617 -1.408220 0.495767     0.855454
