# Tref_folded model 
-1.500000 -0.394173 
-1.499000 -0.388030 
-1.498000 -0.381876 
-1.497000 -0.375714 
-1.496000 -0.369541 
-1.495000 -0.363359 
-1.494000 -0.357167 
-1.493000 -0.350966 
-1.492000 -0.344754 
-1.491000 -0.338533 
-1.490000 -0.332302 
-1.489000 -0.326061 
-1.488000 -0.319810 
-1.487000 -0.313549 
-1.486000 -0.307278 
-1.485000 -0.300997 
-1.484000 -0.294705 
-1.483000 -0.288403 
-1.482000 -0.282091 
-1.481000 -0.275769 
-1.480000 -0.269437 
-1.479000 -0.263093 
-1.478000 -0.256740 
-1.477000 -0.250376 
-1.476000 -0.244001 
-1.475000 -0.237616 
-1.474000 -0.231220 
-1.473000 -0.224813 
-1.472000 -0.218396 
-1.471000 -0.211967 
-1.470000 -0.205528 
-1.469000 -0.199078 
-1.468000 -0.192617 
-1.467000 -0.186145 
-1.466000 -0.179661 
-1.465000 -0.173167 
-1.464000 -0.166661 
-1.463000 -0.160144 
-1.462000 -0.153616 
-1.461000 -0.147076 
-1.460000 -0.140525 
-1.459000 -0.133962 
-1.458000 -0.127388 
-1.457000 -0.120802 
-1.456000 -0.114205 
-1.455000 -0.107596 
-1.454000 -0.100975 
-1.453000 -0.094342 
-1.452000 -0.087697 
-1.451000 -0.081040 
-1.450000 -0.074371 
-1.449000 -0.067690 
-1.448000 -0.060997 
-1.447000 -0.054292 
-1.446000 -0.047574 
-1.445000 -0.040844 
-1.444000 -0.034102 
-1.443000 -0.027347 
-1.442000 -0.020580 
-1.441000 -0.013800 
-1.440000 -0.007007 
-1.439000 -0.000202 
-1.438000 0.006617 
-1.437000 0.013448 
-1.436000 0.020292 
-1.435000 0.027149 
-1.434000 0.034019 
-1.433000 0.040902 
-1.432000 0.047798 
-1.431000 0.054708 
-1.430000 0.061631 
-1.429000 0.068568 
-1.428000 0.075518 
-1.427000 0.082481 
-1.426000 0.089458 
-1.425000 0.096449 
-1.424000 0.103454 
-1.423000 0.110472 
-1.422000 0.117504 
-1.421000 0.124551 
-1.420000 0.131611 
-1.419000 0.138686 
-1.418000 0.145774 
-1.417000 0.152877 
-1.416000 0.159995 
-1.415000 0.167127 
-1.414000 0.174273 
-1.413000 0.181434 
-1.412000 0.188610 
-1.411000 0.195800 
-1.410000 0.203005 
-1.409000 0.210225 
-1.408000 0.217460 
-1.407000 0.224711 
-1.406000 0.231976 
-1.405000 0.239256 
-1.404000 0.246552 
-1.403000 0.253864 
-1.402000 0.261190 
-1.401000 0.268533 
-1.400000 0.275890 
-1.399000 0.283264 
-1.398000 0.290653 
-1.397000 0.298059 
-1.396000 0.305480 
-1.395000 0.312917 
-1.394000 0.320371 
-1.393000 0.327841 
-1.392000 0.335327 
-1.391000 0.342829 
-1.390000 0.350348 
-1.389000 0.357884 
-1.388000 0.365436 
-1.387000 0.373005 
-1.386000 0.380591 
-1.385000 0.388194 
-1.384000 0.395813 
-1.383000 0.403450 
-1.382000 0.411105 
-1.381000 0.418776 
-1.380000 0.426465 
-1.379000 0.434171 
-1.378000 0.441896 
-1.377000 0.449637 
-1.376000 0.457397 
-1.375000 0.465174 
-1.374000 0.472969 
-1.373000 0.480783 
-1.372000 0.488615 
-1.371000 0.496464 
-1.370000 0.504333 
-1.369000 0.512219 
-1.368000 0.520125 
-1.367000 0.528049 
-1.366000 0.535991 
-1.365000 0.543953 
-1.364000 0.551934 
-1.363000 0.559933 
-1.362000 0.567952 
-1.361000 0.575990 
-1.360000 0.584048 
-1.359000 0.592125 
-1.358000 0.600221 
-1.357000 0.608338 
-1.356000 0.616474 
-1.355000 0.624630 
-1.354000 0.632806 
-1.353000 0.641002 
-1.352000 0.649218 
-1.351000 0.657455 
-1.350000 0.665712 
-1.349000 0.673990 
-1.348000 0.682288 
-1.347000 0.690607 
-1.346000 0.698947 
-1.345000 0.707308 
-1.344000 0.715690 
-1.343000 0.724094 
-1.342000 0.732518 
-1.341000 0.740965 
-1.340000 0.749432 
-1.339000 0.757922 
-1.338000 0.766433 
-1.337000 0.774966 
-1.336000 0.783521 
-1.335000 0.792098 
-1.334000 0.800697 
-1.333000 0.809319 
-1.332000 0.817964 
-1.331000 0.826630 
-1.330000 0.835320 
-1.329000 0.844032 
-1.328000 0.852768 
-1.327000 0.861526 
-1.326000 0.870308 
-1.325000 0.879113 
-1.324000 0.887941 
-1.323000 0.896793 
-1.322000 0.905668 
-1.321000 0.914567 
-1.320000 0.923491 
-1.319000 0.932438 
-1.318000 0.941409 
-1.317000 0.950405 
-1.316000 0.959425 
-1.315000 0.968469 
-1.314000 0.977538 
-1.313000 0.986632 
-1.312000 0.995751 
-1.311000 1.004894 
-1.310000 1.014063 
-1.309000 1.023257 
-1.308000 1.032477 
-1.307000 1.041721 
-1.306000 1.050992 
-1.305000 1.060288 
-1.304000 1.069610 
-1.303000 1.078958 
-1.302000 1.088332 
-1.301000 1.097732 
-1.300000 1.107158 
-1.299000 1.116611 
-1.298000 1.126091 
-1.297000 1.135597 
-1.296000 1.145130 
-1.295000 1.154689 
-1.294000 1.164276 
-1.293000 1.173890 
-1.292000 1.183532 
-1.291000 1.193200 
-1.290000 1.202896 
-1.289000 1.212620 
-1.288000 1.222372 
-1.287000 1.232151 
-1.286000 1.241958 
-1.285000 1.251794 
-1.284000 1.261657 
-1.283000 1.271549 
-1.282000 1.281469 
-1.281000 1.291418 
-1.280000 1.301395 
-1.279000 1.311401 
-1.278000 1.321436 
-1.277000 1.331500 
-1.276000 1.341593 
-1.275000 1.351715 
-1.274000 1.361866 
-1.273000 1.372046 
-1.272000 1.382256 
-1.271000 1.392496 
-1.270000 1.402765 
-1.269000 1.413064 
-1.268000 1.423392 
-1.267000 1.433751 
-1.266000 1.444139 
-1.265000 1.454557 
-1.264000 1.465006 
-1.263000 1.475485 
-1.262000 1.485994 
-1.261000 1.496533 
-1.260000 1.507102 
-1.259000 1.517703 
-1.258000 1.528333 
-1.257000 1.538995 
-1.256000 1.549686 
-1.255000 1.560409 
-1.254000 1.571162 
-1.253000 1.581946 
-1.252000 1.592761 
-1.251000 1.603607 
-1.250000 1.614484 
-1.249000 1.625391 
-1.248000 1.636330 
-1.247000 1.647299 
-1.246000 1.658299 
-1.245000 1.669331 
-1.244000 1.680393 
-1.243000 1.691486 
-1.242000 1.702610 
-1.241000 1.713765 
-1.240000 1.724951 
-1.239000 1.736168 
-1.238000 1.747415 
-1.237000 1.758693 
-1.236000 1.770002 
-1.235000 1.781342 
-1.234000 1.792712 
-1.233000 1.804113 
-1.232000 1.815544 
-1.231000 1.827005 
-1.230000 1.838497 
-1.229000 1.850019 
-1.228000 1.861570 
-1.227000 1.873152 
-1.226000 1.884763 
-1.225000 1.896403 
-1.224000 1.908073 
-1.223000 1.919772 
-1.222000 1.931500 
-1.221000 1.943257 
-1.220000 1.955042 
-1.219000 1.966856 
-1.218000 1.978698 
-1.217000 1.990567 
-1.216000 2.002464 
-1.215000 2.014388 
-1.214000 2.026339 
-1.213000 2.038317 
-1.212000 2.050320 
-1.211000 2.062350 
-1.210000 2.074405 
-1.209000 2.086485 
-1.208000 2.098589 
-1.207000 2.110718 
-1.206000 2.122870 
-1.205000 2.135046 
-1.204000 2.147244 
-1.203000 2.159465 
-1.202000 2.171707 
-1.201000 2.183969 
-1.200000 2.196253 
-1.199000 2.208556 
-1.198000 2.220878 
-1.197000 2.233218 
-1.196000 2.245576 
-1.195000 2.257950 
-1.194000 2.270341 
-1.193000 2.282747 
-1.192000 2.295167 
-1.191000 2.307601 
-1.190000 2.320047 
-1.189000 2.332504 
-1.188000 2.344972 
-1.187000 2.357449 
-1.186000 2.369935 
-1.185000 2.382428 
-1.184000 2.394926 
-1.183000 2.407430 
-1.182000 2.419936 
-1.181000 2.432445 
-1.180000 2.444954 
-1.179000 2.457463 
-1.178000 2.469969 
-1.177000 2.482471 
-1.176000 2.494968 
-1.175000 2.507457 
-1.174000 2.519938 
-1.173000 2.532407 
-1.172000 2.544864 
-1.171000 2.557307 
-1.170000 2.569733 
-1.169000 2.582140 
-1.168000 2.594526 
-1.167000 2.606889 
-1.166000 2.619226 
-1.165000 2.631536 
-1.164000 2.643815 
-1.163000 2.656061 
-1.162000 2.668271 
-1.161000 2.680443 
-1.160000 2.692573 
-1.159000 2.704659 
-1.158000 2.716697 
-1.157000 2.728685 
-1.156000 2.740618 
-1.155000 2.752494 
-1.154000 2.764310 
-1.153000 2.776060 
-1.152000 2.787742 
-1.151000 2.799352 
-1.150000 2.810886 
-1.149000 2.822339 
-1.148000 2.833707 
-1.147000 2.844985 
-1.146000 2.856170 
-1.145000 2.867256 
-1.144000 2.878238 
-1.143000 2.889112 
-1.142000 2.899872 
-1.141000 2.910513 
-1.140000 2.921028 
-1.139000 2.931413 
-1.138000 2.941662 
-1.137000 2.951767 
-1.136000 2.961724 
-1.135000 2.971526 
-1.134000 2.981165 
-1.133000 2.990635 
-1.132000 2.999929 
-1.131000 3.009040 
-1.130000 3.017960 
-1.129000 3.026682 
-1.128000 3.035197 
-1.127000 3.043497 
-1.126000 3.051575 
-1.125000 3.059421 
-1.124000 3.067026 
-1.123000 3.074382 
-1.122000 3.081479 
-1.121000 3.088308 
-1.120000 3.094858 
-1.119000 3.101121 
-1.118000 3.107085 
-1.117000 3.112741 
-1.116000 3.118077 
-1.115000 3.123082 
-1.114000 3.127745 
-1.113000 3.132055 
-1.112000 3.136001 
-1.111000 3.139569 
-1.110000 3.142749 
-1.109000 3.145527 
-1.108000 3.147891 
-1.107000 3.149828 
-1.106000 3.151325 
-1.105000 3.152370 
-1.104000 3.152948 
-1.103000 3.153046 
-1.102000 3.152650 
-1.101000 3.151746 
-1.100000 3.150321 
-1.099000 3.148360 
-1.098000 3.145849 
-1.097000 3.142773 
-1.096000 3.139118 
-1.095000 3.134870 
-1.094000 3.130014 
-1.093000 3.124536 
-1.092000 3.118420 
-1.091000 3.111653 
-1.090000 3.104221 
-1.089000 3.096108 
-1.088000 3.087301 
-1.087000 3.077786 
-1.086000 3.067550 
-1.085000 3.056578 
-1.084000 3.044858 
-1.083000 3.032377 
-1.082000 3.019123 
-1.081000 3.005082 
-1.080000 2.990245 
-1.079000 2.974599 
-1.078000 2.958134 
-1.077000 2.940841 
-1.076000 2.922709 
-1.075000 2.903731 
-1.074000 2.883898 
-1.073000 2.863204 
-1.072000 2.841642 
-1.071000 2.819207 
-1.070000 2.795895 
-1.069000 2.771701 
-1.068000 2.746625 
-1.067000 2.720663 
-1.066000 2.693817 
-1.065000 2.666087 
-1.064000 2.637476 
-1.063000 2.607985 
-1.062000 2.577621 
-1.061000 2.546389 
-1.060000 2.514295 
-1.059000 2.481349 
-1.058000 2.447560 
-1.057000 2.412939 
-1.056000 2.377499 
-1.055000 2.341252 
-1.054000 2.304215 
-1.053000 2.266404 
-1.052000 2.227836 
-1.051000 2.188530 
-1.050000 2.148506 
-1.049000 2.107786 
-1.048000 2.066392 
-1.047000 2.024348 
-1.046000 1.981678 
-1.045000 1.938409 
-1.044000 1.894567 
-1.043000 1.850180 
-1.042000 1.805275 
-1.041000 1.759413 
-1.040000 1.713554 
-1.039000 1.667265 
-1.038000 1.620577 
-1.037000 1.573521 
-1.036000 1.526130 
-1.035000 1.478435 
-1.034000 1.430468 
-1.033000 1.382263 
-1.032000 1.333852 
-1.031000 1.285268 
-1.030000 1.236543 
-1.029000 1.187709 
-1.028000 1.138799 
-1.027000 1.089845 
-1.026000 1.040877 
-1.025000 0.991926 
-1.024000 0.943023 
-1.023000 0.894199 
-1.022000 0.845480 
-1.021000 0.796897 
-1.020000 0.748477 
-1.019000 0.700246 
-1.018000 0.652231 
-1.017000 0.604457 
-1.016000 0.556948 
-1.015000 0.509727 
-1.014000 0.462817 
-1.013000 0.416239 
-1.012000 0.370013 
-1.011000 0.324159 
-1.010000 0.278696 
-1.009000 0.233640 
-1.008000 0.189008 
-1.007000 0.144816 
-1.006000 0.101077 
-1.005000 0.057807 
-1.004000 0.015015 
-1.003000 -0.027284 
-1.002000 -0.069082 
-1.001000 -0.110368 
-1.000000 -0.151134 
-0.999000 -0.191372 
-0.998000 -0.231074 
-0.997000 -0.270235 
-0.996000 -0.308848 
-0.995000 -0.346910 
-0.994000 -0.384417 
-0.993000 -0.421364 
-0.992000 -0.457750 
-0.991000 -0.493573 
-0.990000 -0.528831 
-0.989000 -0.563524 
-0.988000 -0.597652 
-0.987000 -0.631214 
-0.986000 -0.664213 
-0.985000 -0.696649 
-0.984000 -0.728525 
-0.983000 -0.759842 
-0.982000 -0.790604 
-0.981000 -0.820813 
-0.980000 -0.850474 
-0.979000 -0.879589 
-0.978000 -0.908162 
-0.977000 -0.936199 
-0.976000 -0.963704 
-0.975000 -0.990682 
-0.974000 -1.017137 
-0.973000 -1.043075 
-0.972000 -1.068502 
-0.971000 -1.093423 
-0.970000 -1.117844 
-0.969000 -1.141770 
-0.968000 -1.165209 
-0.967000 -1.188166 
-0.966000 -1.210647 
-0.965000 -1.232658 
-0.964000 -1.254206 
-0.963000 -1.275298 
-0.962000 -1.295940 
-0.961000 -1.316138 
-0.960000 -1.335898 
-0.959000 -1.355228 
-0.958000 -1.374134 
-0.957000 -1.392622 
-0.956000 -1.410700 
-0.955000 -1.428372 
-0.954000 -1.445647 
-0.953000 -1.462530 
-0.952000 -1.479027 
-0.951000 -1.495146 
-0.950000 -1.510892 
-0.949000 -1.526272 
-0.948000 -1.541291 
-0.947000 -1.555957 
-0.946000 -1.570275 
-0.945000 -1.584251 
-0.944000 -1.597892 
-0.943000 -1.611202 
-0.942000 -1.624189 
-0.941000 -1.636857 
-0.940000 -1.649213 
-0.939000 -1.661261 
-0.938000 -1.673009 
-0.937000 -1.684460 
-0.936000 -1.695621 
-0.935000 -1.706496 
-0.934000 -1.717092 
-0.933000 -1.727412 
-0.932000 -1.737463 
-0.931000 -1.747248 
-0.930000 -1.756774 
-0.929000 -1.766045 
-0.928000 -1.775066 
-0.927000 -1.783840 
-0.926000 -1.792374 
-0.925000 -1.800671 
-0.924000 -1.808736 
-0.923000 -1.816573 
-0.922000 -1.824187 
-0.921000 -1.831581 
-0.920000 -1.838761 
-0.919000 -1.845729 
-0.918000 -1.852490 
-0.917000 -1.859047 
-0.916000 -1.865406 
-0.915000 -1.871568 
-0.914000 -1.877539 
-0.913000 -1.883321 
-0.912000 -1.888919 
-0.911000 -1.894335 
-0.910000 -1.899574 
-0.909000 -1.904638 
-0.908000 -1.909531 
-0.907000 -1.914255 
-0.906000 -1.918815 
-0.905000 -1.923214 
-0.904000 -1.927453 
-0.903000 -1.931537 
-0.902000 -1.935468 
-0.901000 -1.939249 
-0.900000 -1.942883 
-0.899000 -1.946373 
-0.898000 -1.949721 
-0.897000 -1.952930 
-0.896000 -1.956003 
-0.895000 -1.958942 
-0.894000 -1.961749 
-0.893000 -1.964428 
-0.892000 -1.966980 
-0.891000 -1.969408 
-0.890000 -1.971714 
-0.889000 -1.973900 
-0.888000 -1.975969 
-0.887000 -1.977922 
-0.886000 -1.979763 
-0.885000 -1.981492 
-0.884000 -1.983112 
-0.883000 -1.984626 
-0.882000 -1.986034 
-0.881000 -1.987339 
-0.880000 -1.988542 
-0.879000 -1.989647 
-0.878000 -1.990653 
-0.877000 -1.991564 
-0.876000 -1.992381 
-0.875000 -1.993105 
-0.874000 -1.993738 
-0.873000 -1.994282 
-0.872000 -1.994739 
-0.871000 -1.995109 
-0.870000 -1.995396 
-0.869000 -1.995599 
-0.868000 -1.995720 
-0.867000 -1.995762 
-0.866000 -1.995725 
-0.865000 -1.995611 
-0.864000 -1.995421 
-0.863000 -1.995156 
-0.862000 -1.994818 
-0.861000 -1.994408 
-0.860000 -1.993928 
-0.859000 -1.993378 
-0.858000 -1.992759 
-0.857000 -1.992074 
-0.856000 -1.991322 
-0.855000 -1.990506 
-0.854000 -1.989626 
-0.853000 -1.988684 
-0.852000 -1.987680 
-0.851000 -1.986616 
-0.850000 -1.985492 
-0.849000 -1.984309 
-0.848000 -1.983070 
-0.847000 -1.981773 
-0.846000 -1.980422 
-0.845000 -1.979015 
-0.844000 -1.977555 
-0.843000 -1.976042 
-0.842000 -1.974478 
-0.841000 -1.972862 
-0.840000 -1.971196 
-0.839000 -1.969481 
-0.838000 -1.967717 
-0.837000 -1.965905 
-0.836000 -1.964047 
-0.835000 -1.962142 
-0.834000 -1.960192 
-0.833000 -1.958197 
-0.832000 -1.956158 
-0.831000 -1.954076 
-0.830000 -1.951951 
-0.829000 -1.949784 
-0.828000 -1.947576 
-0.827000 -1.945328 
-0.826000 -1.943040 
-0.825000 -1.940712 
-0.824000 -1.938346 
-0.823000 -1.935941 
-0.822000 -1.933500 
-0.821000 -1.931021 
-0.820000 -1.928506 
-0.819000 -1.925955 
-0.818000 -1.923370 
-0.817000 -1.920749 
-0.816000 -1.918095 
-0.815000 -1.915406 
-0.814000 -1.912685 
-0.813000 -1.909932 
-0.812000 -1.907146 
-0.811000 -1.904329 
-0.810000 -1.901480 
-0.809000 -1.898601 
-0.808000 -1.895692 
-0.807000 -1.892753 
-0.806000 -1.889785 
-0.805000 -1.886788 
-0.804000 -1.883763 
-0.803000 -1.880709 
-0.802000 -1.877628 
-0.801000 -1.874520 
-0.800000 -1.871385 
-0.799000 -1.868224 
-0.798000 -1.865037 
-0.797000 -1.861824 
-0.796000 -1.858586 
-0.795000 -1.855323 
-0.794000 -1.852035 
-0.793000 -1.848724 
-0.792000 -1.845388 
-0.791000 -1.842029 
-0.790000 -1.838647 
-0.789000 -1.835242 
-0.788000 -1.831814 
-0.787000 -1.828364 
-0.786000 -1.824892 
-0.785000 -1.821399 
-0.784000 -1.817884 
-0.783000 -1.814349 
-0.782000 -1.810792 
-0.781000 -1.807215 
-0.780000 -1.803618 
-0.779000 -1.800001 
-0.778000 -1.796364 
-0.777000 -1.792708 
-0.776000 -1.789033 
-0.775000 -1.785339 
-0.774000 -1.781626 
-0.773000 -1.777895 
-0.772000 -1.774146 
-0.771000 -1.770379 
-0.770000 -1.766594 
-0.769000 -1.762792 
-0.768000 -1.758972 
-0.767000 -1.755135 
-0.766000 -1.751282 
-0.765000 -1.747412 
-0.764000 -1.743526 
-0.763000 -1.739623 
-0.762000 -1.735705 
-0.761000 -1.731770 
-0.760000 -1.727820 
-0.759000 -1.723855 
-0.758000 -1.719874 
-0.757000 -1.715878 
-0.756000 -1.711868 
-0.755000 -1.707843 
-0.754000 -1.703803 
-0.753000 -1.699749 
-0.752000 -1.695680 
-0.751000 -1.691598 
-0.750000 -1.687502 
-0.749000 -1.683392 
-0.748000 -1.679269 
-0.747000 -1.675132 
-0.746000 -1.670982 
-0.745000 -1.666818 
-0.744000 -1.662642 
-0.743000 -1.658453 
-0.742000 -1.654251 
-0.741000 -1.650037 
-0.740000 -1.645811 
-0.739000 -1.641572 
-0.738000 -1.637321 
-0.737000 -1.633058 
-0.736000 -1.628783 
-0.735000 -1.624496 
-0.734000 -1.620197 
-0.733000 -1.615887 
-0.732000 -1.611566 
-0.731000 -1.607233 
-0.730000 -1.602889 
-0.729000 -1.598534 
-0.728000 -1.594168 
-0.727000 -1.589792 
-0.726000 -1.585404 
-0.725000 -1.581006 
-0.724000 -1.576597 
-0.723000 -1.572177 
-0.722000 -1.567748 
-0.721000 -1.563308 
-0.720000 -1.558857 
-0.719000 -1.554397 
-0.718000 -1.549927 
-0.717000 -1.545447 
-0.716000 -1.540956 
-0.715000 -1.536457 
-0.714000 -1.531947 
-0.713000 -1.527428 
-0.712000 -1.522899 
-0.711000 -1.518361 
-0.710000 -1.513814 
-0.709000 -1.509257 
-0.708000 -1.504691 
-0.707000 -1.500116 
-0.706000 -1.495532 
-0.705000 -1.490939 
-0.704000 -1.486336 
-0.703000 -1.481725 
-0.702000 -1.477106 
-0.701000 -1.472477 
-0.700000 -1.467840 
-0.699000 -1.463194 
-0.698000 -1.458540 
-0.697000 -1.453877 
-0.696000 -1.449205 
-0.695000 -1.444526 
-0.694000 -1.439838 
-0.693000 -1.435141 
-0.692000 -1.430437 
-0.691000 -1.425724 
-0.690000 -1.421003 
-0.689000 -1.416274 
-0.688000 -1.411537 
-0.687000 -1.406792 
-0.686000 -1.402039 
-0.685000 -1.397279 
-0.684000 -1.392510 
-0.683000 -1.387734 
-0.682000 -1.382950 
-0.681000 -1.378158 
-0.680000 -1.373358 
-0.679000 -1.368551 
-0.678000 -1.363736 
-0.677000 -1.358914 
-0.676000 -1.354084 
-0.675000 -1.349246 
-0.674000 -1.344402 
-0.673000 -1.339549 
-0.672000 -1.334690 
-0.671000 -1.329823 
-0.670000 -1.324948 
-0.669000 -1.320067 
-0.668000 -1.315178 
-0.667000 -1.310281 
-0.666000 -1.305378 
-0.665000 -1.300467 
-0.664000 -1.295550 
-0.663000 -1.290625 
-0.662000 -1.285693 
-0.661000 -1.280754 
-0.660000 -1.275808 
-0.659000 -1.270855 
-0.658000 -1.265894 
-0.657000 -1.260927 
-0.656000 -1.255953 
-0.655000 -1.250972 
-0.654000 -1.245984 
-0.653000 -1.240989 
-0.652000 -1.235987 
-0.651000 -1.230978 
-0.650000 -1.225963 
-0.649000 -1.220940 
-0.648000 -1.215911 
-0.647000 -1.210875 
-0.646000 -1.205832 
-0.645000 -1.200782 
-0.644000 -1.195726 
-0.643000 -1.190662 
-0.642000 -1.185592 
-0.641000 -1.180515 
-0.640000 -1.175432 
-0.639000 -1.170341 
-0.638000 -1.165244 
-0.637000 -1.160141 
-0.636000 -1.155030 
-0.635000 -1.149913 
-0.634000 -1.144789 
-0.633000 -1.139659 
-0.632000 -1.134522 
-0.631000 -1.129378 
-0.630000 -1.124227 
-0.629000 -1.119070 
-0.628000 -1.113906 
-0.627000 -1.108736 
-0.626000 -1.103559 
-0.625000 -1.098375 
-0.624000 -1.093184 
-0.623000 -1.087987 
-0.622000 -1.082783 
-0.621000 -1.077573 
-0.620000 -1.072356 
-0.619000 -1.067132 
-0.618000 -1.061902 
-0.617000 -1.056665 
-0.616000 -1.051421 
-0.615000 -1.046170 
-0.614000 -1.040913 
-0.613000 -1.035650 
-0.612000 -1.030379 
-0.611000 -1.025102 
-0.610000 -1.019819 
-0.609000 -1.014528 
-0.608000 -1.009231 
-0.607000 -1.003927 
-0.606000 -0.998617 
-0.605000 -0.993300 
-0.604000 -0.987976 
-0.603000 -0.982645 
-0.602000 -0.977308 
-0.601000 -0.971964 
-0.600000 -0.966613 
-0.599000 -0.961255 
-0.598000 -0.955891 
-0.597000 -0.950519 
-0.596000 -0.945141 
-0.595000 -0.939757 
-0.594000 -0.934365 
-0.593000 -0.928967 
-0.592000 -0.923561 
-0.591000 -0.918149 
-0.590000 -0.912730 
-0.589000 -0.907304 
-0.588000 -0.901872 
-0.587000 -0.896432 
-0.586000 -0.890985 
-0.585000 -0.885532 
-0.584000 -0.880072 
-0.583000 -0.874604 
-0.582000 -0.869130 
-0.581000 -0.863648 
-0.580000 -0.858160 
-0.579000 -0.852665 
-0.578000 -0.847162 
-0.577000 -0.841653 
-0.576000 -0.836136 
-0.575000 -0.830612 
-0.574000 -0.825081 
-0.573000 -0.819543 
-0.572000 -0.813998 
-0.571000 -0.808446 
-0.570000 -0.802886 
-0.569000 -0.797320 
-0.568000 -0.791746 
-0.567000 -0.786164 
-0.566000 -0.780576 
-0.565000 -0.774980 
-0.564000 -0.769377 
-0.563000 -0.763766 
-0.562000 -0.758149 
-0.561000 -0.752523 
-0.560000 -0.746891 
-0.559000 -0.741251 
-0.558000 -0.735603 
-0.557000 -0.729948 
-0.556000 -0.724285 
-0.555000 -0.718615 
-0.554000 -0.712938 
-0.553000 -0.707252 
-0.552000 -0.701560 
-0.551000 -0.695859 
-0.550000 -0.690151 
-0.549000 -0.684435 
-0.548000 -0.678711 
-0.547000 -0.672980 
-0.546000 -0.667241 
-0.545000 -0.661494 
-0.544000 -0.655739 
-0.543000 -0.649977 
-0.542000 -0.644206 
-0.541000 -0.638353 
-0.540000 -0.632566 
-0.539000 -0.626772 
-0.538000 -0.620969 
-0.537000 -0.615159 
-0.536000 -0.609340 
-0.535000 -0.603513 
-0.534000 -0.597678 
-0.533000 -0.591835 
-0.532000 -0.585983 
-0.531000 -0.580123 
-0.530000 -0.574255 
-0.529000 -0.568379 
-0.528000 -0.562494 
-0.527000 -0.556601 
-0.526000 -0.550699 
-0.525000 -0.544789 
-0.524000 -0.538870 
-0.523000 -0.532943 
-0.522000 -0.527007 
-0.521000 -0.521063 
-0.520000 -0.515110 
-0.519000 -0.509148 
-0.518000 -0.503178 
-0.517000 -0.497198 
-0.516000 -0.491210 
-0.515000 -0.485213 
-0.514000 -0.479208 
-0.513000 -0.473193 
-0.512000 -0.467170 
-0.511000 -0.461137 
-0.510000 -0.455095 
-0.509000 -0.449045 
-0.508000 -0.442985 
-0.507000 -0.436916 
-0.506000 -0.430838 
-0.505000 -0.424750 
-0.504000 -0.418654 
-0.503000 -0.412548 
-0.502000 -0.406432 
-0.501000 -0.400308 
-0.500000 -0.394173 
-0.499000 -0.388030 
-0.498000 -0.381876 
-0.497000 -0.375714 
-0.496000 -0.369541 
-0.495000 -0.363359 
-0.494000 -0.357167 
-0.493000 -0.350966 
-0.492000 -0.344754 
-0.491000 -0.338533 
-0.490000 -0.332302 
-0.489000 -0.326061 
-0.488000 -0.319810 
-0.487000 -0.313549 
-0.486000 -0.307278 
-0.485000 -0.300997 
-0.484000 -0.294705 
-0.483000 -0.288403 
-0.482000 -0.282091 
-0.481000 -0.275769 
-0.480000 -0.269437 
-0.479000 -0.263093 
-0.478000 -0.256740 
-0.477000 -0.250376 
-0.476000 -0.244001 
-0.475000 -0.237616 
-0.474000 -0.231220 
-0.473000 -0.224813 
-0.472000 -0.218396 
-0.471000 -0.211967 
-0.470000 -0.205528 
-0.469000 -0.199078 
-0.468000 -0.192617 
-0.467000 -0.186145 
-0.466000 -0.179661 
-0.465000 -0.173167 
-0.464000 -0.166661 
-0.463000 -0.160144 
-0.462000 -0.153616 
-0.461000 -0.147076 
-0.460000 -0.140525 
-0.459000 -0.133962 
-0.458000 -0.127388 
-0.457000 -0.120802 
-0.456000 -0.114205 
-0.455000 -0.107596 
-0.454000 -0.100975 
-0.453000 -0.094342 
-0.452000 -0.087697 
-0.451000 -0.081040 
-0.450000 -0.074371 
-0.449000 -0.067690 
-0.448000 -0.060997 
-0.447000 -0.054292 
-0.446000 -0.047574 
-0.445000 -0.040844 
-0.444000 -0.034102 
-0.443000 -0.027347 
-0.442000 -0.020580 
-0.441000 -0.013800 
-0.440000 -0.007007 
-0.439000 -0.000202 
-0.438000 0.006617 
-0.437000 0.013448 
-0.436000 0.020292 
-0.435000 0.027149 
-0.434000 0.034019 
-0.433000 0.040902 
-0.432000 0.047798 
-0.431000 0.054708 
-0.430000 0.061631 
-0.429000 0.068568 
-0.428000 0.075518 
-0.427000 0.082481 
-0.426000 0.089458 
-0.425000 0.096449 
-0.424000 0.103454 
-0.423000 0.110472 
-0.422000 0.117504 
-0.421000 0.124551 
-0.420000 0.131611 
-0.419000 0.138686 
-0.418000 0.145774 
-0.417000 0.152877 
-0.416000 0.159995 
-0.415000 0.167127 
-0.414000 0.174273 
-0.413000 0.181434 
-0.412000 0.188610 
-0.411000 0.195800 
-0.410000 0.203005 
-0.409000 0.210225 
-0.408000 0.217460 
-0.407000 0.224711 
-0.406000 0.231976 
-0.405000 0.239256 
-0.404000 0.246552 
-0.403000 0.253864 
-0.402000 0.261190 
-0.401000 0.268533 
-0.400000 0.275890 
-0.399000 0.283264 
-0.398000 0.290653 
-0.397000 0.298059 
-0.396000 0.305480 
-0.395000 0.312917 
-0.394000 0.320371 
-0.393000 0.327841 
-0.392000 0.335327 
-0.391000 0.342829 
-0.390000 0.350348 
-0.389000 0.357884 
-0.388000 0.365436 
-0.387000 0.373005 
-0.386000 0.380591 
-0.385000 0.388194 
-0.384000 0.395813 
-0.383000 0.403450 
-0.382000 0.411105 
-0.381000 0.418776 
-0.380000 0.426465 
-0.379000 0.434171 
-0.378000 0.441896 
-0.377000 0.449637 
-0.376000 0.457397 
-0.375000 0.465174 
-0.374000 0.472969 
-0.373000 0.480783 
-0.372000 0.488615 
-0.371000 0.496464 
-0.370000 0.504333 
-0.369000 0.512219 
-0.368000 0.520125 
-0.367000 0.528049 
-0.366000 0.535991 
-0.365000 0.543953 
-0.364000 0.551934 
-0.363000 0.559933 
-0.362000 0.567952 
-0.361000 0.575990 
-0.360000 0.584048 
-0.359000 0.592125 
-0.358000 0.600221 
-0.357000 0.608338 
-0.356000 0.616474 
-0.355000 0.624630 
-0.354000 0.632806 
-0.353000 0.641002 
-0.352000 0.649218 
-0.351000 0.657455 
-0.350000 0.665712 
-0.349000 0.673990 
-0.348000 0.682288 
-0.347000 0.690607 
-0.346000 0.698947 
-0.345000 0.707308 
-0.344000 0.715690 
-0.343000 0.724094 
-0.342000 0.732518 
-0.341000 0.740965 
-0.340000 0.749432 
-0.339000 0.757922 
-0.338000 0.766433 
-0.337000 0.774966 
-0.336000 0.783521 
-0.335000 0.792098 
-0.334000 0.800697 
-0.333000 0.809319 
-0.332000 0.817964 
-0.331000 0.826630 
-0.330000 0.835320 
-0.329000 0.844032 
-0.328000 0.852768 
-0.327000 0.861526 
-0.326000 0.870308 
-0.325000 0.879113 
-0.324000 0.887941 
-0.323000 0.896793 
-0.322000 0.905668 
-0.321000 0.914567 
-0.320000 0.923491 
-0.319000 0.932438 
-0.318000 0.941409 
-0.317000 0.950405 
-0.316000 0.959425 
-0.315000 0.968469 
-0.314000 0.977538 
-0.313000 0.986632 
-0.312000 0.995751 
-0.311000 1.004894 
-0.310000 1.014063 
-0.309000 1.023257 
-0.308000 1.032477 
-0.307000 1.041721 
-0.306000 1.050992 
-0.305000 1.060288 
-0.304000 1.069610 
-0.303000 1.078958 
-0.302000 1.088332 
-0.301000 1.097732 
-0.300000 1.107158 
-0.299000 1.116611 
-0.298000 1.126091 
-0.297000 1.135597 
-0.296000 1.145130 
-0.295000 1.154689 
-0.294000 1.164276 
-0.293000 1.173890 
-0.292000 1.183532 
-0.291000 1.193200 
-0.290000 1.202896 
-0.289000 1.212620 
-0.288000 1.222372 
-0.287000 1.232151 
-0.286000 1.241958 
-0.285000 1.251794 
-0.284000 1.261657 
-0.283000 1.271549 
-0.282000 1.281469 
-0.281000 1.291418 
-0.280000 1.301395 
-0.279000 1.311401 
-0.278000 1.321436 
-0.277000 1.331500 
-0.276000 1.341593 
-0.275000 1.351715 
-0.274000 1.361866 
-0.273000 1.372046 
-0.272000 1.382256 
-0.271000 1.392496 
-0.270000 1.402765 
-0.269000 1.413064 
-0.268000 1.423392 
-0.267000 1.433751 
-0.266000 1.444139 
-0.265000 1.454557 
-0.264000 1.465006 
-0.263000 1.475485 
-0.262000 1.485994 
-0.261000 1.496533 
-0.260000 1.507102 
-0.259000 1.517703 
-0.258000 1.528333 
-0.257000 1.538995 
-0.256000 1.549686 
-0.255000 1.560409 
-0.254000 1.571162 
-0.253000 1.581946 
-0.252000 1.592761 
-0.251000 1.603607 
-0.250000 1.614484 
-0.249000 1.625391 
-0.248000 1.636330 
-0.247000 1.647299 
-0.246000 1.658299 
-0.245000 1.669331 
-0.244000 1.680393 
-0.243000 1.691486 
-0.242000 1.702610 
-0.241000 1.713765 
-0.240000 1.724951 
-0.239000 1.736168 
-0.238000 1.747415 
-0.237000 1.758693 
-0.236000 1.770002 
-0.235000 1.781342 
-0.234000 1.792712 
-0.233000 1.804113 
-0.232000 1.815544 
-0.231000 1.827005 
-0.230000 1.838497 
-0.229000 1.850019 
-0.228000 1.861570 
-0.227000 1.873152 
-0.226000 1.884763 
-0.225000 1.896403 
-0.224000 1.908073 
-0.223000 1.919772 
-0.222000 1.931500 
-0.221000 1.943257 
-0.220000 1.955042 
-0.219000 1.966856 
-0.218000 1.978698 
-0.217000 1.990567 
-0.216000 2.002464 
-0.215000 2.014388 
-0.214000 2.026339 
-0.213000 2.038317 
-0.212000 2.050320 
-0.211000 2.062350 
-0.210000 2.074405 
-0.209000 2.086485 
-0.208000 2.098589 
-0.207000 2.110718 
-0.206000 2.122870 
-0.205000 2.135046 
-0.204000 2.147244 
-0.203000 2.159465 
-0.202000 2.171707 
-0.201000 2.183969 
-0.200000 2.196253 
-0.199000 2.208556 
-0.198000 2.220878 
-0.197000 2.233218 
-0.196000 2.245576 
-0.195000 2.257950 
-0.194000 2.270341 
-0.193000 2.282747 
-0.192000 2.295167 
-0.191000 2.307601 
-0.190000 2.320047 
-0.189000 2.332504 
-0.188000 2.344972 
-0.187000 2.357449 
-0.186000 2.369935 
-0.185000 2.382428 
-0.184000 2.394926 
-0.183000 2.407430 
-0.182000 2.419936 
-0.181000 2.432445 
-0.180000 2.444954 
-0.179000 2.457463 
-0.178000 2.469969 
-0.177000 2.482471 
-0.176000 2.494968 
-0.175000 2.507457 
-0.174000 2.519938 
-0.173000 2.532407 
-0.172000 2.544864 
-0.171000 2.557307 
-0.170000 2.569733 
-0.169000 2.582140 
-0.168000 2.594526 
-0.167000 2.606889 
-0.166000 2.619226 
-0.165000 2.631536 
-0.164000 2.643815 
-0.163000 2.656061 
-0.162000 2.668271 
-0.161000 2.680443 
-0.160000 2.692573 
-0.159000 2.704659 
-0.158000 2.716697 
-0.157000 2.728685 
-0.156000 2.740618 
-0.155000 2.752494 
-0.154000 2.764310 
-0.153000 2.776060 
-0.152000 2.787742 
-0.151000 2.799352 
-0.150000 2.810886 
-0.149000 2.822339 
-0.148000 2.833707 
-0.147000 2.844985 
-0.146000 2.856170 
-0.145000 2.867256 
-0.144000 2.878238 
-0.143000 2.889112 
-0.142000 2.899872 
-0.141000 2.910513 
-0.140000 2.921028 
-0.139000 2.931413 
-0.138000 2.941662 
-0.137000 2.951767 
-0.136000 2.961724 
-0.135000 2.971526 
-0.134000 2.981165 
-0.133000 2.990635 
-0.132000 2.999929 
-0.131000 3.009040 
-0.130000 3.017960 
-0.129000 3.026682 
-0.128000 3.035197 
-0.127000 3.043497 
-0.126000 3.051575 
-0.125000 3.059421 
-0.124000 3.067026 
-0.123000 3.074382 
-0.122000 3.081479 
-0.121000 3.088308 
-0.120000 3.094858 
-0.119000 3.101121 
-0.118000 3.107085 
-0.117000 3.112741 
-0.116000 3.118077 
-0.115000 3.123082 
-0.114000 3.127745 
-0.113000 3.132055 
-0.112000 3.136001 
-0.111000 3.139569 
-0.110000 3.142749 
-0.109000 3.145527 
-0.108000 3.147891 
-0.107000 3.149828 
-0.106000 3.151325 
-0.105000 3.152370 
-0.104000 3.152948 
-0.103000 3.153046 
-0.102000 3.152650 
-0.101000 3.151746 
-0.100000 3.150321 
-0.099000 3.148360 
-0.098000 3.145849 
-0.097000 3.142773 
-0.096000 3.139118 
-0.095000 3.134870 
-0.094000 3.130014 
-0.093000 3.124536 
-0.092000 3.118420 
-0.091000 3.111653 
-0.090000 3.104221 
-0.089000 3.096108 
-0.088000 3.087301 
-0.087000 3.077786 
-0.086000 3.067550 
-0.085000 3.056578 
-0.084000 3.044858 
-0.083000 3.032377 
-0.082000 3.019123 
-0.081000 3.005082 
-0.080000 2.990245 
-0.079000 2.974599 
-0.078000 2.958134 
-0.077000 2.940841 
-0.076000 2.922709 
-0.075000 2.903731 
-0.074000 2.883898 
-0.073000 2.863204 
-0.072000 2.841642 
-0.071000 2.819207 
-0.070000 2.795895 
-0.069000 2.771701 
-0.068000 2.746625 
-0.067000 2.720663 
-0.066000 2.693817 
-0.065000 2.666087 
-0.064000 2.637476 
-0.063000 2.607985 
-0.062000 2.577621 
-0.061000 2.546389 
-0.060000 2.514295 
-0.059000 2.481349 
-0.058000 2.447560 
-0.057000 2.412939 
-0.056000 2.377499 
-0.055000 2.341252 
-0.054000 2.304215 
-0.053000 2.266404 
-0.052000 2.227836 
-0.051000 2.188530 
-0.050000 2.148506 
-0.049000 2.107786 
-0.048000 2.066392 
-0.047000 2.024348 
-0.046000 1.981678 
-0.045000 1.938409 
-0.044000 1.894567 
-0.043000 1.850180 
-0.042000 1.805275 
-0.041000 1.759413 
-0.040000 1.713554 
-0.039000 1.667265 
-0.038000 1.620577 
-0.037000 1.573521 
-0.036000 1.526130 
-0.035000 1.478435 
-0.034000 1.430468 
-0.033000 1.382263 
-0.032000 1.333852 
-0.031000 1.285268 
-0.030000 1.236543 
-0.029000 1.187709 
-0.028000 1.138799 
-0.027000 1.089845 
-0.026000 1.040877 
-0.025000 0.991926 
-0.024000 0.943023 
-0.023000 0.894199 
-0.022000 0.845480 
-0.021000 0.796897 
-0.020000 0.748477 
-0.019000 0.700246 
-0.018000 0.652231 
-0.017000 0.604457 
-0.016000 0.556948 
-0.015000 0.509727 
-0.014000 0.462817 
-0.013000 0.416239 
-0.012000 0.370013 
-0.011000 0.324159 
-0.010000 0.278696 
-0.009000 0.233640 
-0.008000 0.189008 
-0.007000 0.144816 
-0.006000 0.101077 
-0.005000 0.057807 
-0.004000 0.015015 
-0.003000 -0.027284 
-0.002000 -0.069082 
-0.001000 -0.110368 
-0.000000 -0.151134 
0.001000 -0.191372 
0.002000 -0.231074 
0.003000 -0.270235 
0.004000 -0.308848 
0.005000 -0.346910 
0.006000 -0.384417 
0.007000 -0.421364 
0.008000 -0.457750 
0.009000 -0.493573 
0.010000 -0.528831 
0.011000 -0.563524 
0.012000 -0.597652 
0.013000 -0.631214 
0.014000 -0.664213 
0.015000 -0.696649 
0.016000 -0.728525 
0.017000 -0.759842 
0.018000 -0.790604 
0.019000 -0.820813 
0.020000 -0.850474 
0.021000 -0.879589 
0.022000 -0.908162 
0.023000 -0.936199 
0.024000 -0.963704 
0.025000 -0.990682 
0.026000 -1.017137 
0.027000 -1.043075 
0.028000 -1.068502 
0.029000 -1.093423 
0.030000 -1.117844 
0.031000 -1.141770 
0.032000 -1.165209 
0.033000 -1.188166 
0.034000 -1.210647 
0.035000 -1.232658 
0.036000 -1.254206 
0.037000 -1.275298 
0.038000 -1.295940 
0.039000 -1.316138 
0.040000 -1.335898 
0.041000 -1.355228 
0.042000 -1.374134 
0.043000 -1.392622 
0.044000 -1.410700 
0.045000 -1.428372 
0.046000 -1.445647 
0.047000 -1.462530 
0.048000 -1.479027 
0.049000 -1.495146 
0.050000 -1.510892 
0.051000 -1.526272 
0.052000 -1.541291 
0.053000 -1.555957 
0.054000 -1.570275 
0.055000 -1.584251 
0.056000 -1.597892 
0.057000 -1.611202 
0.058000 -1.624189 
0.059000 -1.636857 
0.060000 -1.649213 
0.061000 -1.661261 
0.062000 -1.673009 
0.063000 -1.684460 
0.064000 -1.695621 
0.065000 -1.706496 
0.066000 -1.717092 
0.067000 -1.727412 
0.068000 -1.737463 
0.069000 -1.747248 
0.070000 -1.756774 
0.071000 -1.766045 
0.072000 -1.775066 
0.073000 -1.783840 
0.074000 -1.792374 
0.075000 -1.800671 
0.076000 -1.808736 
0.077000 -1.816573 
0.078000 -1.824187 
0.079000 -1.831581 
0.080000 -1.838761 
0.081000 -1.845729 
0.082000 -1.852490 
0.083000 -1.859047 
0.084000 -1.865406 
0.085000 -1.871568 
0.086000 -1.877539 
0.087000 -1.883321 
0.088000 -1.888919 
0.089000 -1.894335 
0.090000 -1.899574 
0.091000 -1.904638 
0.092000 -1.909531 
0.093000 -1.914255 
0.094000 -1.918815 
0.095000 -1.923214 
0.096000 -1.927453 
0.097000 -1.931537 
0.098000 -1.935468 
0.099000 -1.939249 
0.100000 -1.942883 
0.101000 -1.946373 
0.102000 -1.949721 
0.103000 -1.952930 
0.104000 -1.956003 
0.105000 -1.958942 
0.106000 -1.961749 
0.107000 -1.964428 
0.108000 -1.966980 
0.109000 -1.969408 
0.110000 -1.971714 
0.111000 -1.973900 
0.112000 -1.975969 
0.113000 -1.977922 
0.114000 -1.979763 
0.115000 -1.981492 
0.116000 -1.983112 
0.117000 -1.984626 
0.118000 -1.986034 
0.119000 -1.987339 
0.120000 -1.988542 
0.121000 -1.989647 
0.122000 -1.990653 
0.123000 -1.991564 
0.124000 -1.992381 
0.125000 -1.993105 
0.126000 -1.993738 
0.127000 -1.994282 
0.128000 -1.994739 
0.129000 -1.995109 
0.130000 -1.995396 
0.131000 -1.995599 
0.132000 -1.995720 
0.133000 -1.995762 
0.134000 -1.995725 
0.135000 -1.995611 
0.136000 -1.995421 
0.137000 -1.995156 
0.138000 -1.994818 
0.139000 -1.994408 
0.140000 -1.993928 
0.141000 -1.993378 
0.142000 -1.992759 
0.143000 -1.992074 
0.144000 -1.991322 
0.145000 -1.990506 
0.146000 -1.989626 
0.147000 -1.988684 
0.148000 -1.987680 
0.149000 -1.986616 
0.150000 -1.985492 
0.151000 -1.984309 
0.152000 -1.983070 
0.153000 -1.981773 
0.154000 -1.980422 
0.155000 -1.979015 
0.156000 -1.977555 
0.157000 -1.976042 
0.158000 -1.974478 
0.159000 -1.972862 
0.160000 -1.971196 
0.161000 -1.969481 
0.162000 -1.967717 
0.163000 -1.965905 
0.164000 -1.964047 
0.165000 -1.962142 
0.166000 -1.960192 
0.167000 -1.958197 
0.168000 -1.956158 
0.169000 -1.954076 
0.170000 -1.951951 
0.171000 -1.949784 
0.172000 -1.947576 
0.173000 -1.945328 
0.174000 -1.943040 
0.175000 -1.940712 
0.176000 -1.938346 
0.177000 -1.935941 
0.178000 -1.933500 
0.179000 -1.931021 
0.180000 -1.928506 
0.181000 -1.925955 
0.182000 -1.923370 
0.183000 -1.920749 
0.184000 -1.918095 
0.185000 -1.915406 
0.186000 -1.912685 
0.187000 -1.909932 
0.188000 -1.907146 
0.189000 -1.904329 
0.190000 -1.901480 
0.191000 -1.898601 
0.192000 -1.895692 
0.193000 -1.892753 
0.194000 -1.889785 
0.195000 -1.886788 
0.196000 -1.883763 
0.197000 -1.880709 
0.198000 -1.877628 
0.199000 -1.874520 
0.200000 -1.871385 
0.201000 -1.868224 
0.202000 -1.865037 
0.203000 -1.861824 
0.204000 -1.858586 
0.205000 -1.855323 
0.206000 -1.852035 
0.207000 -1.848724 
0.208000 -1.845388 
0.209000 -1.842029 
0.210000 -1.838647 
0.211000 -1.835242 
0.212000 -1.831814 
0.213000 -1.828364 
0.214000 -1.824892 
0.215000 -1.821399 
0.216000 -1.817884 
0.217000 -1.814349 
0.218000 -1.810792 
0.219000 -1.807215 
0.220000 -1.803618 
0.221000 -1.800001 
0.222000 -1.796364 
0.223000 -1.792708 
0.224000 -1.789033 
0.225000 -1.785339 
0.226000 -1.781626 
0.227000 -1.777895 
0.228000 -1.774146 
0.229000 -1.770379 
0.230000 -1.766594 
0.231000 -1.762792 
0.232000 -1.758972 
0.233000 -1.755135 
0.234000 -1.751282 
0.235000 -1.747412 
0.236000 -1.743526 
0.237000 -1.739623 
0.238000 -1.735705 
0.239000 -1.731770 
0.240000 -1.727820 
0.241000 -1.723855 
0.242000 -1.719874 
0.243000 -1.715878 
0.244000 -1.711868 
0.245000 -1.707843 
0.246000 -1.703803 
0.247000 -1.699749 
0.248000 -1.695680 
0.249000 -1.691598 
0.250000 -1.687502 
0.251000 -1.683392 
0.252000 -1.679269 
0.253000 -1.675132 
0.254000 -1.670982 
0.255000 -1.666818 
0.256000 -1.662642 
0.257000 -1.658453 
0.258000 -1.654251 
0.259000 -1.650037 
0.260000 -1.645811 
0.261000 -1.641572 
0.262000 -1.637321 
0.263000 -1.633058 
0.264000 -1.628783 
0.265000 -1.624496 
0.266000 -1.620197 
0.267000 -1.615887 
0.268000 -1.611566 
0.269000 -1.607233 
0.270000 -1.602889 
0.271000 -1.598534 
0.272000 -1.594168 
0.273000 -1.589792 
0.274000 -1.585404 
0.275000 -1.581006 
0.276000 -1.576597 
0.277000 -1.572177 
0.278000 -1.567748 
0.279000 -1.563308 
0.280000 -1.558857 
0.281000 -1.554397 
0.282000 -1.549927 
0.283000 -1.545447 
0.284000 -1.540956 
0.285000 -1.536457 
0.286000 -1.531947 
0.287000 -1.527428 
0.288000 -1.522899 
0.289000 -1.518361 
0.290000 -1.513814 
0.291000 -1.509257 
0.292000 -1.504691 
0.293000 -1.500116 
0.294000 -1.495532 
0.295000 -1.490939 
0.296000 -1.486336 
0.297000 -1.481725 
0.298000 -1.477106 
0.299000 -1.472477 
0.300000 -1.467840 
0.301000 -1.463194 
0.302000 -1.458540 
0.303000 -1.453877 
0.304000 -1.449205 
0.305000 -1.444526 
0.306000 -1.439838 
0.307000 -1.435141 
0.308000 -1.430437 
0.309000 -1.425724 
0.310000 -1.421003 
0.311000 -1.416274 
0.312000 -1.411537 
0.313000 -1.406792 
0.314000 -1.402039 
0.315000 -1.397279 
0.316000 -1.392510 
0.317000 -1.387734 
0.318000 -1.382950 
0.319000 -1.378158 
0.320000 -1.373358 
0.321000 -1.368551 
0.322000 -1.363736 
0.323000 -1.358914 
0.324000 -1.354084 
0.325000 -1.349246 
0.326000 -1.344402 
0.327000 -1.339549 
0.328000 -1.334690 
0.329000 -1.329823 
0.330000 -1.324948 
0.331000 -1.320067 
0.332000 -1.315178 
0.333000 -1.310281 
0.334000 -1.305378 
0.335000 -1.300467 
0.336000 -1.295550 
0.337000 -1.290625 
0.338000 -1.285693 
0.339000 -1.280754 
0.340000 -1.275808 
0.341000 -1.270855 
0.342000 -1.265894 
0.343000 -1.260927 
0.344000 -1.255953 
0.345000 -1.250972 
0.346000 -1.245984 
0.347000 -1.240989 
0.348000 -1.235987 
0.349000 -1.230978 
0.350000 -1.225963 
0.351000 -1.220940 
0.352000 -1.215911 
0.353000 -1.210875 
0.354000 -1.205832 
0.355000 -1.200782 
0.356000 -1.195726 
0.357000 -1.190662 
0.358000 -1.185592 
0.359000 -1.180515 
0.360000 -1.175432 
0.361000 -1.170341 
0.362000 -1.165244 
0.363000 -1.160141 
0.364000 -1.155030 
0.365000 -1.149913 
0.366000 -1.144789 
0.367000 -1.139659 
0.368000 -1.134522 
0.369000 -1.129378 
0.370000 -1.124227 
0.371000 -1.119070 
0.372000 -1.113906 
0.373000 -1.108736 
0.374000 -1.103559 
0.375000 -1.098375 
0.376000 -1.093184 
0.377000 -1.087987 
0.378000 -1.082783 
0.379000 -1.077573 
0.380000 -1.072356 
0.381000 -1.067132 
0.382000 -1.061902 
0.383000 -1.056665 
0.384000 -1.051421 
0.385000 -1.046170 
0.386000 -1.040913 
0.387000 -1.035650 
0.388000 -1.030379 
0.389000 -1.025102 
0.390000 -1.019819 
0.391000 -1.014528 
0.392000 -1.009231 
0.393000 -1.003927 
0.394000 -0.998617 
0.395000 -0.993300 
0.396000 -0.987976 
0.397000 -0.982645 
0.398000 -0.977308 
0.399000 -0.971964 
0.400000 -0.966613 
0.401000 -0.961255 
0.402000 -0.955891 
0.403000 -0.950519 
0.404000 -0.945141 
0.405000 -0.939757 
0.406000 -0.934365 
0.407000 -0.928967 
0.408000 -0.923561 
0.409000 -0.918149 
0.410000 -0.912730 
0.411000 -0.907304 
0.412000 -0.901872 
0.413000 -0.896432 
0.414000 -0.890985 
0.415000 -0.885532 
0.416000 -0.880072 
0.417000 -0.874604 
0.418000 -0.869130 
0.419000 -0.863648 
0.420000 -0.858160 
0.421000 -0.852665 
0.422000 -0.847162 
0.423000 -0.841653 
0.424000 -0.836136 
0.425000 -0.830612 
0.426000 -0.825081 
0.427000 -0.819543 
0.428000 -0.813998 
0.429000 -0.808446 
0.430000 -0.802886 
0.431000 -0.797320 
0.432000 -0.791746 
0.433000 -0.786164 
0.434000 -0.780576 
0.435000 -0.774980 
0.436000 -0.769377 
0.437000 -0.763766 
0.438000 -0.758149 
0.439000 -0.752523 
0.440000 -0.746891 
0.441000 -0.741251 
0.442000 -0.735603 
0.443000 -0.729948 
0.444000 -0.724285 
0.445000 -0.718615 
0.446000 -0.712938 
0.447000 -0.707252 
0.448000 -0.701560 
0.449000 -0.695859 
0.450000 -0.690151 
0.451000 -0.684435 
0.452000 -0.678711 
0.453000 -0.672980 
0.454000 -0.667241 
0.455000 -0.661494 
0.456000 -0.655739 
0.457000 -0.649977 
0.458000 -0.644206 
0.459000 -0.638353 
0.460000 -0.632566 
0.461000 -0.626772 
0.462000 -0.620969 
0.463000 -0.615159 
0.464000 -0.609340 
0.465000 -0.603513 
0.466000 -0.597678 
0.467000 -0.591835 
0.468000 -0.585983 
0.469000 -0.580123 
0.470000 -0.574255 
0.471000 -0.568379 
0.472000 -0.562494 
0.473000 -0.556601 
0.474000 -0.550699 
0.475000 -0.544789 
0.476000 -0.538870 
0.477000 -0.532943 
0.478000 -0.527007 
0.479000 -0.521063 
0.480000 -0.515110 
0.481000 -0.509148 
0.482000 -0.503178 
0.483000 -0.497198 
0.484000 -0.491210 
0.485000 -0.485213 
0.486000 -0.479208 
0.487000 -0.473193 
0.488000 -0.467170 
0.489000 -0.461137 
0.490000 -0.455095 
0.491000 -0.449045 
0.492000 -0.442985 
0.493000 -0.436916 
0.494000 -0.430838 
0.495000 -0.424750 
0.496000 -0.418654 
0.497000 -0.412548 
0.498000 -0.406432 
0.499000 -0.400308 
0.500000 -0.394173 
0.501000 -0.388030 
0.502000 -0.381876 
0.503000 -0.375714 
0.504000 -0.369541 
0.505000 -0.363359 
0.506000 -0.357167 
0.507000 -0.350966 
0.508000 -0.344754 
0.509000 -0.338533 
0.510000 -0.332302 
0.511000 -0.326061 
0.512000 -0.319810 
0.513000 -0.313549 
0.514000 -0.307278 
0.515000 -0.300997 
0.516000 -0.294705 
0.517000 -0.288403 
0.518000 -0.282091 
0.519000 -0.275769 
0.520000 -0.269437 
0.521000 -0.263093 
0.522000 -0.256740 
0.523000 -0.250376 
0.524000 -0.244001 
0.525000 -0.237616 
0.526000 -0.231220 
0.527000 -0.224813 
0.528000 -0.218396 
0.529000 -0.211967 
0.530000 -0.205528 
0.531000 -0.199078 
0.532000 -0.192617 
0.533000 -0.186145 
0.534000 -0.179661 
0.535000 -0.173167 
0.536000 -0.166661 
0.537000 -0.160144 
0.538000 -0.153616 
0.539000 -0.147076 
0.540000 -0.140525 
0.541000 -0.133962 
0.542000 -0.127388 
0.543000 -0.120802 
0.544000 -0.114205 
0.545000 -0.107596 
0.546000 -0.100975 
0.547000 -0.094342 
0.548000 -0.087697 
0.549000 -0.081040 
0.550000 -0.074371 
0.551000 -0.067690 
0.552000 -0.060997 
0.553000 -0.054292 
0.554000 -0.047574 
0.555000 -0.040844 
0.556000 -0.034102 
0.557000 -0.027347 
0.558000 -0.020580 
0.559000 -0.013800 
0.560000 -0.007007 
0.561000 -0.000202 
0.562000 0.006617 
0.563000 0.013448 
0.564000 0.020292 
0.565000 0.027149 
0.566000 0.034019 
0.567000 0.040902 
0.568000 0.047798 
0.569000 0.054708 
0.570000 0.061631 
0.571000 0.068568 
0.572000 0.075518 
0.573000 0.082481 
0.574000 0.089458 
0.575000 0.096449 
0.576000 0.103454 
0.577000 0.110472 
0.578000 0.117504 
0.579000 0.124551 
0.580000 0.131611 
0.581000 0.138686 
0.582000 0.145774 
0.583000 0.152877 
0.584000 0.159995 
0.585000 0.167127 
0.586000 0.174273 
0.587000 0.181434 
0.588000 0.188610 
0.589000 0.195800 
0.590000 0.203005 
0.591000 0.210225 
0.592000 0.217460 
0.593000 0.224711 
0.594000 0.231976 
0.595000 0.239256 
0.596000 0.246552 
0.597000 0.253864 
0.598000 0.261190 
0.599000 0.268533 
0.600000 0.275890 
0.601000 0.283264 
0.602000 0.290653 
0.603000 0.298059 
0.604000 0.305480 
0.605000 0.312917 
0.606000 0.320371 
0.607000 0.327841 
0.608000 0.335327 
0.609000 0.342829 
0.610000 0.350348 
0.611000 0.357884 
0.612000 0.365436 
0.613000 0.373005 
0.614000 0.380591 
0.615000 0.388194 
0.616000 0.395813 
0.617000 0.403450 
0.618000 0.411105 
0.619000 0.418776 
0.620000 0.426465 
0.621000 0.434171 
0.622000 0.441896 
0.623000 0.449637 
0.624000 0.457397 
0.625000 0.465174 
0.626000 0.472969 
0.627000 0.480783 
0.628000 0.488615 
0.629000 0.496464 
0.630000 0.504333 
0.631000 0.512219 
0.632000 0.520125 
0.633000 0.528049 
0.634000 0.535991 
0.635000 0.543953 
0.636000 0.551934 
0.637000 0.559933 
0.638000 0.567952 
0.639000 0.575990 
0.640000 0.584048 
0.641000 0.592125 
0.642000 0.600221 
0.643000 0.608338 
0.644000 0.616474 
0.645000 0.624630 
0.646000 0.632806 
0.647000 0.641002 
0.648000 0.649218 
0.649000 0.657455 
0.650000 0.665712 
0.651000 0.673990 
0.652000 0.682288 
0.653000 0.690607 
0.654000 0.698947 
0.655000 0.707308 
0.656000 0.715690 
0.657000 0.724094 
0.658000 0.732518 
0.659000 0.740965 
0.660000 0.749432 
0.661000 0.757922 
0.662000 0.766433 
0.663000 0.774966 
0.664000 0.783521 
0.665000 0.792098 
0.666000 0.800697 
0.667000 0.809319 
0.668000 0.817964 
0.669000 0.826630 
0.670000 0.835320 
0.671000 0.844032 
0.672000 0.852768 
0.673000 0.861526 
0.674000 0.870308 
0.675000 0.879113 
0.676000 0.887941 
0.677000 0.896793 
0.678000 0.905668 
0.679000 0.914567 
0.680000 0.923491 
0.681000 0.932438 
0.682000 0.941409 
0.683000 0.950405 
0.684000 0.959425 
0.685000 0.968469 
0.686000 0.977538 
0.687000 0.986632 
0.688000 0.995751 
0.689000 1.004894 
0.690000 1.014063 
0.691000 1.023257 
0.692000 1.032477 
0.693000 1.041721 
0.694000 1.050992 
0.695000 1.060288 
0.696000 1.069610 
0.697000 1.078958 
0.698000 1.088332 
0.699000 1.097732 
0.700000 1.107158 
0.701000 1.116611 
0.702000 1.126091 
0.703000 1.135597 
0.704000 1.145130 
0.705000 1.154689 
0.706000 1.164276 
0.707000 1.173890 
0.708000 1.183532 
0.709000 1.193200 
0.710000 1.202896 
0.711000 1.212620 
0.712000 1.222372 
0.713000 1.232151 
0.714000 1.241958 
0.715000 1.251794 
0.716000 1.261657 
0.717000 1.271549 
0.718000 1.281469 
0.719000 1.291418 
0.720000 1.301395 
0.721000 1.311401 
0.722000 1.321436 
0.723000 1.331500 
0.724000 1.341593 
0.725000 1.351715 
0.726000 1.361866 
0.727000 1.372046 
0.728000 1.382256 
0.729000 1.392496 
0.730000 1.402765 
0.731000 1.413064 
0.732000 1.423392 
0.733000 1.433751 
0.734000 1.444139 
0.735000 1.454557 
0.736000 1.465006 
0.737000 1.475485 
0.738000 1.485994 
0.739000 1.496533 
0.740000 1.507102 
0.741000 1.517703 
0.742000 1.528333 
0.743000 1.538995 
0.744000 1.549686 
0.745000 1.560409 
0.746000 1.571162 
0.747000 1.581946 
0.748000 1.592761 
0.749000 1.603607 
0.750000 1.614484 
0.751000 1.625391 
0.752000 1.636330 
0.753000 1.647299 
0.754000 1.658299 
0.755000 1.669331 
0.756000 1.680393 
0.757000 1.691486 
0.758000 1.702610 
0.759000 1.713765 
0.760000 1.724951 
0.761000 1.736168 
0.762000 1.747415 
0.763000 1.758693 
0.764000 1.770002 
0.765000 1.781342 
0.766000 1.792712 
0.767000 1.804113 
0.768000 1.815544 
0.769000 1.827005 
0.770000 1.838497 
0.771000 1.850019 
0.772000 1.861570 
0.773000 1.873152 
0.774000 1.884763 
0.775000 1.896403 
0.776000 1.908073 
0.777000 1.919772 
0.778000 1.931500 
0.779000 1.943257 
0.780000 1.955042 
0.781000 1.966856 
0.782000 1.978698 
0.783000 1.990567 
0.784000 2.002464 
0.785000 2.014388 
0.786000 2.026339 
0.787000 2.038317 
0.788000 2.050320 
0.789000 2.062350 
0.790000 2.074405 
0.791000 2.086485 
0.792000 2.098589 
0.793000 2.110718 
0.794000 2.122870 
0.795000 2.135046 
0.796000 2.147244 
0.797000 2.159465 
0.798000 2.171707 
0.799000 2.183969 
0.800000 2.196253 
0.801000 2.208556 
0.802000 2.220878 
0.803000 2.233218 
0.804000 2.245576 
0.805000 2.257950 
0.806000 2.270341 
0.807000 2.282747 
0.808000 2.295167 
0.809000 2.307601 
0.810000 2.320047 
0.811000 2.332504 
0.812000 2.344972 
0.813000 2.357449 
0.814000 2.369935 
0.815000 2.382428 
0.816000 2.394926 
0.817000 2.407430 
0.818000 2.419936 
0.819000 2.432445 
0.820000 2.444954 
0.821000 2.457463 
0.822000 2.469969 
0.823000 2.482471 
0.824000 2.494968 
0.825000 2.507457 
0.826000 2.519938 
0.827000 2.532407 
0.828000 2.544864 
0.829000 2.557307 
0.830000 2.569733 
0.831000 2.582140 
0.832000 2.594526 
0.833000 2.606889 
0.834000 2.619226 
0.835000 2.631536 
0.836000 2.643815 
0.837000 2.656061 
0.838000 2.668271 
0.839000 2.680443 
0.840000 2.692573 
0.841000 2.704659 
0.842000 2.716697 
0.843000 2.728685 
0.844000 2.740618 
0.845000 2.752494 
0.846000 2.764310 
0.847000 2.776060 
0.848000 2.787742 
0.849000 2.799352 
0.850000 2.810886 
0.851000 2.822339 
0.852000 2.833707 
0.853000 2.844985 
0.854000 2.856170 
0.855000 2.867256 
0.856000 2.878238 
0.857000 2.889112 
0.858000 2.899872 
0.859000 2.910513 
0.860000 2.921028 
0.861000 2.931413 
0.862000 2.941662 
0.863000 2.951767 
0.864000 2.961724 
0.865000 2.971526 
0.866000 2.981165 
0.867000 2.990635 
0.868000 2.999929 
0.869000 3.009040 
0.870000 3.017960 
0.871000 3.026682 
0.872000 3.035197 
0.873000 3.043497 
0.874000 3.051575 
0.875000 3.059421 
0.876000 3.067026 
0.877000 3.074382 
0.878000 3.081479 
0.879000 3.088308 
0.880000 3.094858 
0.881000 3.101121 
0.882000 3.107085 
0.883000 3.112741 
0.884000 3.118077 
0.885000 3.123082 
0.886000 3.127745 
0.887000 3.132055 
0.888000 3.136001 
0.889000 3.139569 
0.890000 3.142749 
0.891000 3.145527 
0.892000 3.147891 
0.893000 3.149828 
0.894000 3.151325 
0.895000 3.152370 
0.896000 3.152948 
0.897000 3.153046 
0.898000 3.152650 
0.899000 3.151746 
0.900000 3.150321 
0.901000 3.148360 
0.902000 3.145849 
0.903000 3.142773 
0.904000 3.139118 
0.905000 3.134870 
0.906000 3.130014 
0.907000 3.124536 
0.908000 3.118420 
0.909000 3.111653 
0.910000 3.104221 
0.911000 3.096108 
0.912000 3.087301 
0.913000 3.077786 
0.914000 3.067550 
0.915000 3.056578 
0.916000 3.044858 
0.917000 3.032377 
0.918000 3.019123 
0.919000 3.005082 
0.920000 2.990245 
0.921000 2.974599 
0.922000 2.958134 
0.923000 2.940841 
0.924000 2.922709 
0.925000 2.903731 
0.926000 2.883898 
0.927000 2.863204 
0.928000 2.841642 
0.929000 2.819207 
0.930000 2.795895 
0.931000 2.771701 
0.932000 2.746625 
0.933000 2.720663 
0.934000 2.693817 
0.935000 2.666087 
0.936000 2.637476 
0.937000 2.607985 
0.938000 2.577621 
0.939000 2.546389 
0.940000 2.514295 
0.941000 2.481349 
0.942000 2.447560 
0.943000 2.412939 
0.944000 2.377499 
0.945000 2.341252 
0.946000 2.304215 
0.947000 2.266404 
0.948000 2.227836 
0.949000 2.188530 
0.950000 2.148506 
0.951000 2.107786 
0.952000 2.066392 
0.953000 2.024348 
0.954000 1.981678 
0.955000 1.938409 
0.956000 1.894567 
0.957000 1.850180 
0.958000 1.805275 
0.959000 1.759413 
0.960000 1.713554 
0.961000 1.667265 
0.962000 1.620577 
0.963000 1.573521 
0.964000 1.526130 
0.965000 1.478435 
0.966000 1.430468 
0.967000 1.382263 
0.968000 1.333852 
0.969000 1.285268 
0.970000 1.236543 
0.971000 1.187709 
0.972000 1.138799 
0.973000 1.089845 
0.974000 1.040877 
0.975000 0.991926 
0.976000 0.943023 
0.977000 0.894199 
0.978000 0.845480 
0.979000 0.796897 
0.980000 0.748477 
0.981000 0.700246 
0.982000 0.652231 
0.983000 0.604457 
0.984000 0.556948 
0.985000 0.509727 
0.986000 0.462817 
0.987000 0.416239 
0.988000 0.370013 
0.989000 0.324159 
0.990000 0.278696 
0.991000 0.233640 
0.992000 0.189008 
0.993000 0.144816 
0.994000 0.101077 
0.995000 0.057807 
0.996000 0.015015 
0.997000 -0.027284 
0.998000 -0.069082 
0.999000 -0.110368 
1.000000 -0.151134 
1.001000 -0.191372 
1.002000 -0.231074 
1.003000 -0.270235 
1.004000 -0.308848 
1.005000 -0.346910 
1.006000 -0.384417 
1.007000 -0.421364 
1.008000 -0.457750 
1.009000 -0.493573 
1.010000 -0.528831 
1.011000 -0.563524 
1.012000 -0.597652 
1.013000 -0.631214 
1.014000 -0.664213 
1.015000 -0.696649 
1.016000 -0.728525 
1.017000 -0.759842 
1.018000 -0.790604 
1.019000 -0.820813 
1.020000 -0.850474 
1.021000 -0.879589 
1.022000 -0.908162 
1.023000 -0.936199 
1.024000 -0.963704 
1.025000 -0.990682 
1.026000 -1.017137 
1.027000 -1.043075 
1.028000 -1.068502 
1.029000 -1.093423 
1.030000 -1.117844 
1.031000 -1.141770 
1.032000 -1.165209 
1.033000 -1.188166 
1.034000 -1.210647 
1.035000 -1.232658 
1.036000 -1.254206 
1.037000 -1.275298 
1.038000 -1.295940 
1.039000 -1.316138 
1.040000 -1.335898 
1.041000 -1.355228 
1.042000 -1.374134 
1.043000 -1.392622 
1.044000 -1.410700 
1.045000 -1.428372 
1.046000 -1.445647 
1.047000 -1.462530 
1.048000 -1.479027 
1.049000 -1.495146 
1.050000 -1.510892 
1.051000 -1.526272 
1.052000 -1.541291 
1.053000 -1.555957 
1.054000 -1.570275 
1.055000 -1.584251 
1.056000 -1.597892 
1.057000 -1.611202 
1.058000 -1.624189 
1.059000 -1.636857 
1.060000 -1.649213 
1.061000 -1.661261 
1.062000 -1.673009 
1.063000 -1.684460 
1.064000 -1.695621 
1.065000 -1.706496 
1.066000 -1.717092 
1.067000 -1.727412 
1.068000 -1.737463 
1.069000 -1.747248 
1.070000 -1.756774 
1.071000 -1.766045 
1.072000 -1.775066 
1.073000 -1.783840 
1.074000 -1.792374 
1.075000 -1.800671 
1.076000 -1.808736 
1.077000 -1.816573 
1.078000 -1.824187 
1.079000 -1.831581 
1.080000 -1.838761 
1.081000 -1.845729 
1.082000 -1.852490 
1.083000 -1.859047 
1.084000 -1.865406 
1.085000 -1.871568 
1.086000 -1.877539 
1.087000 -1.883321 
1.088000 -1.888919 
1.089000 -1.894335 
1.090000 -1.899574 
1.091000 -1.904638 
1.092000 -1.909531 
1.093000 -1.914255 
1.094000 -1.918815 
1.095000 -1.923214 
1.096000 -1.927453 
1.097000 -1.931537 
1.098000 -1.935468 
1.099000 -1.939249 
1.100000 -1.942883 
1.101000 -1.946373 
1.102000 -1.949721 
1.103000 -1.952930 
1.104000 -1.956003 
1.105000 -1.958942 
1.106000 -1.961749 
1.107000 -1.964428 
1.108000 -1.966980 
1.109000 -1.969408 
1.110000 -1.971714 
1.111000 -1.973900 
1.112000 -1.975969 
1.113000 -1.977922 
1.114000 -1.979763 
1.115000 -1.981492 
1.116000 -1.983112 
1.117000 -1.984626 
1.118000 -1.986034 
1.119000 -1.987339 
1.120000 -1.988542 
1.121000 -1.989647 
1.122000 -1.990653 
1.123000 -1.991564 
1.124000 -1.992381 
1.125000 -1.993105 
1.126000 -1.993738 
1.127000 -1.994282 
1.128000 -1.994739 
1.129000 -1.995109 
1.130000 -1.995396 
1.131000 -1.995599 
1.132000 -1.995720 
1.133000 -1.995762 
1.134000 -1.995725 
1.135000 -1.995611 
1.136000 -1.995421 
1.137000 -1.995156 
1.138000 -1.994818 
1.139000 -1.994408 
1.140000 -1.993928 
1.141000 -1.993378 
1.142000 -1.992759 
1.143000 -1.992074 
1.144000 -1.991322 
1.145000 -1.990506 
1.146000 -1.989626 
1.147000 -1.988684 
1.148000 -1.987680 
1.149000 -1.986616 
1.150000 -1.985492 
1.151000 -1.984309 
1.152000 -1.983070 
1.153000 -1.981773 
1.154000 -1.980422 
1.155000 -1.979015 
1.156000 -1.977555 
1.157000 -1.976042 
1.158000 -1.974478 
1.159000 -1.972862 
1.160000 -1.971196 
1.161000 -1.969481 
1.162000 -1.967717 
1.163000 -1.965905 
1.164000 -1.964047 
1.165000 -1.962142 
1.166000 -1.960192 
1.167000 -1.958197 
1.168000 -1.956158 
1.169000 -1.954076 
1.170000 -1.951951 
1.171000 -1.949784 
1.172000 -1.947576 
1.173000 -1.945328 
1.174000 -1.943040 
1.175000 -1.940712 
1.176000 -1.938346 
1.177000 -1.935941 
1.178000 -1.933500 
1.179000 -1.931021 
1.180000 -1.928506 
1.181000 -1.925955 
1.182000 -1.923370 
1.183000 -1.920749 
1.184000 -1.918095 
1.185000 -1.915406 
1.186000 -1.912685 
1.187000 -1.909932 
1.188000 -1.907146 
1.189000 -1.904329 
1.190000 -1.901480 
1.191000 -1.898601 
1.192000 -1.895692 
1.193000 -1.892753 
1.194000 -1.889785 
1.195000 -1.886788 
1.196000 -1.883763 
1.197000 -1.880709 
1.198000 -1.877628 
1.199000 -1.874520 
1.200000 -1.871385 
1.201000 -1.868224 
1.202000 -1.865037 
1.203000 -1.861824 
1.204000 -1.858586 
1.205000 -1.855323 
1.206000 -1.852035 
1.207000 -1.848724 
1.208000 -1.845388 
1.209000 -1.842029 
1.210000 -1.838647 
1.211000 -1.835242 
1.212000 -1.831814 
1.213000 -1.828364 
1.214000 -1.824892 
1.215000 -1.821399 
1.216000 -1.817884 
1.217000 -1.814349 
1.218000 -1.810792 
1.219000 -1.807215 
1.220000 -1.803618 
1.221000 -1.800001 
1.222000 -1.796364 
1.223000 -1.792708 
1.224000 -1.789033 
1.225000 -1.785339 
1.226000 -1.781626 
1.227000 -1.777895 
1.228000 -1.774146 
1.229000 -1.770379 
1.230000 -1.766594 
1.231000 -1.762792 
1.232000 -1.758972 
1.233000 -1.755135 
1.234000 -1.751282 
1.235000 -1.747412 
1.236000 -1.743526 
1.237000 -1.739623 
1.238000 -1.735705 
1.239000 -1.731770 
1.240000 -1.727820 
1.241000 -1.723855 
1.242000 -1.719874 
1.243000 -1.715878 
1.244000 -1.711868 
1.245000 -1.707843 
1.246000 -1.703803 
1.247000 -1.699749 
1.248000 -1.695680 
1.249000 -1.691598 
1.250000 -1.687502 
1.251000 -1.683392 
1.252000 -1.679269 
1.253000 -1.675132 
1.254000 -1.670982 
1.255000 -1.666818 
1.256000 -1.662642 
1.257000 -1.658453 
1.258000 -1.654251 
1.259000 -1.650037 
1.260000 -1.645811 
1.261000 -1.641572 
1.262000 -1.637321 
1.263000 -1.633058 
1.264000 -1.628783 
1.265000 -1.624496 
1.266000 -1.620197 
1.267000 -1.615887 
1.268000 -1.611566 
1.269000 -1.607233 
1.270000 -1.602889 
1.271000 -1.598534 
1.272000 -1.594168 
1.273000 -1.589792 
1.274000 -1.585404 
1.275000 -1.581006 
1.276000 -1.576597 
1.277000 -1.572177 
1.278000 -1.567748 
1.279000 -1.563308 
1.280000 -1.558857 
1.281000 -1.554397 
1.282000 -1.549927 
1.283000 -1.545447 
1.284000 -1.540956 
1.285000 -1.536457 
1.286000 -1.531947 
1.287000 -1.527428 
1.288000 -1.522899 
1.289000 -1.518361 
1.290000 -1.513814 
1.291000 -1.509257 
1.292000 -1.504691 
1.293000 -1.500116 
1.294000 -1.495532 
1.295000 -1.490939 
1.296000 -1.486336 
1.297000 -1.481725 
1.298000 -1.477106 
1.299000 -1.472477 
1.300000 -1.467840 
1.301000 -1.463194 
1.302000 -1.458540 
1.303000 -1.453877 
1.304000 -1.449205 
1.305000 -1.444526 
1.306000 -1.439838 
1.307000 -1.435141 
1.308000 -1.430437 
1.309000 -1.425724 
1.310000 -1.421003 
1.311000 -1.416274 
1.312000 -1.411537 
1.313000 -1.406792 
1.314000 -1.402039 
1.315000 -1.397279 
1.316000 -1.392510 
1.317000 -1.387734 
1.318000 -1.382950 
1.319000 -1.378158 
1.320000 -1.373358 
1.321000 -1.368551 
1.322000 -1.363736 
1.323000 -1.358914 
1.324000 -1.354084 
1.325000 -1.349246 
1.326000 -1.344402 
1.327000 -1.339549 
1.328000 -1.334690 
1.329000 -1.329823 
1.330000 -1.324948 
1.331000 -1.320067 
1.332000 -1.315178 
1.333000 -1.310281 
1.334000 -1.305378 
1.335000 -1.300467 
1.336000 -1.295550 
1.337000 -1.290625 
1.338000 -1.285693 
1.339000 -1.280754 
1.340000 -1.275808 
1.341000 -1.270855 
1.342000 -1.265894 
1.343000 -1.260927 
1.344000 -1.255953 
1.345000 -1.250972 
1.346000 -1.245984 
1.347000 -1.240989 
1.348000 -1.235987 
1.349000 -1.230978 
1.350000 -1.225963 
1.351000 -1.220940 
1.352000 -1.215911 
1.353000 -1.210875 
1.354000 -1.205832 
1.355000 -1.200782 
1.356000 -1.195726 
1.357000 -1.190662 
1.358000 -1.185592 
1.359000 -1.180515 
1.360000 -1.175432 
1.361000 -1.170341 
1.362000 -1.165244 
1.363000 -1.160141 
1.364000 -1.155030 
1.365000 -1.149913 
1.366000 -1.144789 
1.367000 -1.139659 
1.368000 -1.134522 
1.369000 -1.129378 
1.370000 -1.124227 
1.371000 -1.119070 
1.372000 -1.113906 
1.373000 -1.108736 
1.374000 -1.103559 
1.375000 -1.098375 
1.376000 -1.093184 
1.377000 -1.087987 
1.378000 -1.082783 
1.379000 -1.077573 
1.380000 -1.072356 
1.381000 -1.067132 
1.382000 -1.061902 
1.383000 -1.056665 
1.384000 -1.051421 
1.385000 -1.046170 
1.386000 -1.040913 
1.387000 -1.035650 
1.388000 -1.030379 
1.389000 -1.025102 
1.390000 -1.019819 
1.391000 -1.014528 
1.392000 -1.009231 
1.393000 -1.003927 
1.394000 -0.998617 
1.395000 -0.993300 
1.396000 -0.987976 
1.397000 -0.982645 
1.398000 -0.977308 
1.399000 -0.971964 
1.400000 -0.966613 
1.401000 -0.961255 
1.402000 -0.955891 
1.403000 -0.950519 
1.404000 -0.945141 
1.405000 -0.939757 
1.406000 -0.934365 
1.407000 -0.928967 
1.408000 -0.923561 
1.409000 -0.918149 
1.410000 -0.912730 
1.411000 -0.907304 
1.412000 -0.901872 
1.413000 -0.896432 
1.414000 -0.890985 
1.415000 -0.885532 
1.416000 -0.880072 
1.417000 -0.874604 
1.418000 -0.869130 
1.419000 -0.863648 
1.420000 -0.858160 
1.421000 -0.852665 
1.422000 -0.847162 
1.423000 -0.841653 
1.424000 -0.836136 
1.425000 -0.830612 
1.426000 -0.825081 
1.427000 -0.819543 
1.428000 -0.813998 
1.429000 -0.808446 
1.430000 -0.802886 
1.431000 -0.797320 
1.432000 -0.791746 
1.433000 -0.786164 
1.434000 -0.780576 
1.435000 -0.774980 
1.436000 -0.769377 
1.437000 -0.763766 
1.438000 -0.758149 
1.439000 -0.752523 
1.440000 -0.746891 
1.441000 -0.741251 
1.442000 -0.735603 
1.443000 -0.729948 
1.444000 -0.724285 
1.445000 -0.718615 
1.446000 -0.712938 
1.447000 -0.707252 
1.448000 -0.701560 
1.449000 -0.695859 
1.450000 -0.690151 
1.451000 -0.684435 
1.452000 -0.678711 
1.453000 -0.672980 
1.454000 -0.667241 
1.455000 -0.661494 
1.456000 -0.655739 
1.457000 -0.649977 
1.458000 -0.644206 
1.459000 -0.638353 
1.460000 -0.632566 
1.461000 -0.626772 
1.462000 -0.620969 
1.463000 -0.615159 
1.464000 -0.609340 
1.465000 -0.603513 
1.466000 -0.597678 
1.467000 -0.591835 
1.468000 -0.585983 
1.469000 -0.580123 
1.470000 -0.574255 
1.471000 -0.568379 
1.472000 -0.562494 
1.473000 -0.556601 
1.474000 -0.550699 
1.475000 -0.544789 
1.476000 -0.538870 
1.477000 -0.532943 
1.478000 -0.527007 
1.479000 -0.521063 
1.480000 -0.515110 
1.481000 -0.509148 
1.482000 -0.503178 
1.483000 -0.497198 
1.484000 -0.491210 
1.485000 -0.485213 
1.486000 -0.479208 
1.487000 -0.473193 
1.488000 -0.467170 
1.489000 -0.461137 
1.490000 -0.455095 
1.491000 -0.449045 
1.492000 -0.442985 
1.493000 -0.436916 
1.494000 -0.430838 
1.495000 -0.424750 
1.496000 -0.418654 
1.497000 -0.412548 
1.498000 -0.406432 
1.499000 -0.400308 
