# time model 
59318.650141 -3.155938 
59318.687751 -2.988813 
59318.725361 -2.779397 
59318.762971 -2.536508 
59318.800582 -2.269452 
59318.838192 -1.987190 
59318.875802 -1.697745 
59318.913412 -1.407867 
59318.951022 -1.122924 
59318.988632 -0.846961 
59319.026243 -0.582849 
59319.063853 -0.332484 
59319.101463 -0.096982 
59319.139073 0.123133 
59319.176683 0.327774 
59319.214293 0.517161 
59319.251903 0.691722 
59319.289514 0.852016 
59319.327124 0.998677 
59319.364734 1.132372 
59319.402344 1.253773 
59319.439954 1.363536 
59319.477564 1.462288 
59319.515175 1.550620 
59319.552785 1.629079 
59319.590395 1.698169 
59319.628005 1.758349 
59319.665615 1.810032 
59319.703225 1.853588 
59319.740836 1.889344 
59319.778446 1.917588 
59319.816056 1.938567 
59319.853666 1.952493 
59319.891276 1.959539 
59319.928886 1.959848 
59319.966496 1.953526 
59320.004107 1.940650 
59320.041717 1.921263 
59320.079327 1.895381 
59320.116937 1.862988 
59320.154547 1.824040 
59320.192157 1.778461 
59320.229768 1.726147 
59320.267378 1.666966 
59320.304988 1.600755 
59320.342598 1.527321 
59320.380208 1.446442 
59320.417818 1.357869 
59320.455428 1.261321 
59320.493039 1.156491 
59320.530649 1.043048 
59320.568259 0.920637 
59320.605869 0.788888 
59320.643479 0.647421 
59320.681089 0.495855 
59320.718700 0.333828 
59320.756310 0.161012 
59320.793920 -0.022856 
59320.831530 -0.217935 
59320.869140 -0.424237 
59320.906750 -0.641555 
59320.944360 -0.869384 
59320.981971 -1.106822 
59321.019581 -1.352440 
59321.057191 -1.604143 
59321.094801 -1.859018 
59321.132411 -2.113180 
59321.170021 -2.361651 
59321.207632 -2.598312 
59321.245242 -2.815976 
59321.282852 -3.006635 
59321.320462 -3.161937 
59321.358072 -3.273877 
59321.395682 -3.335662 
59321.433293 -3.342594 
59321.470903 -3.292791 
59321.508513 -3.187556 
59321.546123 -3.031265 
59321.583733 -2.830825 
59321.621343 -2.594808 
59321.658953 -2.332489 
59321.696564 -2.052971 
59321.734174 -1.764530 
59321.771784 -1.474226 
59321.809394 -1.187745 
59321.847004 -0.909424 
59321.884614 -0.642389 
59321.922225 -0.388740 
59321.959835 -0.149757 
59321.997445 0.073916 
59322.035055 0.282103 
59322.072665 0.474964 
59322.110275 0.652886 
59322.147885 0.816405 
59322.185496 0.966141 
59322.223106 1.102757 
59322.260716 1.226925 
59322.298326 1.339306 
59322.335936 1.440535 
59322.373546 1.531212 
59322.411157 1.611893 
59322.448767 1.683094 
59322.486377 1.745284 
59322.523987 1.798885 
59322.561597 1.844278 
59322.599207 1.881801 
59322.636817 1.911748 
59322.674428 1.934377 
59322.712038 1.949907 
59322.749648 1.958521 
59322.787258 1.960367 
59322.824868 1.955561 
59322.862478 1.944186 
59322.900089 1.926293 
59322.937699 1.901905 
59322.975309 1.871011 
59323.012919 1.833575 
59323.050529 1.789528 
59323.088139 1.738773 
59323.125750 1.681184 
59323.163360 1.616604 
59323.200970 1.544849 
59323.238580 1.465702 
59323.276190 1.378921 
59323.313800 1.284232 
59323.351410 1.181334 
59323.389021 1.069901 
59323.426631 0.949584 
59323.464241 0.820015 
59323.501851 0.680815 
59323.539461 0.531603 
59323.577071 0.372010 
59323.614682 0.201700 
59323.652292 0.020392 
59323.689902 -0.172104 
59323.727512 -0.375836 
59323.765122 -0.590654 
59323.802732 -0.816131 
59323.840342 -1.051466 
59323.877953 -1.295362 
59323.915563 -1.545893 
59323.953173 -1.800345 
59323.990783 -2.055070 
59324.028393 -2.305349 
59324.066003 -2.545324 
59324.103614 -2.768039 
59324.141224 -2.965642 
59324.178834 -3.129804 
59324.216444 -3.252370 
59324.254054 -3.326187 
59324.291664 -3.346004 
59324.329274 -3.309242 
59324.366885 -3.216465 
59324.404495 -3.071377 
59324.442105 -2.880370 
59324.479715 -2.651719 
59324.517325 -2.394622 
59324.554935 -2.118286 
59324.592546 -1.831223 
59324.630156 -1.540793 
59324.667766 -1.253002 
59324.705376 -0.972488 
59324.742986 -0.702639 
59324.780596 -0.445774 
59324.818207 -0.203343 
59324.855817 0.023879 
59324.893427 0.235621 
59324.931037 0.431977 
59324.968647 0.613290 
59325.006257 0.780067 
59325.043867 0.932913 
59325.081478 1.072484 
59325.119088 1.199454 
59325.156698 1.314487 
59325.194308 1.418224 
59325.231918 1.511275 
59325.269528 1.594207 
59325.307139 1.667544 
59325.344749 1.731765 
59325.382359 1.787305 
59325.419969 1.834554 
59325.457579 1.873857 
59325.495189 1.905522 
59325.532799 1.929812 
59325.570410 1.946956 
59325.608020 1.957145 
59325.645630 1.960535 
59325.683240 1.957250 
59325.720850 1.947379 
59325.758460 1.930981 
59325.796071 1.908085 
59325.833681 1.878689 
59325.871291 1.842761 
59325.908901 1.800241 
59325.946511 1.751038 
59325.984121 1.695032 
59326.021731 1.632074 
59326.059342 1.561986 
59326.096952 1.484559 
59326.134562 1.399556 
59326.172172 1.306710 
59326.209782 1.205727 
59326.247392 1.096286 
59326.285003 0.978042 
59326.322613 0.850633 
59326.360223 0.713680 
59326.397833 0.566802 
59326.435443 0.409627 
59326.473053 0.241807 
59326.510664 0.063047 
59326.548274 -0.126867 
59326.585884 -0.328021 
59326.623494 -0.540317 
59326.661104 -0.763401 
59326.698714 -0.996564 
59326.736324 -1.238638 
59326.773935 -1.487853 
59326.811545 -1.741691 
59326.849155 -1.996730 
59326.886765 -2.248508 
59326.924375 -2.491429 
59326.961985 -2.718779 
59326.999596 -2.922881 
59327.037206 -3.095470 
59327.074816 -3.228279 
59327.112426 -3.313848 
59327.150036 -3.346411 
59327.187646 -3.322723 
59327.225256 -3.242601 
59327.262867 -3.109056 
59327.300477 -2.927923 
59327.338087 -2.707128 
59327.375697 -2.455741 
59327.413307 -2.183039 
59327.450917 -1.897743 
59327.488528 -1.607505 
59327.526138 -1.318649 
59327.563748 -1.036119 
59327.601358 -0.763579 
59327.638968 -0.503573 
59327.676578 -0.257734 
59327.714188 -0.026977 
59327.751799 0.188326 
59327.789409 0.388195 
59327.827019 0.572925 
59327.864629 0.742992 
59327.902239 0.898983 
59327.939849 1.041546 
59327.977460 1.171352 
59328.015070 1.289071 
59328.052680 1.395349 
59328.090290 1.490805 
59328.127900 1.576014 
59328.165510 1.651512 
59328.203121 1.717789 
59328.240731 1.775288 
59328.278341 1.824410 
59328.315951 1.865511 
59328.353561 1.898906 
59328.391171 1.924869 
59328.428781 1.943638 
59328.466392 1.955410 
59328.504002 1.960351 
59328.541612 1.958590 
59328.579222 1.950227 
59328.616832 1.935326 
59328.654442 1.913922 
59328.692053 1.886022 
59328.729663 1.851599 
59328.767273 1.810601 
59328.804883 1.762944 
59328.842493 1.708513 
59328.880103 1.647168 
59328.917713 1.578736 
59328.955324 1.503016 
59328.992934 1.419776 
59329.030544 1.328758 
59329.068154 1.229672 
59329.105764 1.122205 
59329.143374 1.006016 
59329.180985 0.880746 
59329.218595 0.746020 
59329.256205 0.601457 
59329.293815 0.446681 
59329.331425 0.281336 
59329.369035 0.105113 
59329.406645 -0.082224 
59329.444256 -0.280796 
59329.481866 -0.490552 
59329.519476 -0.711205 
59329.557086 -0.942136 
59329.594696 -1.182295 
59329.632306 -1.430062 
59329.669917 -1.683105 
59329.707527 -1.938223 
59329.745137 -2.191204 
59329.782747 -2.436715 
59329.820357 -2.668293 
59329.857967 -2.878456 
59329.895578 -3.059031 
59329.933188 -3.201686 
59329.970798 -3.298699 
59330.008408 -3.343835 
59330.046018 -3.333207 
59330.083628 -3.265902 
59330.121238 -3.144212 
59330.158849 -2.973376 
59330.196459 -2.760920 
59330.234069 -2.515737 
59330.271679 -2.247131 
59330.309289 -1.964008 
59330.346899 -1.674296 
59330.384510 -1.384635 
59330.422120 -1.100283 
59330.459730 -0.825184 
59330.497340 -0.562123 
59330.534950 -0.312924 
59330.572560 -0.078651 
59330.610170 0.140214 
59330.647781 0.343613 
59330.685391 0.531786 
59330.723001 0.705174 
59330.760611 0.864344 
59330.798221 1.009934 
59330.835831 1.142613 
59330.873442 1.263051 
59330.911052 1.371903 
59330.948662 1.469793 
59330.986272 1.557309 
59331.023882 1.634994 
59331.061492 1.703348 
59331.099102 1.762828 
59331.136713 1.813842 
59331.174323 1.856757 
59331.211933 1.891898 
59331.249543 1.919547 
59331.287153 1.939950 
59331.324763 1.953314 
59331.362374 1.959813 
59331.399984 1.959583 
59331.437594 1.952729 
59331.475204 1.939327 
59331.512814 1.919416 
59331.550424 1.893010 
59331.588035 1.860090 
59331.625645 1.820610 
59331.663255 1.774492 
59331.700865 1.721630 
59331.738475 1.661888 
59331.776085 1.595101 
59331.813695 1.521075 
59331.851306 1.439586 
59331.888916 1.350380 
59331.926526 1.253175 
59331.964136 1.147664 
59332.001746 1.033510 
59332.039356 0.910360 
59332.076967 0.777841 
59332.114577 0.635573 
59332.152187 0.483177 
59332.189797 0.320290 
59332.227407 0.146592 
59332.265017 -0.038176 
59332.302627 -0.234163 
59332.340238 -0.441364 
59332.377848 -0.659553 
59332.415458 -0.888198 
59332.453068 -1.126356 
59332.490678 -1.372552 
59332.528288 -1.624632 
59332.565899 -1.879608 
59332.603509 -2.133510 
59332.641119 -2.381270 
59332.678729 -2.616678 
59332.716339 -2.832469 
59332.753949 -3.020586 
59332.791559 -3.172676 
59332.829170 -3.280800 
59332.866780 -3.338300 
59332.904390 -3.340684 
59332.942000 -3.286318 
59332.979610 -3.176762 
59333.017220 -3.016626 
59333.054831 -2.812982 
59333.092441 -2.574497 
59333.130051 -2.310461 
59333.167661 -2.029930 
59333.205271 -1.741095 
59333.242881 -1.450907 
59333.280492 -1.164941 
59333.318102 -0.887429 
59333.355712 -0.621409 
59333.393322 -0.368905 
59333.430932 -0.131140 
59333.468542 0.091284 
59333.506152 0.298226 
59333.543763 0.489865 
59333.581373 0.666604 
59333.618983 0.828987 
59333.656593 0.977640 
59333.694203 1.113226 
59333.731813 1.236419 
59333.769424 1.347877 
59333.807034 1.448234 
59333.844644 1.538084 
59333.882254 1.617982 
59333.919864 1.688440 
59333.957474 1.749921 
59333.995084 1.802847 
59334.032695 1.847593 
59334.070305 1.884494 
59334.107915 1.913842 
59334.145525 1.935890 
59334.183135 1.950856 
59334.220745 1.958919 
59334.258356 1.960225 
59334.295966 1.954886 
59334.333576 1.942984 
59334.371186 1.924567 
59334.408796 1.899654 
59334.446406 1.868235 
59334.484016 1.830268 
59334.521627 1.785684 
59334.559237 1.734383 
59334.596847 1.676235 
59334.634457 1.611084 
59334.672067 1.538741 
59334.709677 1.458988 
59334.747288 1.371580 
59334.784898 1.276240 
59334.822508 1.172666 
59334.860118 1.060530 
59334.897728 0.939480 
59334.935338 0.809148 
59334.972949 0.669154 
59335.010559 0.519118 
59335.048169 0.358673 
59335.085779 0.187485 
59335.123389 0.005279 
59335.160999 -0.188123 
59335.198609 -0.392758 
59335.236220 -0.608456 
59335.273830 -0.834764 
59335.311440 -1.070845 
59335.349050 -1.315357 
59335.386660 -1.566317 
59335.424270 -1.820940 
59335.461881 -2.075496 
59335.499491 -2.325176 
59335.537101 -2.564031 
59335.574711 -2.785021 
59335.612321 -2.980237 
59335.649931 -3.141338 
59335.687541 -3.260217 
59335.725152 -3.329841 
59335.762762 -3.345149 
59335.800372 -3.303805 
59335.837982 -3.206631 
59335.875592 -3.057570 
59335.913202 -2.863201 
59335.950813 -2.631909 
59335.988423 -2.372923 
59336.026033 -2.095419 
59336.063643 -1.807829 
59336.101253 -1.517408 
59336.138863 -1.230050 
59336.176473 -0.950286 
59336.214084 -0.681411 
59336.251694 -0.425667 
59336.289304 -0.184442 
59336.326914 0.041535 
59336.364524 0.252029 
59336.402134 0.447156 
59336.439745 0.627276 
59336.477355 0.792905 
59336.514965 0.944655 
59336.552575 1.083185 
59336.590185 1.209168 
59336.627795 1.323266 
59336.665406 1.426119 
59336.703016 1.518333 
59336.740626 1.600472 
59336.778236 1.673057 
59336.815846 1.736562 
59336.853456 1.791420 
59336.891066 1.838015 
59336.928677 1.876691 
59336.966287 1.907751 
59337.003897 1.931457 
59337.041507 1.948033 
59337.079117 1.957669 
59337.116727 1.960516 
59337.154338 1.956697 
59337.191948 1.946297 
59337.229558 1.929375 
59337.267168 1.905955 
59337.304778 1.876033 
59337.342388 1.839577 
59337.379998 1.796521 
59337.417609 1.746774 
59337.455219 1.690213 
59337.492829 1.626687 
59337.530439 1.556015 
59337.568049 1.477986 
59337.605659 1.392360 
59337.643270 1.298869 
59337.680880 1.197216 
59337.718490 1.087078 
59337.756100 0.968109 
59337.793710 0.839943 
59337.831320 0.702204 
59337.868930 0.554509 
59337.906541 0.396488 
59337.944151 0.227796 
59337.981761 0.048142 
59338.019371 -0.142677 
59338.056981 -0.344737 
59338.094591 -0.557921 
59338.132202 -0.781849 
59338.169812 -1.015782 
59338.207422 -1.258506 
59338.245032 -1.508199 
59338.282642 -1.762273 
59338.320252 -2.017230 
59338.357863 -2.268516 
59338.395473 -2.510444 
59338.433083 -2.736214 
59338.470693 -2.938085 
59338.508303 -3.107766 
59338.545913 -3.237024 
59338.583523 -3.318502 
59338.621134 -3.346609 
59338.658744 -3.318332 
59338.696354 -3.233747 
59338.733964 -3.096113 
59338.771574 -2.911466 
59338.809184 -2.687858 
59338.846795 -2.434410 
59338.884405 -2.160380 
59338.922015 -1.874419 
59338.959625 -1.584077 
59338.997235 -1.295565 
59339.034845 -1.013722 
59339.072455 -0.742112 
59339.110066 -0.483199 
59339.147676 -0.238551 
59339.185286 -0.009033 
59339.222896 0.205020 
59339.260506 0.403654 
59339.298116 0.587181 
59339.335727 0.756090 
59339.373337 0.910973 
59339.410947 1.052482 
59339.448557 1.181288 
59339.486167 1.298060 
59339.523777 1.403443 
59339.561387 1.498051 
59339.598998 1.582458 
59339.636608 1.657195 
59339.674218 1.722747 
59339.711828 1.779556 
59339.749438 1.828018 
59339.787048 1.868487 
59339.824659 1.901272 
59339.862269 1.926647 
59339.899879 1.944844 
59339.937489 1.956060 
59339.975099 1.960456 
59340.012709 1.958160 
59340.050320 1.949266 
59340.087930 1.933840 
59340.125540 1.911912 
59340.163150 1.883487 
59340.200760 1.848537 
59340.238370 1.807005 
59340.275980 1.758806 
59340.313591 1.703823 
59340.351201 1.641913 
59340.388811 1.572901 
59340.426421 1.496583 
59340.464031 1.412726 
59340.501641 1.321068 
59340.539252 1.221318 
59340.576862 1.113160 
59340.614472 0.996252 
59340.652082 0.870233 
59340.689692 0.734728 
59340.727302 0.589355 
59340.764912 0.433739 
59340.802523 0.267527 
59340.840133 0.090415 
59340.877743 -0.097826 
59340.915353 -0.297305 
59340.952963 -0.507955 
59340.990573 -0.729464 
59341.028184 -0.961186 
59341.065794 -1.202027 
59341.103404 -1.450316 
59341.141014 -1.703658 
59341.178624 -1.958775 
59341.216234 -2.211366 
59341.253844 -2.456008 
59341.291455 -2.686147 
59341.329065 -2.894233 
59341.366675 -3.072054 
59341.404285 -3.211300 
59341.441895 -3.304333 
59341.479505 -3.345077 
59341.517116 -3.329869 
59341.554726 -3.258049 
59341.592336 -3.132165 
59341.629946 -2.957668 
59341.667556 -2.742231 
59341.705166 -2.494813 
59341.742777 -2.224716 
59341.780387 -1.940783 
59341.817997 -1.650848 
59341.855607 -1.361438 
59341.893217 -1.077703 
59341.930827 -0.803486 
59341.968437 -0.541487 
59342.006048 -0.293462 
59342.043658 -0.060420 
59342.081268 0.157195 
59342.118878 0.359353 
59342.156488 0.546315 
59342.194098 0.718533 
59342.231709 0.876583 
59342.269319 1.021107 
59342.306929 1.152774 
59342.344539 1.272253 
59342.382149 1.380198 
59342.419759 1.477230 
59342.457369 1.563933 
59342.494980 1.640848 
59342.532590 1.708470 
59342.570200 1.767252 
59342.607810 1.817600 
59342.645420 1.859876 
59342.683030 1.894402 
59342.720641 1.921458 
59342.758251 1.941286 
59342.795861 1.954091 
59342.833471 1.960042 
59342.871081 1.959274 
59342.908691 1.951890 
59342.946301 1.937961 
59342.983912 1.917526 
59343.021522 1.890596 
59343.059132 1.857150 
59343.096742 1.817137 
59343.134352 1.770479 
59343.171962 1.717067 
59343.209573 1.656764 
59343.247183 1.589401 
59343.284793 1.514781 
59343.322403 1.432679 
59343.360013 1.342839 
59343.397623 1.244976 
59343.435234 1.138780 
59343.472844 1.023914 
59343.510454 0.900022 
59343.548064 0.766731 
59343.585674 0.623660 
59343.623284 0.470430 
59343.660894 0.306683 
59343.698505 0.132099 
59343.736115 -0.053569 
59343.773725 -0.250464 
59343.811335 -0.458563 
59343.848945 -0.677620 
59343.886555 -0.907074 
59343.924166 -1.145943 
59343.961776 -1.392704 
59343.999386 -1.645140 
59344.036996 -1.900191 
59344.074606 -2.153800 
59344.112216 -2.400809 
59344.149826 -2.634917 
59344.187437 -2.848782 
59344.225047 -3.034302 
59344.262657 -3.183129 
59344.300267 -3.287391 
59344.337877 -3.340577 
59344.375487 -3.338402 
59344.413098 -3.279483 
59344.450708 -3.165639 
59344.488318 -3.001703 
59344.525928 -2.794913 
59344.563538 -2.554020 
59344.601148 -2.288325 
59344.638758 -2.006836 
59344.676369 -1.717652 
59344.713979 -1.427617 
59344.751589 -1.142192 
59344.789199 -0.865510 
59344.826809 -0.600517 
59344.864419 -0.349166 
59344.902030 -0.112624 
59344.939640 0.108552 
59344.977250 0.314249 
59345.014860 0.504668 
59345.052470 0.680228 
59345.090080 0.841480 
59345.127691 0.989053 
59345.165301 1.123615 
59345.202911 1.245837 
59345.240521 1.356377 
59345.278131 1.455864 
59345.315741 1.544891 
59345.353351 1.624010 
59345.390962 1.693726 
59345.428572 1.754503 
59345.466182 1.806755 
59345.503792 1.850857 
59345.541402 1.887138 
59345.579012 1.915888 
59345.616623 1.937358 
59345.654233 1.951760 
59345.691843 1.959273 
59345.729453 1.960039 
59345.767063 1.954169 
59345.804673 1.941739 
59345.842283 1.922798 
59345.879894 1.897361 
59345.917504 1.865415 
59345.955114 1.826918 
59345.992724 1.781796 
59346.030334 1.729948 
59346.067944 1.671242 
59346.105555 1.605517 
59346.143165 1.532585 
59346.180775 1.452224 
59346.218385 1.364186 
59346.255995 1.268194 
59346.293605 1.163942 
59346.331215 1.051100 
59346.368826 0.929315 
59346.406436 0.798217 
59346.444046 0.657428 
59346.481656 0.506565 
59346.519266 0.345265 
59346.556876 0.173198 
59346.594487 -0.009906 
59346.632097 -0.204215 
59346.669707 -0.409752 
59346.707317 -0.626328 
59346.744927 -0.853461 
59346.782537 -1.090280 
59346.820148 -1.335395 
59346.857758 -1.586765 
59346.895368 -1.841535 
59346.932978 -2.095891 
59346.970588 -2.344934 
59347.008198 -2.582622 
59347.045808 -2.801835 
59347.083419 -2.994610 
59347.121029 -3.152597 
59347.158639 -3.267743 
59347.196249 -3.333141 
59347.233859 -3.343925 
59347.271469 -3.298003 
59347.309080 -3.196457 
59347.346690 -3.043467 
59347.384300 -2.845791 
59347.421910 -2.611918 
59347.459520 -2.351104 
59347.497130 -2.072488 
59347.534740 -1.784418 
59347.572351 -1.494044 
59347.609961 -1.207148 
59347.647571 -0.928155 
59347.685181 -0.660270 
59347.722791 -0.405656 
59347.760401 -0.165641 
59347.798012 0.059091 
59347.835622 0.268337 
59347.873232 0.462237 
59347.910842 0.641167 
59347.948452 0.805653 
59347.986062 0.956312 
59348.023672 1.093805 
59348.061283 1.218804 
59348.098893 1.331972 
59348.136503 1.433945 
59348.174113 1.525326 
59348.211723 1.606676 
59348.249333 1.678511 
59348.286944 1.741303 
59348.324554 1.795480 
59348.362164 1.841424 
59348.399774 1.879476 
59348.437384 1.909933 
59348.474994 1.933056 
59348.512605 1.949066 
59348.550215 1.958148 
59348.587825 1.960454 
59348.625435 1.956101 
59348.663045 1.945174 
59348.700655 1.927726 
59348.738265 1.903782 
59348.775876 1.873335 
59348.813486 1.836349 
59348.851096 1.792758 
59348.888706 1.742466 
59348.926316 1.685349 
59348.963926 1.621254 
59349.001537 1.549996 
59349.039147 1.471364 
59349.076757 1.385114 
59349.114367 1.290976 
59349.151977 1.188650 
59349.189587 1.077813 
59349.227197 0.958115 
59349.264808 0.829192 
59349.302418 0.690663 
59349.340028 0.542149 
59349.377638 0.383279 
59349.415248 0.213713 
59349.452858 0.033165 
59349.490469 -0.158561 
59349.528079 -0.361525 
59349.565689 -0.575594 
59349.603299 -0.800362 
59349.640909 -1.035057 
59349.678519 -1.278420 
59349.716129 -1.528573 
59349.753740 -1.782862 
59349.791350 -2.037706 
59349.828960 -2.288463 
59349.866570 -2.529355 
59349.904180 -2.753494 
59349.941790 -2.953080 
59349.979401 -3.119798 
59350.017011 -3.245457 
59350.054621 -3.322807 
59350.092231 -3.346438 
59350.129841 -3.313571 
59350.167451 -3.224547 
59350.205062 -3.082864 
59350.242672 -2.894754 
59350.280282 -2.668393 
59350.317892 -2.412946 
59350.355502 -2.137645 
59350.393112 -1.851067 
59350.430722 -1.560661 
59350.468333 -1.272526 
59350.505943 -0.991392 
59350.543553 -0.720728 
59350.581163 -0.462918 
59350.618773 -0.219467 
59350.656383 0.008810 
59350.693994 0.221613 
59350.731604 0.419014 
59350.769214 0.601342 
59350.806824 0.769096 
59350.844434 0.922875 
59350.882044 1.063335 
59350.919654 1.191146 
59350.957265 1.306975 
59350.994875 1.411467 
59351.032485 1.505231 
59351.070095 1.588839 
59351.107705 1.662817 
59351.145315 1.727649 
59351.182926 1.783770 
59351.220536 1.831575 
59351.258146 1.871412 
59351.295756 1.903591 
59351.333366 1.928379 
59351.370976 1.946006 
59351.408586 1.956666 
59351.446197 1.960517 
59351.483807 1.957686 
59351.521417 1.948264 
59351.559027 1.932312 
59351.596637 1.909860 
59351.634247 1.880910 
59351.671858 1.845431 
59351.709468 1.803365 
59351.747078 1.754623 
59351.784688 1.699088 
59351.822298 1.636612 
59351.859908 1.567018 
59351.897519 1.490101 
59351.935129 1.405625 
59351.972739 1.313325 
59352.010349 1.212909 
59352.047959 1.104058 
59352.085569 0.986429 
59352.123179 0.859659 
59352.160790 0.723372 
59352.198400 0.577186 
59352.236010 0.420728 
59352.273620 0.253647 
59352.311230 0.075644 
59352.348840 -0.113501 
59352.386451 -0.313886 
59352.424061 -0.525428 
59352.461671 -0.747790 
59352.499281 -0.980295 
59352.536891 -1.221807 
59352.574501 -1.470604 
59352.612111 -1.724223 
59352.649722 -1.979310 
59352.687332 -2.231476 
59352.724942 -2.475206 
59352.762552 -2.703858 
59352.800162 -2.909812 
59352.837772 -3.084827 
59352.875383 -3.220613 
59352.912993 -3.309625 
59352.950603 -3.345955 
59352.988213 -3.326161 
59353.025823 -3.249843 
59353.063433 -3.119800 
59353.101043 -2.941693 
59353.138654 -2.723332 
59353.176264 -2.473742 
59353.213874 -2.202212 
59353.251484 -1.917520 
59353.289094 -1.627404 
59353.326704 -1.338279 
59353.364315 -1.055186 
59353.401925 -0.781868 
59353.439535 -0.520943 
59353.477145 -0.274098 
59353.514755 -0.042290 
59353.552365 0.174074 
59353.589976 0.374994 
59353.627586 0.560747 
59353.665196 0.731800 
59353.702806 0.888735 
59353.740416 1.032196 
59353.778026 1.162855 
59353.815636 1.281380 
59353.853247 1.388423 
59353.890857 1.484600 
59353.928467 1.570494 
59353.966077 1.646641 
59354.003687 1.713534 
59354.041297 1.771621 
59354.078908 1.821305 
59354.116518 1.862945 
59354.154128 1.896859 
59354.191738 1.923323 
59354.229348 1.942577 
59354.266958 1.954823 
59354.304568 1.960228 
59354.342179 1.958923 
59354.379789 1.951009 
59354.417399 1.936554 
59354.455009 1.915595 
59354.492619 1.888140 
59354.530229 1.854166 
59354.567840 1.813621 
59354.605450 1.766422 
59354.643060 1.712460 
59354.680670 1.651594 
59354.718280 1.583653 
59354.755890 1.508439 
59354.793500 1.425722 
59354.831111 1.335246 
59354.868721 1.236722 
59354.906331 1.129839 
59354.943941 1.014259 
59354.981551 0.889623 
59355.019161 0.755557 
59355.056772 0.611680 
59355.094382 0.457615 
59355.131992 0.293005 
59355.169602 0.117535 
59355.207212 -0.069036 
59355.244822 -0.266837 
59355.282433 -0.475834 
59355.320043 -0.695755 
59355.357653 -0.926011 
59355.395263 -1.165582 
59355.432873 -1.412893 
59355.470483 -1.665666 
59355.508093 -1.920765 
59355.545704 -2.174049 
59355.583314 -2.420265 
59355.620924 -2.653025 
59355.658534 -2.864911 
59355.696144 -3.047780 
59355.733754 -3.193290 
59355.771365 -3.293650 
59355.808975 -3.342493 
59355.846585 -3.335750 
59355.884195 -3.272290 
59355.921805 -3.154188 
59355.959415 -2.986500 
59355.997025 -2.776621 
59356.034636 -2.533381 
59356.072246 -2.266087 
59356.109856 -1.983692 
59356.147466 -1.694204 
59356.185076 -1.404357 
59356.222686 -1.119501 
59356.260297 -0.843667 
59356.297907 -0.579714 
59356.335517 -0.329524 
59356.373127 -0.094207 
59356.410737 0.125719 
59356.448347 0.330172 
59356.485957 0.519375 
59356.523568 0.693759 
59356.561178 0.853883 
59356.598788 1.000382 
59356.636398 1.133924 
59356.674008 1.255179 
59356.711618 1.364804 
59356.749229 1.463426 
59356.786839 1.551634 
59356.824449 1.629976 
59356.862059 1.698955 
59356.899669 1.759029 
59356.937279 1.810610 
59356.974890 1.854069 
59357.012500 1.889733 
59357.050110 1.917887 
59357.087720 1.938779 
59357.125330 1.952620 
59357.162940 1.959584 
59357.200550 1.959811 
59357.238161 1.953408 
59357.275771 1.940452 
59357.313381 1.920987 
59357.350991 1.895026 
59357.388601 1.862554 
59357.426211 1.823525 
59357.463822 1.777864 
59357.501432 1.725468 
59357.539042 1.666202 
59357.576652 1.599904 
59357.614262 1.526381 
59357.651872 1.445410 
59357.689482 1.356741 
59357.727093 1.260094 
59357.764703 1.155162 
59357.802313 1.041612 
59357.839923 0.919089 
59357.877533 0.787224 
59357.915143 0.645636 
59357.952754 0.493945 
59357.990364 0.331788 
59358.027974 0.158839 
59358.065584 -0.025164 
59358.103194 -0.220381 
59358.140804 -0.426819 
59358.178414 -0.644268 
59358.216025 -0.872221 
59358.253635 -1.109768 
59358.291245 -1.355474 
59358.328855 -1.607236 
59358.366465 -1.862128 
59358.404075 -2.116252 
59358.441686 -2.364618 
59358.479296 -2.601093 
59358.516906 -2.818478 
59358.554516 -3.008757 
59358.592126 -3.163577 
59358.629736 -3.274943 
59358.667347 -3.336083 
59358.704957 -3.342329 
59358.742567 -3.291837 
59358.780177 -3.185947 
59358.817787 -3.029072 
59358.855397 -2.828145 
59358.893007 -2.591752 
59358.930618 -2.329170 
59358.968228 -2.049495 
59359.005838 -1.760992 
59359.043448 -1.470703 
59359.081058 -1.184298 
59359.118668 -0.906098 
59359.156279 -0.639215 
59359.193889 -0.385739 
59359.231499 -0.146939 
59359.269109 0.076545 
59359.306719 0.284544 
59359.344329 0.477220 
59359.381939 0.654964 
59359.419550 0.818311 
59359.457160 0.967883 
59359.494770 1.104343 
59359.532380 1.228363 
59359.569990 1.340605 
59359.607600 1.441702 
59359.645211 1.532253 
59359.682821 1.612817 
59359.720431 1.683905 
59359.758041 1.745988 
59359.795651 1.799487 
59359.833261 1.844782 
59359.870871 1.882211 
59359.908482 1.912067 
59359.946092 1.934609 
59359.983702 1.950053 
59360.021312 1.958584 
59360.058922 1.960348 
59360.096532 1.955462 
59360.134143 1.944007 
59360.171753 1.926035 
59360.209363 1.901568 
59360.246973 1.870595 
59360.284583 1.833078 
59360.322193 1.788950 
59360.359804 1.738113 
59360.397414 1.680439 
59360.435024 1.615773 
59360.472634 1.543929 
59360.510244 1.464692 
59360.547854 1.377816 
59360.585464 1.283029 
59360.623075 1.180029 
59360.660685 1.068490 
59360.698295 0.948062 
59360.735905 0.818378 
59360.773515 0.679058 
59360.811125 0.529722 
59360.848736 0.370001 
59360.886346 0.199558 
59360.923956 0.018114 
59360.961566 -0.174518 
59360.999176 -0.378386 
59361.036786 -0.593338 
59361.074396 -0.818941 
59361.112007 -1.054389 
59361.149617 -1.298379 
59361.187227 -1.548975 
59361.224837 -1.803455 
59361.262447 -2.058157 
59361.300057 -2.308348 
59361.337668 -2.548157 
59361.375278 -2.770614 
59361.412888 -2.967860 
59361.450498 -3.131563 
59361.488108 -3.253575 
59361.525718 -3.326761 
59361.563328 -3.345898 
59361.600939 -3.308445 
59361.638549 -3.215002 
59361.676159 -3.069311 
59361.713769 -2.877793 
59361.751379 -2.648740 
59361.788989 -2.391353 
59361.826600 -2.114837 
59361.864210 -1.827691 
59361.901820 -1.537261 
59361.939430 -1.249533 
59361.977040 -0.969131 
59362.014650 -0.699428 
59362.052261 -0.442732 
59362.089871 -0.200482 
59362.127481 0.026552 
59362.165091 0.238106 
59362.202701 0.434276 
59362.240311 0.615408 
59362.277921 0.782011 
59362.315532 0.934691 
59362.353142 1.074105 
59362.390752 1.200926 
59362.428362 1.315817 
59362.465972 1.419421 
59362.503582 1.512345 
59362.541193 1.595157 
59362.578803 1.668380 
59362.616413 1.732493 
59362.654023 1.787930 
59362.691633 1.835080 
59362.729243 1.874289 
59362.766853 1.905861 
59362.804464 1.930063 
59362.842074 1.947122 
59362.879684 1.957227 
59362.917294 1.960535 
59362.954904 1.957169 
59362.992514 1.947218 
59363.030125 1.930741 
59363.067735 1.907766 
59363.105345 1.878291 
59363.142955 1.842283 
59363.180565 1.799682 
59363.218175 1.750397 
59363.255785 1.694307 
59363.293396 1.631264 
59363.331006 1.561087 
59363.368616 1.483570 
59363.406226 1.398473 
59363.443836 1.305529 
59363.481446 1.204445 
59363.519057 1.094899 
59363.556667 0.976546 
59363.594277 0.849022 
59363.631887 0.711951 
59363.669497 0.564950 
59363.707107 0.407647 
59363.744718 0.239696 
59363.782328 0.060801 
59363.819938 -0.129250 
59363.857548 -0.330541 
59363.895158 -0.542971 
59363.932768 -0.766182 
59363.970378 -0.999463 
59364.007989 -1.241636 
59364.045599 -1.490924 
59364.083209 -1.744799 
59364.120819 -1.999827 
59364.158429 -2.251533 
59364.196039 -2.494307 
59364.233650 -2.721421 
59364.271260 -2.925191 
59364.308870 -3.097343 
59364.346480 -3.229620 
59364.384090 -3.314573 
59364.421700 -3.346465 
59364.459310 -3.322083 
59364.496921 -3.241286 
59364.534531 -3.107121 
59364.572141 -2.925454 
59364.609751 -2.704231 
59364.647361 -2.452528 
59364.684971 -2.179622 
59364.722582 -1.894223 
59364.760192 -1.603967 
59364.797802 -1.315160 
59364.835412 -1.032733 
59364.873022 -0.760332 
59364.910632 -0.500490 
59364.948242 -0.254831 
59364.985853 -0.024261 
59365.023463 0.190853 
59365.061073 0.390536 
59365.098683 0.575084 
59365.136293 0.744976 
59365.173903 0.900799 
59365.211514 1.043203 
59365.249124 1.172858 
59365.286734 1.290433 
59365.324344 1.396576 
59365.361954 1.491903 
59365.399564 1.576991 
59365.437175 1.652374 
59365.474785 1.718541 
59365.512395 1.775936 
59365.550005 1.824958 
59365.587615 1.865963 
59365.625225 1.899266 
59365.662835 1.925141 
59365.700446 1.943823 
59365.738056 1.955511 
59365.775666 1.960369 
59365.813276 1.958528 
59365.850886 1.950084 
59365.888496 1.935104 
59365.926107 1.913621 
59365.963717 1.885642 
59366.001327 1.851140 
59366.038937 1.810061 
59366.076547 1.762322 
59366.114157 1.707808 
59366.151767 1.646378 
59366.189378 1.577858 
59366.226988 1.502047 
59366.264598 1.418715 
59366.302208 1.327600 
59366.339818 1.228414 
59366.377428 1.120843 
59366.415039 1.004545 
59366.452649 0.879163 
59366.490259 0.744319 
59366.527869 0.599634 
59366.565479 0.444731 
59366.603089 0.279256 
59366.640699 0.102898 
59366.678310 -0.084576 
59366.715920 -0.283284 
59366.753530 -0.493176 
59366.791140 -0.713958 
59366.828750 -0.945009 
59366.866360 -1.185271 
59366.903971 -1.433118 
59366.941581 -1.686207 
59366.979191 -1.941328 
59367.016801 -2.194252 
59367.054411 -2.439635 
59367.092021 -2.670998 
59367.129632 -2.880851 
59367.167242 -3.061013 
59367.204852 -3.203157 
59367.242462 -3.299572 
59367.280072 -3.344046 
59367.317682 -3.332727 
59367.355292 -3.264739 
59367.392903 -3.142413 
59367.430513 -2.971022 
59367.468123 -2.758112 
59367.505733 -2.512587 
59367.543343 -2.243752 
59367.580953 -1.960503 
59367.618564 -1.670755 
59367.656174 -1.381130 
59367.693784 -1.096869 
59367.731394 -0.821902 
59367.769004 -0.559001 
59367.806614 -0.309979 
59367.844224 -0.075891 
59367.881835 0.142785 
59367.919445 0.345996 
59367.957055 0.533986 
59367.994665 0.707197 
59368.032275 0.866198 
59368.069885 1.011626 
59368.107496 1.144152 
59368.145106 1.264445 
59368.182716 1.373160 
59368.220326 1.470921 
59368.257936 1.558313 
59368.295546 1.635881 
59368.333156 1.704126 
59368.370767 1.763500 
59368.408377 1.814413 
59368.445987 1.857231 
59368.483597 1.892279 
59368.521207 1.919839 
59368.558817 1.940155 
59368.596428 1.953435 
59368.634038 1.959850 
59368.671648 1.959539 
59368.709258 1.952605 
59368.746868 1.939123 
59368.784478 1.919133 
59368.822089 1.892648 
59368.859699 1.859649 
59368.897309 1.820088 
59368.934919 1.773889 
59368.972529 1.720944 
59369.010139 1.661117 
59369.047749 1.594243 
59369.085360 1.520128 
59369.122970 1.438546 
59369.160580 1.349244 
59369.198190 1.251941 
59369.235800 1.146326 
59369.273410 1.032065 
59369.311021 0.908803 
59369.348631 0.776168 
59369.386241 0.633778 
59369.423851 0.481256 
59369.461461 0.318240 
59369.499071 0.144408 
59369.536681 -0.040496 
59369.574292 -0.236620 
59369.611902 -0.443957 
59369.649512 -0.662277 
59369.687122 -0.891044 
59369.724732 -1.129311 
59369.762342 -1.375593 
59369.799953 -1.627728 
59369.837563 -1.882716 
59369.875173 -2.136576 
59369.912783 -2.384226 
59369.950393 -2.619441 
59369.988003 -2.834944 
59370.025613 -3.022673 
59370.063224 -3.174273 
59370.100834 -3.281816 
59370.138444 -3.338667 
59370.176054 -3.340363 
59370.213664 -3.285309 
59370.251274 -3.175104 
59370.288885 -3.014390 
59370.326495 -2.810268 
59370.364105 -2.571415 
59370.401715 -2.307125 
59370.439325 -2.026446 
59370.476935 -1.737556 
59370.514546 -1.447388 
59370.552156 -1.161502 
59370.589766 -0.884114 
59370.627376 -0.618248 
59370.664986 -0.365918 
59370.702596 -0.128338 
59370.740206 0.093899 
59370.777817 0.300652 
59370.815427 0.492106 
59370.853037 0.668667 
59370.890647 0.830879 
59370.928257 0.979369 
59370.965867 1.114800 
59371.003478 1.237846 
59371.041088 1.349166 
59371.078698 1.449390 
59371.116308 1.539116 
59371.153918 1.618896 
59371.191528 1.689242 
59371.229138 1.750616 
59371.266749 1.803440 
59371.304359 1.848089 
59371.341969 1.884896 
59371.379579 1.914154 
59371.417189 1.936115 
59371.454799 1.950996 
59371.492410 1.958975 
59371.530020 1.960200 
59371.567630 1.954781 
59371.605240 1.942799 
59371.642850 1.924302 
59371.680460 1.899310 
59371.718070 1.867812 
59371.755681 1.829765 
59371.793291 1.785099 
59371.830901 1.733716 
59371.868511 1.675484 
59371.906121 1.610246 
59371.943731 1.537814 
59371.981342 1.457970 
59372.018952 1.370466 
59372.056562 1.275028 
59372.094172 1.171352 
59372.131782 1.059109 
59372.169392 0.937949 
59372.207003 0.807501 
59372.244613 0.667387 
59372.282223 0.517227 
59372.319833 0.356653 
59372.357443 0.185332 
59372.395053 0.002991 
59372.432663 -0.190548 
59372.470274 -0.395319 
59372.507884 -0.611150 
59372.545494 -0.837584 
59372.583104 -1.073776 
59372.620714 -1.318381 
59372.658324 -1.569403 
59372.695935 -1.824050 
59372.733545 -2.078578 
59372.771155 -2.328165 
