# time Tc_folded Tref_folded model 
2449300.559923 -5.519329 0.401339     1.323667
2449313.101259 7.022007 0.279265    -0.017471
2449325.642595 5.278164 0.157192    -1.389755
2449338.183931 3.534321 0.035118    -2.286214
2449350.725267 1.790478 0.913045    -1.955090
2449363.266603 0.046635 0.790971    -0.096362
2449375.807939 -1.697208 0.668897     1.786477
2449388.349275 -3.441051 0.546824     2.258279
2449400.890611 -5.184894 0.424750     1.542342
2449413.431947 -6.928737 0.302677     0.254909
2449425.973283 5.612599 0.180603    -1.144704
2449438.514619 3.868756 0.058529    -2.183654
2449451.055955 2.124913 0.936456    -2.148201
2449463.597291 0.381070 0.814382    -0.523543
2449476.138627 -1.362773 0.692309     1.518040
2449488.679963 -3.106616 0.570235     2.280058
2449501.221299 -4.850459 0.448162     1.740678
2449513.762635 -6.594302 0.326088     0.523143
2449526.303971 5.947035 0.204014    -0.887268
2449538.845307 4.203192 0.081941    -2.041858
2449551.386643 2.459349 0.959867    -2.276526
2449563.927979 0.715506 0.837794    -0.932821
2449576.469315 -1.028337 0.715720     1.195230
2449589.010651 -2.772180 0.593647     2.252758
2449601.551987 -4.516023 0.471573     1.914790
2449614.093323 -6.259866 0.349499     0.784427
2449626.634659 6.281470 0.227426    -0.621156
2449639.175995 4.537627 0.105352    -1.866965
2449651.717331 2.793784 0.983279    -2.342025
2449664.258667 1.049941 0.861205    -1.307902
2449676.800003 -0.693902 0.739131     0.825748
2449689.341339 -2.437745 0.617058     2.171847
2449701.882675 -4.181588 0.494984     2.060440
2449714.424011 -5.925431 0.372911     1.035886
2449726.965347 6.615905 0.250837    -0.349735
2449739.506684 4.872062 0.128764    -1.664695
2449752.048020 3.128219 0.006690    -2.348837
2449764.589356 1.384376 0.884616    -1.635306
2449777.130692 -0.359467 0.762543     0.421034
2449789.672028 -2.103310 0.640469     2.033749
2449802.213364 -3.847153 0.518396     2.173040
2449814.754700 -5.590996 0.396322     1.274507
2449827.296036 6.950340 0.274248    -0.076110
2449839.837372 5.206497 0.152175    -1.440269
2449852.378708 3.462654 0.030101    -2.302477
2449864.920044 1.718811 0.908028    -1.905314
2449877.461380 -0.025032 0.785954    -0.004180
2449890.002716 -1.768875 0.663881     1.836474
2449902.544052 -3.512718 0.541807     2.247701
2449915.085388 -5.256561 0.419733     1.497068
2449927.626724 -7.000404 0.297660     0.196793
2449940.168060 5.540932 0.175586    -1.198393
2449952.709396 3.797089 0.053513    -2.209150
2449965.250732 2.053246 0.931439    -2.112288
2449977.792068 0.309403 0.809365    -0.432917
2449990.333404 -1.434440 0.687292     1.580333
2450002.874740 -3.178283 0.565218     2.279357
2450015.416076 -4.922126 0.443145     1.700077
2450027.957412 -6.665969 0.321071     0.466151
2450040.498748 5.875367 0.198998    -0.943286
2450053.040084 4.131524 0.076924    -2.075234
2450065.581420 2.387682 0.954850    -2.254422
2450078.122756 0.643839 0.832777    -0.847474
2450090.664092 -1.100004 0.710703     1.268656
2450103.205428 -2.843847 0.588630     2.262977
2450115.746764 -4.587690 0.466556     1.879725
2450128.288100 -6.331533 0.344482     0.729163
2450140.829436 6.209803 0.222409    -0.678739
2450153.370772 4.465960 0.100335    -1.906936
2450165.912109 2.722117 0.978262    -2.333096
2450178.453445 0.978274 0.856188    -1.231132
2450190.994781 -0.765569 0.734115     0.908336
2450203.536117 -2.509412 0.612041     2.193897
2450216.077453 -4.253255 0.489967     2.031850
2450228.618789 -5.997098 0.367894     0.982975
2450241.160125 6.544238 0.245820    -0.408186
2450253.701461 4.800395 0.123747    -1.710075
2450266.242797 3.056552 0.001673    -2.352056
2450278.784133 1.312709 0.879599    -1.569709
2450291.325469 -0.431134 0.757526     0.510032
2450303.866805 -2.174977 0.635452     2.068287
2450316.408141 -3.918820 0.513379     2.151934
2450328.949477 -5.662663 0.391305     1.224611
2450341.490813 6.878673 0.269232    -0.134783
2450354.032149 5.134830 0.147158    -1.489983
2450366.573485 3.390987 0.025084    -2.316583
2450379.114821 1.647144 0.903011    -1.852629
2450391.656157 -0.096699 0.780937     0.087838
2450404.197493 -1.840542 0.658864     1.883756
2450416.738829 -3.584385 0.536790     2.235148
2450429.280165 -5.328228 0.414716     1.450897
2450441.821501 -7.072071 0.292643     0.138515
2450454.362837 5.469265 0.170569    -1.251476
2450466.904173 3.725422 0.048496    -2.232783
2450479.445509 1.981579 0.926422    -2.073386
2450491.986845 0.237736 0.804349    -0.341636
2450504.528181 -1.506107 0.682275     1.640062
2450517.069517 -3.249950 0.560201     2.276449
2450529.610853 -4.993793 0.438128     1.658405
2450542.152189 -6.737636 0.316054     0.408868
2450554.693525 5.803700 0.193981    -0.998871
2450567.234861 4.059857 0.071907    -2.107032
2450579.776197 2.316014 0.949833    -2.229395
2450592.317534 0.572171 0.827760    -0.760698
2450604.858870 -1.171671 0.705686     1.339833
2450617.400206 -2.915514 0.583613     2.270774
2450629.941542 -4.659357 0.461539     1.843398
2450642.482878 -6.403200 0.339466     0.673477
2450655.024214 6.138136 0.217392    -0.736047
2450667.565550 4.394293 0.095318    -1.945597
2450680.106886 2.650450 0.973245    -2.321420
2450692.648222 0.906607 0.851171    -1.152278
2450705.189558 -0.837236 0.729098     0.989167
2450717.730894 -2.581079 0.607024     2.213347
2450730.272230 -4.324922 0.484951     2.001789
2450742.813566 -6.068765 0.362877     0.929506
2450755.354902 6.472571 0.240803    -0.466508
2450767.896238 4.728728 0.118730    -1.754390
2450780.437574 2.984885 0.996656    -2.352772
2450792.978910 1.241042 0.874583    -1.501540
2450805.520246 -0.502801 0.752509     0.597924
2450818.061582 -2.246644 0.630435     2.100111
2450830.602918 -3.990487 0.508362     2.129136
2450843.144254 -5.734330 0.386288     1.174011
2450855.685590 6.807006 0.264215    -0.193460
2450868.226926 5.063163 0.142141    -1.538854
2450880.768262 3.319320 0.020068    -2.328468
2450893.309598 1.575477 0.897994    -1.797075
2450905.850934 -0.168366 0.775920     0.179517
2450918.392270 -1.912209 0.653847     1.928311
2450930.933606 -3.656052 0.531773     2.220671
2450943.474942 -5.399895 0.409700     1.403865
2450956.016278 7.141441 0.287626     0.080102
2450968.557614 5.397598 0.165552    -1.303913
2450981.098950 3.653755 0.043479    -2.254490
2450993.640286 1.909912 0.921405    -2.031498
2451006.181622 0.166069 0.799332    -0.249874
2451018.722959 -1.577774 0.677258     1.697182
2451031.264295 -3.321617 0.555185     2.271383
2451043.805631 -5.065460 0.433111     1.615701
2451056.346967 -6.809303 0.311037     0.351322
2451068.888303 5.732033 0.188964    -1.053989
2451081.429639 3.988190 0.066890    -2.137193
2451093.970975 2.244347 0.944817    -2.201420
2451106.512311 0.500504 0.822743    -0.672652
2451119.053647 -1.243339 0.700669     1.408680
2451131.594983 -2.987182 0.578596     2.276192
2451144.136319 -4.731024 0.456522     1.805850
2451156.677655 -6.474867 0.334449     0.617398
2451169.218991 6.066469 0.212375    -0.793048
2451181.760327 4.322626 0.090302    -1.982892
2451194.301663 2.578783 0.968228    -2.306952
2451206.842999 0.834940 0.846154    -1.071468
2451219.384335 -0.908903 0.724081     1.068122
2451231.925671 -2.652746 0.602007     2.230228
2451244.467007 -4.396589 0.479934     1.970303
2451257.008343 -6.140432 0.357860     0.875509
2451269.549679 6.400904 0.235786    -0.524669
2451282.091015 4.657061 0.113713    -1.797590
2451294.632351 2.913218 0.991639    -2.350930
2451307.173687 1.169375 0.869566    -1.430889
2451319.715023 -0.574468 0.747492     0.684558
2451332.256359 -2.318311 0.625419     2.129238
2451344.797695 -4.062154 0.503345     2.104695
2451357.339031 -5.805997 0.381271     1.122739
2451369.880367 6.735339 0.259198    -0.252115
2451382.421703 4.991496 0.137124    -1.586835
2451394.963039 3.247653 0.015051    -2.338071
2451407.504375 1.503810 0.892977    -1.738700
2451420.045711 -0.240033 0.770903     0.270687
2451432.587047 -1.983876 0.648830     1.970132
2451445.128384 -3.727719 0.526756     2.204319
2451457.669720 -5.471562 0.404683     1.356007
2451470.211056 7.069774 0.282609     0.021581
2451482.752392 5.325931 0.160536    -1.355664
2451495.293728 3.582088 0.038462    -2.274208
2451507.835064 1.838245 0.916388    -1.986635
2451520.376400 0.094402 0.794315    -0.157808
2451532.917736 -1.649441 0.672241     1.751656
2451545.459072 -3.393284 0.550168     2.264208
2451558.000408 -5.137127 0.428094     1.572002
2451570.541744 -6.880970 0.306020     0.293539
2451583.083080 5.660366 0.183947    -1.108602
2451595.624416 3.916523 0.061873    -2.165656
2451608.165752 2.172680 0.939800    -2.170479
2451620.707088 0.428837 0.817726    -0.583498
2451633.248424 -1.315006 0.695653     1.475123
2451645.789760 -3.058849 0.573579     2.279276
2451658.331096 -4.802692 0.451505     1.767124
2451670.872432 -6.546535 0.329432     0.560953
2451683.413768 5.994802 0.207358    -0.849709
2451695.955104 4.250959 0.085285    -2.018766
2451708.496440 2.507116 0.963211    -2.289650
2451721.037776 0.763273 0.841137    -0.988837
2451733.579112 -0.980570 0.719064     1.145088
2451746.120448 -2.724413 0.596990     2.244579
2451758.661784 -4.468256 0.474917     1.937439
2451771.203120 -6.212099 0.352843     0.821012
2451783.744456 6.329237 0.230770    -0.582639
2451796.285792 4.585394 0.108696    -1.839623
2451808.827128 2.841551 0.986622    -2.346473
2451821.368464 1.097708 0.864549    -1.357854
2451833.909800 -0.646135 0.742475     0.769788
2451846.451136 -2.389978 0.620402     2.155690
2451858.992472 -4.133821 0.498328     2.078657
2451871.533809 -5.877664 0.376254     1.070826
2451884.075145 6.663672 0.254181    -0.310718
2451896.616481 4.919829 0.132107    -1.633881
2451909.157817 3.175986 0.010034    -2.345331
2451921.699153 1.432143 0.887960    -1.677560
2451934.240489 -0.311700 0.765887     0.361178
2451946.781825 -2.055543 0.643813     2.009216
2451959.323161 -3.799386 0.521739     2.186143
2451971.864497 -5.543229 0.399666     1.307356
2451984.405833 6.998107 0.277592    -0.037021
2451996.947169 5.254264 0.155519    -1.406687
2452009.488505 3.510421 0.033445    -2.291874
2452022.029841 1.766578 0.911372    -1.938816
2452034.571177 0.022735 0.789298    -0.065613
2452047.112513 -1.721108 0.667224     1.803451
2452059.653849 -3.464951 0.545151     2.254974
2452072.195185 -5.208794 0.423077     1.527345
2452084.736521 -6.952637 0.301004     0.235548
2452097.277857 5.588699 0.178930    -1.162673
2452109.819193 3.844856 0.056856    -2.192359
2452122.360529 2.101013 0.934783    -2.136557
2452134.901865 0.357170 0.812709    -0.493404
2452147.443201 -1.386673 0.690636     1.539096
2452159.984537 -3.130516 0.568562     2.280073
2452172.525873 -4.874359 0.446489     1.727259
2452185.067209 -6.618202 0.324415     0.504171
2452197.608545 5.923134 0.202341    -0.905995
2452210.149881 4.179291 0.080268    -2.053160
2452222.691217 2.435449 0.958194    -2.269478
2452235.232553 0.691606 0.836121    -0.904527
2452247.773889 -1.052237 0.714047     1.219961
2452260.315225 -2.796080 0.591973     2.256438
2452272.856561 -4.539923 0.469900     1.903239
2452285.397897 -6.283766 0.347826     0.766045
2452297.939234 6.257570 0.225753    -0.640388
2452310.480570 4.513727 0.103679    -1.880437
2452323.021906 2.769884 0.981606    -2.339350
2452335.563242 1.026041 0.859532    -1.282540
2452348.104578 -0.717802 0.737458     0.853478
2452360.645914 -2.461645 0.615385     2.179491
2452373.187250 -4.205488 0.493311     2.051072
2452385.728586 -5.949331 0.371238     1.018305
2452398.269922 6.592005 0.249164    -0.369240
2452410.811258 4.848162 0.127090    -1.679944
2452423.352594 3.104319 0.005017    -2.350185
2452435.893930 1.360476 0.882943    -1.613721
2452448.435266 -0.383367 0.760870     0.450827
2452460.976602 -2.127210 0.638796     2.045570
2452473.517938 -3.871053 0.516723     2.166193
2452486.059274 -5.614896 0.394649     1.257948
2452498.600610 6.926440 0.272575    -0.095674
2452511.141946 5.182597 0.150502    -1.456939
2452523.683282 3.438754 0.028428    -2.307424
2452536.224618 1.694911 0.906355    -1.888066
2452548.765954 -0.048932 0.784281     0.026534
2452561.307290 -1.792775 0.662207     1.852544
2452573.848626 -3.536618 0.540134     2.243732
2452586.389962 -5.280461 0.418060     1.481768
2452598.931298 -7.024304 0.295987     0.177375
2452611.472634 5.517032 0.173913    -1.216164
2452624.013970 3.773189 0.051840    -2.217241
2452636.555306 2.029346 0.929766    -2.099647
2452649.096642 0.285503 0.807692    -0.402540
2452661.637978 -1.458340 0.685619     1.600539
2452674.179314 -3.202183 0.563545     2.278630
2452686.720650 -4.946026 0.441472     1.686297
2452699.261986 -6.689869 0.319398     0.447079
2452711.803322 5.851467 0.197324    -0.961873
2452724.344658 4.107624 0.075251    -2.086017
2452736.885995 2.363781 0.953177    -2.246402
2452749.427331 0.619939 0.831104    -0.818686
2452761.968667 -1.123904 0.709030     1.292646
2452774.510003 -2.867747 0.586957     2.265845
2452787.051339 -4.611590 0.464883     1.867749
2452799.592675 -6.355433 0.342809     0.710638
2452812.134011 6.185903 0.220736    -0.697883
2452824.675347 4.442060 0.098662    -1.919977
2452837.216683 2.698217 0.976589    -2.329510
2452849.758019 0.954374 0.854515    -1.205061
2452862.299355 -0.789469 0.732441     0.935494
2452874.840691 -2.533312 0.610368     2.200671
2452887.382027 -4.277155 0.488294     2.021986
2452899.923363 -6.020998 0.366221     0.965205
2452912.464699 6.520338 0.244147    -0.427652
2452925.006035 4.776495 0.122074    -1.724974
2452937.547371 3.032652 1.000000    -2.352576
2452950.088707 1.288809 0.877926    -1.547257
2452962.630043 -0.455034 0.755853     0.539473
2452975.171379 -2.198877 0.633779     2.079201
2452987.712715 -3.942720 0.511706     2.144517
2453000.254051 -5.686563 0.389632     1.207813
2453012.795387 6.854773 0.267558    -0.154352
2453025.336723 5.110930 0.145485    -1.506377
2453037.878059 3.367087 0.023411    -2.320796
2453050.419395 1.623244 0.901338    -1.834419
2453062.960731 -0.120599 0.779264     0.118458
2453075.502067 -1.864442 0.657191     1.898918
2453088.043403 -3.608285 0.535117     2.230532
2453100.584739 -5.352128 0.413043     1.435307
2453113.126075 -7.095971 0.290970     0.119049
2453125.667411 5.445365 0.168896    -1.269036
2453138.208747 3.701522 0.046823    -2.240239
2453150.750083 1.957679 0.924749    -2.059748
2453163.291420 0.213836 0.802676    -0.311079
2453175.832756 -1.530007 0.680602     1.659403
2453188.374092 -3.273850 0.558528     2.274997
2453200.915428 -5.017693 0.436455     1.644277
2453213.456764 -6.761536 0.314381     0.389705
2453225.998100 5.779800 0.192308    -1.017306
2453238.539436 4.035957 0.070234    -2.117276
2453251.080772 2.292114 0.948160    -2.220394
2453263.622108 0.548271 0.826087    -0.731469
2453276.163444 -1.195572 0.704013     1.363055
2453288.704780 -2.939414 0.581940     2.272843
2453301.246116 -4.683257 0.459866     1.831009
2453313.787452 -6.427100 0.337793     0.654818
2453326.328788 6.114236 0.215719    -0.755092
2453338.870124 4.370393 0.093645    -1.958189
2453351.411460 2.626550 0.971572    -2.316908
2453363.952796 0.882707 0.849498    -1.125540
2453376.494132 -0.861136 0.727425     1.015712
2453389.035468 -2.604979 0.605351     2.219260
2453401.576804 -4.348822 0.483277     1.991445
2453414.118140 -6.092665 0.361204     0.911556
2453426.659476 6.448671 0.239130    -0.485923
2453439.200812 4.704828 0.117057    -1.768923
2453451.742148 2.960985 0.994983    -2.352445
2453464.283484 1.217142 0.872910    -1.478250
2453476.824820 -0.526701 0.750836     0.626962
2453489.366156 -2.270544 0.628762     2.110123
2453501.907492 -4.014387 0.506689     2.121166
2453514.448828 -5.758230 0.384615     1.156985
2453526.990164 6.783106 0.262542    -0.213025
2453539.531500 5.039263 0.140468    -1.554956
2453552.072836 3.295420 0.018394    -2.331928
2453564.614172 1.551577 0.896321    -1.777919
2453577.155508 -0.192266 0.774247     0.209986
2453589.696845 -1.936109 0.652174     1.942562
2453602.238181 -3.679952 0.530100     2.215424
2453614.779517 -5.423795 0.408027     1.387995
2453627.320853 7.117541 0.285953     0.060596
2453639.862189 5.373698 0.163879    -1.321249
2453652.403525 3.629855 0.041806    -2.261290
2453664.944861 1.886012 0.919732    -2.016866
2453677.486197 0.142169 0.797659    -0.219196
2453690.027533 -1.601674 0.675585     1.715644
2453702.568869 -3.345517 0.553511     2.269222
2453715.110205 -5.089360 0.431438     1.601237
2453727.651541 -6.833203 0.309364     0.332077
2453740.192877 5.708133 0.187291    -1.072259
2453752.734213 3.964290 0.065217    -2.146877
2453765.275549 2.220447 0.943144    -2.191432
2453777.816885 0.476604 0.821070    -0.643035
2453790.358221 -1.267239 0.698996     1.431109
2453802.899557 -3.011082 0.576923     2.277478
2453815.440893 -4.754925 0.454849     1.793064
2453827.982229 -6.498767 0.332776     0.598613
2453840.523565 6.042569 0.210702    -0.811983
2453853.064901 4.298726 0.088628    -1.995016
2453865.606237 2.554883 0.966555    -2.301499
2453878.147573 0.811040 0.844481    -1.044108
2453890.688909 -0.932803 0.722408     1.094015
2453903.230245 -2.676646 0.600334     2.235294
2453915.771581 -4.420489 0.478261     1.959494
2453928.312917 -6.164332 0.356187     0.857389
2453940.854253 6.377004 0.234113    -0.544024
2453953.395589 4.633161 0.112040    -1.811740
2453965.936925 2.889318 0.989966    -2.349736
2453978.478261 1.145475 0.867893    -1.406793
2453991.019597 -0.598368 0.745819     0.713144
2454003.560933 -2.342211 0.623745     2.138356
2454016.102270 -4.086054 0.501672     2.096186
2454028.643606 -5.829897 0.379598     1.105496
2454041.184942 6.711439 0.257525    -0.271666
2454053.726278 4.967596 0.135451    -1.602631
2454066.267614 3.223753 0.013378    -2.340756
2454078.808950 1.479910 0.891304    -1.718615
2454091.350286 -0.263933 0.769230     0.300948
2454103.891622 -2.007776 0.647157     1.983470
2454116.432958 -3.751619 0.525083     2.198458
2454128.974294 -5.495462 0.403010     1.339869
2454141.515630 7.045874 0.280936     0.002045
2454154.056966 5.302031 0.158862    -1.372762
2454166.598302 3.558188 0.036789    -2.280330
2454179.139638 1.814345 0.914715    -1.971015
2454191.680974 0.070502 0.792642    -0.127068
2454204.222310 -1.673341 0.670568     1.769228
2454216.763646 -3.417184 0.548495     2.261355
2454229.304982 -5.161027 0.426421     1.557214
2454241.846318 -6.904870 0.304347     0.274221
2454254.387654 5.636466 0.182274    -1.126696
2454266.928990 3.892623 0.060200    -2.174760
2454279.470326 2.148780 0.938127    -2.159498
2454292.011662 0.404937 0.816053    -0.553549
2454304.552998 -1.338906 0.693979     1.496735
2454317.094334 -3.082749 0.571906     2.279794
2454329.635670 -4.826592 0.449832     1.753954
2454342.177006 -6.570435 0.327759     0.542053
2454354.718342 5.970901 0.205685    -0.868523
2454367.259678 4.227059 0.083612    -2.030403
2454379.801014 2.483216 0.961538    -2.283244
2454392.342350 0.739373 0.839464    -0.960900
2454404.883686 -1.004470 0.717391     1.170294
2454417.425022 -2.748313 0.595317     2.248809
2454429.966358 -4.492156 0.473244     1.926180
2454442.507695 -6.235999 0.351170     0.802732
2454455.049031 6.305337 0.229097    -0.601924
2454467.590367 4.561494 0.107023    -1.853372
2454480.131703 2.817651 0.984949    -2.344396
2454492.673039 1.073808 0.862876    -1.332985
2454505.214375 -0.670035 0.740802     0.797876
2454517.755711 -2.413878 0.618729     2.163921
2454530.297047 -4.157721 0.496655     2.069628
2454542.838383 -5.901564 0.374581     1.053377
2454555.379719 6.639772 0.252508    -0.330245
2454567.921055 4.895929 0.130434    -1.649354
2454580.462391 3.152086 0.008361    -2.347220
2454593.003727 1.408243 0.886287    -1.656567
2454605.545063 -0.335600 0.764214     0.391177
2454618.086399 -2.079443 0.642140     2.021643
2454630.627735 -3.823286 0.520066     2.179685
2454643.169071 -5.567129 0.397993     1.290962
2454655.710407 6.974207 0.275919    -0.056576
2454668.251743 5.230364 0.153846    -1.423533
2454680.793079 3.486521 0.031772    -2.297298
2454693.334415 1.742678 0.909698    -1.922215
2454705.875751 -0.001165 0.787625    -0.034869
2454718.417087 -1.745008 0.665551     1.820124
2454730.958423 -3.488851 0.543478     2.251446
2454743.499759 -5.232694 0.421404     1.512247
2454756.041095 -6.976537 0.299331     0.216167
2454768.582431 5.564799 0.177257    -1.180578
2454781.123767 3.820956 0.055183    -2.200863
2454793.665103 2.077113 0.933110    -2.124580
2454806.206439 0.333270 0.811036    -0.463179
2454818.747775 -1.410573 0.688963     1.559870
2454831.289111 -3.154416 0.566889     2.279838
2454843.830447 -4.898259 0.444815     1.713719
2454856.371783 -6.642102 0.322742     0.485165
2454868.913120 5.899234 0.200668    -0.924677
2454881.454456 4.155391 0.078595    -2.064291
2454893.995792 2.411548 0.956521    -2.262106
2454906.537128 0.667706 0.834448    -0.876063
2454919.078464 -1.076137 0.712374     1.244448
2454931.619800 -2.819980 0.590300     2.259845
2454944.161136 -4.563823 0.468227     1.891545
2454956.702472 -6.307666 0.346153     0.747615
2454969.243808 6.233670 0.224080    -0.659591
2454981.785144 4.489827 0.102006    -1.893767
2454994.326480 2.745984 0.979932    -2.336373
2455006.867816 1.002141 0.857859    -1.256936
2455019.409152 -0.741702 0.735785     0.881021
2455031.950488 -2.485545 0.613712     2.186844
2455044.491824 -4.229388 0.491638     2.041537
2455057.033160 -5.973231 0.369565     1.000659
2455069.574496 6.568105 0.247491    -0.388733
2455082.115832 4.824262 0.125417    -1.695078
2455094.657168 3.080419 0.003344    -2.351259
2455107.198504 1.336576 0.881270    -1.591844
2455119.739840 -0.407267 0.759197     0.480509
2455132.281176 -2.151110 0.637123     2.057087
2455144.822512 -3.894953 0.515049     2.159154
2455157.363848 -5.638796 0.392976     1.241307
2455169.905184 6.902540 0.270902    -0.115241
2455182.446520 5.158697 0.148829    -1.473519
2455194.987856 3.414854 0.026755    -2.312129
2455207.529192 1.671011 0.904682    -1.870495
2455220.070528 -0.072832 0.782608     0.057222
2455232.611864 -1.816675 0.660534     1.868312
2455245.153200 -3.560518 0.538461     2.239545
2455257.694536 -5.304361 0.416387     1.466371
2455270.235872 -7.048204 0.294314     0.157940
2455282.777208 5.493132 0.172240    -1.233867
2455295.318545 3.749289 0.050166    -2.225123
2455307.859881 2.005446 0.928093    -2.086673
2455320.401217 0.261603 0.806019    -0.372097
2455332.942553 -1.482240 0.683946     1.620458
2455345.483889 -3.226083 0.561872     2.277660
2455358.025225 -4.969926 0.439799     1.672400
2455370.566561 -6.713769 0.317725     0.427976
2455383.107897 5.827567 0.195651    -0.980410
2455395.649233 4.083724 0.073578    -2.096621
2455408.190569 2.339881 0.951504    -2.238056
2455420.731905 0.596038 0.829431    -0.789745
2455433.273241 -1.147805 0.707357     1.316384
2455445.814577 -2.891647 0.585283     2.268444
2455458.355913 -4.635490 0.463210     1.855633
2455470.897249 -6.379333 0.341136     0.692067
2455483.438585 6.162003 0.219063    -0.716995
2455495.979921 4.418160 0.096989    -1.932870
2455508.521257 2.674317 0.974916    -2.325617
2455521.062593 0.930474 0.852842    -1.178763
2455533.603929 -0.813369 0.730768     0.962451
2455546.145265 -2.557212 0.608695     2.207156
2455558.686601 -4.301055 0.486621     2.011960
2455571.227937 -6.044898 0.364548     0.947373
2455583.769273 6.496438 0.242474    -0.447102
2455596.310609 4.752595 0.120401    -1.739753
2455608.851945 3.008752 0.998327    -2.352815
2455621.393281 1.264909 0.876253    -1.524522
2455633.934617 -0.478934 0.754180     0.568786
2455646.475953 -2.222777 0.632106     2.089813
2455659.017289 -3.966620 0.510033     2.136914
2455671.558625 -5.710463 0.387959     1.190938
2455684.099961 6.830873 0.265885    -0.173920
2455696.641297 5.087030 0.143812    -1.522675
2455709.182633 3.343187 0.021738    -2.324761
2455721.723970 1.599344 0.899665    -1.815892
2455734.265306 -0.144499 0.777591     0.149034
2455746.806642 -1.888342 0.655518     1.913777
2455759.347978 -3.632185 0.533444     2.225703
2455771.889314 -5.376028 0.411370     1.419621
2455784.430650 -7.119871 0.289297     0.099568
2455796.971986 5.421465 0.167223    -1.286524
2455809.513322 3.677622 0.045150    -2.247479
2455822.054658 1.933779 0.923076    -2.045779
2455834.595994 0.189936 0.801002    -0.280476
2455847.137330 -1.553907 0.678929     1.678452
2455859.678666 -3.297750 0.556855     2.273306
2455872.220002 -5.041593 0.434782     1.630035
2455884.761338 -6.785436 0.312708     0.370514
2455897.302674 5.755900 0.190635    -1.035687
2455909.844010 4.012057 0.068561    -2.127334
2455922.385346 2.268214 0.946487    -2.211065
2455934.926682 0.524371 0.824414    -0.702104
2455947.468018 -1.219472 0.702340     1.386016
2455960.009354 -2.963315 0.580267     2.274649
2455972.550690 -4.707158 0.458193     1.818487
2455985.092026 -6.451000 0.336119     0.636116
2455997.633362 6.090336 0.214046    -0.774102
2456010.174698 4.346493 0.091972    -1.970627
2456022.716034 2.602650 0.969899    -2.312083
2456035.257370 0.858807 0.847825    -1.098589
2456047.798706 -0.885036 0.725752     1.042043
2456060.340042 -2.628879 0.603678     2.224889
2456072.881378 -4.372722 0.481604     1.980944
2456085.422714 -6.116565 0.359531     0.893548
2456097.964050 6.424771 0.237457    -0.505319
2456110.505386 4.680928 0.115384    -1.783330
2456123.046722 2.937085 0.993310    -2.351831
2456135.588058 1.193242 0.871236    -1.454688
2456148.129394 -0.550601 0.749163     0.655855
2456160.670731 -2.294444 0.627089     2.119836
2456173.212067 -4.038287 0.505016     2.113014
2456185.753403 -5.782130 0.382942     1.139886
2456198.294739 6.759206 0.260869    -0.232586
2456210.836075 5.015363 0.138795    -1.570958
2456223.377411 3.271520 0.016721    -2.335131
2456235.918747 1.527677 0.894648    -1.758450
2456248.460083 -0.216166 0.772574     0.240392
2456261.001419 -1.960009 0.650501     1.956508
2456273.542755 -3.703852 0.528427     2.209970
2456286.084091 -5.447695 0.406353     1.372035
2456298.625427 7.093641 0.284280     0.041080
2456311.166763 5.349798 0.162206    -1.338508
2456323.708099 3.605955 0.040133    -2.267866
2456336.249435 1.862112 0.918059    -2.001905
2456348.790771 0.118269 0.795986    -0.188491
2456361.332107 -1.625574 0.673912     1.733811
2456373.873443 -3.369417 0.551838     2.266828
2456386.414779 -5.113260 0.429765     1.586663
2456398.956115 -6.857103 0.307691     0.312807
2456411.497451 5.684233 0.185618    -1.090473
2456424.038787 3.940390 0.063544    -2.156370
2456436.580123 2.196547 0.941470    -2.181113
2456449.121459 0.452704 0.819397    -0.613301
2456461.662795 -1.291139 0.697323     1.453267
2456474.204131 -3.034982 0.575250     2.278505
2456486.745467 -4.778825 0.453176     1.780149
2456499.286803 -6.522668 0.331103     0.579790
2456511.828139 6.018669 0.209029    -0.830879
2456524.369475 4.274826 0.086955    -2.006980
2456536.910811 2.530983 0.964882    -2.295729
2456549.452147 0.787140 0.842808    -1.016549
2456561.993483 -0.956703 0.720735     1.119683
2456574.534819 -2.700546 0.598661     2.240079
2456587.076156 -4.444389 0.476587     1.948534
2456599.617492 -6.188232 0.354514     0.839214
2456612.158828 6.353104 0.232440    -0.563357
2456624.700164 4.609261 0.110367    -1.825758
2456637.241500 2.865418 0.988293    -2.348251
2456649.782836 1.121575 0.866220    -1.382435
2456662.324172 -0.622268 0.744146     0.741569
2456674.865508 -2.366111 0.622072     2.147176
2456687.406844 -4.109954 0.499999     2.087503
2456699.948180 -5.853797 0.377925     1.088184
2456712.489516 6.687539 0.255852    -0.291209
2456725.030852 4.943696 0.133778    -1.618320
2456737.572188 3.199853 0.011705    -2.343177
2456750.113524 1.456010 0.889631    -1.698225
2456762.654860 -0.287833 0.767557     0.331128
2456775.196196 -2.031676 0.645484     1.996504
2456787.737532 -3.775519 0.523410     2.192396
2456800.278868 -5.519362 0.401337     1.323644
2456812.820204 7.021974 0.279263    -0.017498
2456825.361540 5.278131 0.157189    -1.389778
2456837.902876 3.534288 0.035116    -2.286222
2456850.444212 1.790445 0.913042    -1.955068
2456862.985548 0.046602 0.790969    -0.096320
2456875.526884 -1.697241 0.668895     1.786501
2456888.068220 -3.441084 0.546822     2.258274
2456900.609556 -5.184927 0.424748     1.542321
2456913.150892 -6.928770 0.302674     0.254882
2456925.692228 5.612566 0.180601    -1.144729
2456938.233564 3.868723 0.058527    -2.183666
2456950.774900 2.124880 0.936454    -2.148185
2456963.316236 0.381037 0.814380    -0.523502
2456975.857572 -1.362806 0.692306     1.518069
2456988.398908 -3.106649 0.570233     2.280058
2457000.940244 -4.850492 0.448159     1.740659
2457013.481581 -6.594335 0.326086     0.523117
2457026.022917 5.947001 0.204012    -0.887294
2457038.564253 4.203158 0.081939    -2.041874
2457051.105589 2.459316 0.959865    -2.276517
2457063.646925 0.715473 0.837791    -0.932782
2457076.188261 -1.028370 0.715718     1.195265
2457088.729597 -2.772213 0.593644     2.252763
2457101.270933 -4.516056 0.471571     1.914774
2457113.812269 -6.259899 0.349497     0.784401
2457126.353605 6.281437 0.227423    -0.621183
2457138.894941 4.537594 0.105350    -1.866983
2457151.436277 2.793751 0.983276    -2.342021
2457163.977613 1.049908 0.861203    -1.307867
2457176.518949 -0.693935 0.739129     0.825787
2457189.060285 -2.437778 0.617056     2.171858
2457201.601621 -4.181621 0.494982     2.060428
2457214.142957 -5.925464 0.372908     1.035862
2457226.684293 6.615872 0.250835    -0.349762
2457239.225629 4.872029 0.128761    -1.664716
2457251.766965 3.128186 0.006688    -2.348839
2457264.308301 1.384343 0.884614    -1.635277
2457276.849637 -0.359500 0.762540     0.421075
2457289.390973 -2.103343 0.640467     2.033766
2457301.932309 -3.847186 0.518393     2.173031
2457314.473645 -5.591029 0.396320     1.274484
2457327.014981 6.950307 0.274246    -0.076137
2457339.556317 5.206464 0.152173    -1.440292
2457352.097653 3.462621 0.030099    -2.302484
2457364.638989 1.718778 0.908025    -1.905290
2457377.180325 -0.025065 0.785952    -0.004138
2457389.721661 -1.768908 0.663878     1.836496
2457402.262997 -3.512751 0.541805     2.247696
2457414.804333 -5.256594 0.419731     1.497047
2457427.345669 -7.000437 0.297657     0.196767
2457439.887006 5.540899 0.175584    -1.198417
2457452.428342 3.797056 0.053510    -2.209161
2457464.969678 2.053213 0.931437    -2.112271
2457477.511014 0.309370 0.809363    -0.432875
2457490.052350 -1.434473 0.687290     1.580361
2457502.593686 -3.178316 0.565216     2.279356
2457515.135022 -4.922159 0.443142     1.700058
2457527.676358 -6.666002 0.321069     0.466125
2457540.217694 5.875334 0.198995    -0.943311
2457552.759030 4.131491 0.076922    -2.075249
2457565.300366 2.387648 0.954848    -2.254411
2457577.841702 0.643805 0.832774    -0.847434
2457590.383038 -1.100037 0.710701     1.268689
2457602.924374 -2.843880 0.588627     2.262982
2457615.465710 -4.587723 0.466554     1.879709
2457628.007046 -6.331566 0.344480     0.729137
2457640.548382 6.209770 0.222407    -0.678766
2457653.089718 4.465927 0.100333    -1.906954
2457665.631054 2.722084 0.978259    -2.333092
2457678.172390 0.978241 0.856186    -1.231096
2457690.713726 -0.765602 0.734112     0.908374
2457703.255062 -2.509445 0.612039     2.193907
2457715.796398 -4.253288 0.489965     2.031836
2457728.337734 -5.997131 0.367891     0.982951
2457740.879070 6.544205 0.245818    -0.408213
2457753.420406 4.800362 0.123744    -1.710096
2457765.961742 3.056519 0.001671    -2.352057
2457778.503078 1.312676 0.879597    -1.569678
2457791.044414 -0.431167 0.757524     0.510073
2457803.585750 -2.175010 0.635450     2.068302
2457816.127086 -3.918853 0.513376     2.151924
2457828.668422 -5.662696 0.391303     1.224588
2457841.209758 6.878640 0.269229    -0.134810
2457853.751094 5.134797 0.147156    -1.490006
2457866.292431 3.390954 0.025082    -2.316589
2457878.833767 1.647111 0.903008    -1.852604
2457891.375103 -0.096732 0.780935     0.087880
2457903.916439 -1.840575 0.658861     1.883777
2457916.457775 -3.584418 0.536788     2.235142
2457928.999111 -5.328261 0.414714     1.450876
2457941.540447 -7.072104 0.292641     0.138488
2457954.081783 5.469232 0.170567    -1.251500
2457966.623119 3.725389 0.048493    -2.232793
2457979.164455 1.981546 0.926420    -2.073367
2457991.705791 0.237703 0.804346    -0.341593
2458004.247127 -1.506140 0.682273     1.640089
2458016.788463 -3.249983 0.560199     2.276447
2458029.329799 -4.993826 0.438126     1.658386
2458041.871135 -6.737669 0.316052     0.408842
2458054.412471 5.803667 0.193978    -0.998897
2458066.953807 4.059824 0.071905    -2.107047
2458079.495143 2.315981 0.949831    -2.229383
2458092.036479 0.572138 0.827758    -0.760657
2458104.577815 -1.171705 0.705684     1.339865
2458117.119151 -2.915548 0.583610     2.270777
2458129.660487 -4.659390 0.461537     1.843381
2458142.201823 -6.403233 0.339463     0.673451
2458154.743159 6.138103 0.217390    -0.736074
2458167.284495 4.394260 0.095316    -1.945614
2458179.825831 2.650417 0.973243    -2.321414
2458192.367167 0.906574 0.851169    -1.152242
2458204.908503 -0.837269 0.729095     0.989204
2458217.449839 -2.581112 0.607022     2.213355
2458229.991175 -4.324955 0.484948     2.001774
2458242.532511 -6.068798 0.362875     0.929482
2458255.073847 6.472538 0.240801    -0.466535
2458267.615183 4.728695 0.118727    -1.754410
2458280.156519 2.984852 0.996654    -2.352772
2458292.697856 1.241009 0.874580    -1.501508
2458305.239192 -0.502834 0.752507     0.597964
2458317.780528 -2.246677 0.630433     2.100125
2458330.321864 -3.990520 0.508360     2.129125
2458342.863200 -5.734363 0.386286     1.173987
2458355.404536 6.806973 0.264212    -0.193488
2458367.945872 5.063130 0.142139    -1.538876
2458380.487208 3.319287 0.020065    -2.328473
2458393.028544 1.575444 0.897992    -1.797049
2458405.569880 -0.168399 0.775918     0.179559
2458418.111216 -1.912242 0.653844     1.928331
2458430.652552 -3.656085 0.531771     2.220664
2458443.193888 -5.399928 0.409697     1.403843
2458455.735224 7.141408 0.287624     0.080075
2458468.276560 5.397565 0.165550    -1.303937
2458480.817896 3.653722 0.043477    -2.254499
2458493.359232 1.909879 0.921403    -2.031478
2458505.900568 0.166036 0.799329    -0.249832
2458518.441904 -1.577807 0.677256     1.697208
2458530.983240 -3.321650 0.555182     2.271380
2458543.524576 -5.065493 0.433109     1.615681
2458556.065912 -6.809336 0.311035     0.351295
2458568.607248 5.732000 0.188961    -1.054014
2458581.148584 3.988157 0.066888    -2.137207
2458593.689920 2.244314 0.944814    -2.201407
2458606.231256 0.500471 0.822741    -0.672611
2458618.772592 -1.243372 0.700667     1.408711
2458631.313928 -2.987215 0.578594     2.276194
2458643.855264 -4.731058 0.456520     1.805832
2458656.396600 -6.474901 0.334446     0.617372
2458668.937936 6.066436 0.212373    -0.793075
2458681.479272 4.322593 0.090299    -1.982909
2458694.020608 2.578750 0.968226    -2.306945
2458706.561944 0.834907 0.846152    -1.071431
2458719.103281 -0.908936 0.724078     1.068158
2458731.644617 -2.652779 0.602005     2.230236
2458744.185953 -4.396622 0.479931     1.970288
2458756.727289 -6.140465 0.357858     0.875484
2458769.268625 6.400871 0.235784    -0.524696
2458781.809961 4.657028 0.113711    -1.797610
2458794.351297 2.913185 0.991637    -2.350928
2458806.892633 1.169342 0.869563    -1.430856
2458819.433969 -0.574501 0.747490     0.684597
2458831.975305 -2.318344 0.625416     2.129251
2458844.516641 -4.062187 0.503343     2.104683
2458857.057977 -5.806030 0.381269     1.122715
2458869.599313 6.735306 0.259195    -0.252142
2458882.140649 4.991463 0.137122    -1.586857
2458894.681985 3.247620 0.015048    -2.338075
2458907.223321 1.503777 0.892975    -1.738672
2458919.764657 -0.240066 0.770901     0.270729
2458932.305993 -1.983909 0.648828     1.970150
2458944.847329 -3.727752 0.526754     2.204311
2458957.388665 -5.471595 0.404680     1.355985
2458969.930001 7.069741 0.282607     0.021554
2458982.471337 5.325898 0.160533    -1.355687
2458995.012673 3.582055 0.038460    -2.274217
2459007.554009 1.838212 0.916386    -1.986614
2459020.095345 0.094369 0.794312    -0.157765
2459032.636681 -1.649474 0.672239     1.751680
2459045.178017 -3.393317 0.550165     2.264204
2459057.719353 -5.137160 0.428092     1.571982
2459070.260689 -6.881003 0.306018     0.293512
2459082.802025 5.660333 0.183945    -1.108627
2459095.343361 3.916490 0.061871    -2.165669
2459107.884697 2.172647 0.939797    -2.170464
2459120.426033 0.428804 0.817724    -0.583457
2459132.967369 -1.315039 0.695650     1.475153
2459145.508706 -3.058882 0.573577     2.279277
2459158.050042 -4.802725 0.451503     1.767105
2459170.591378 -6.546568 0.329430     0.560927
2459183.132714 5.994768 0.207356    -0.849735
2459195.674050 4.250926 0.085282    -2.018782
2459208.215386 2.507083 0.963209    -2.289642
2459220.756722 0.763240 0.841135    -0.988799
2459233.298058 -0.980603 0.719062     1.145123
2459245.839394 -2.724446 0.596988     2.244585
2459258.380730 -4.468289 0.474914     1.937423
2459270.922066 -6.212132 0.352841     0.820987
2459283.463402 6.329204 0.230767    -0.582666
2459296.004738 4.585361 0.108694    -1.839642
2459308.546074 2.841518 0.986620    -2.346470
2459321.087410 1.097675 0.864547    -1.357820
2459333.628746 -0.646168 0.742473     0.769827
2459346.170082 -2.390011 0.620399     2.155702
2459358.711418 -4.133854 0.498326     2.078645
2459371.252754 -5.877697 0.376252     1.070802
2459383.794090 6.663639 0.254179    -0.310745
2459396.335426 4.919796 0.132105    -1.633903
2459408.876762 3.175953 0.010031    -2.345333
2459421.418098 1.432110 0.887958    -1.677531
2459433.959434 -0.311733 0.765884     0.361220
2459446.500770 -2.055576 0.643811     2.009234
2459459.042106 -3.799419 0.521737     2.186134
2459471.583442 -5.543262 0.399664     1.307334
2459484.124778 6.998074 0.277590    -0.037048
2459496.666114 5.254231 0.155516    -1.406710
2459509.207450 3.510388 0.033443    -2.291881
2459521.748786 1.766545 0.911369    -1.938793
2459534.290122 0.022702 0.789296    -0.065571
2459546.831458 -1.721141 0.667222     1.803474
2459559.372794 -3.464984 0.545148     2.254969
2459571.914130 -5.208827 0.423075     1.527325
2459584.455467 -6.952670 0.301001     0.235521
2459596.996803 5.588666 0.178928    -1.162698
2459609.538139 3.844823 0.056854    -2.192371
2459622.079475 2.100980 0.934781    -2.136540
2459634.620811 0.357137 0.812707    -0.493362
2459647.162147 -1.386706 0.690633     1.539124
2459659.703483 -3.130549 0.568560     2.280073
2459672.244819 -4.874392 0.446486     1.727241
2459684.786155 -6.618235 0.324413     0.504145
2459697.327491 5.923101 0.202339    -0.906021
2459709.868827 4.179258 0.080265    -2.053176
2459722.410163 2.435415 0.958192    -2.269468
2459734.951499 0.691573 0.836118    -0.904488
2459747.492835 -1.052270 0.714045     1.219995
2459760.034171 -2.796113 0.591971     2.256443
2459772.575507 -4.539956 0.469898     1.903223
2459785.116843 -6.283799 0.347824     0.766020
2459797.658179 6.257537 0.225750    -0.640414
2459810.199515 4.513694 0.103677    -1.880455
2459822.740851 2.769851 0.981603    -2.339346
2459835.282187 1.026008 0.859530    -1.282504
2459847.823523 -0.717835 0.737456     0.853516
2459860.364859 -2.461678 0.615382     2.179502
2459872.906195 -4.205521 0.493309     2.051059
2459885.447531 -5.949364 0.371235     1.018281
2459897.988867 6.591972 0.249162    -0.369267
2459910.530203 4.848129 0.127088    -1.679965
2459923.071539 3.104286 0.005015    -2.350187
2459935.612875 1.360443 0.882941    -1.613691
2459948.154211 -0.383400 0.760867     0.450868
2459960.695547 -2.127243 0.638794     2.045586
2459973.236883 -3.871086 0.516720     2.166183
2459985.778219 -5.614929 0.394647     1.257925
2459998.319555 6.926407 0.272573    -0.095701
2460010.860892 5.182564 0.150499    -1.456962
2460023.402228 3.438721 0.028426    -2.307431
2460035.943564 1.694878 0.906352    -1.888042
2460048.484900 -0.048965 0.784279     0.026576
2460061.026236 -1.792808 0.662205     1.852566
2460073.567572 -3.536651 0.540132     2.243726
2460086.108908 -5.280494 0.418058     1.481747
2460098.650244 -7.024337 0.295984     0.177348
2460111.191580 5.516999 0.173911    -1.216189
2460123.732916 3.773156 0.051837    -2.217252
2460136.274252 2.029313 0.929764    -2.099629
2460148.815588 0.285470 0.807690    -0.402498
2460161.356924 -1.458373 0.685616     1.600567
2460173.898260 -3.202216 0.563543     2.278629
2460186.439596 -4.946059 0.441469     1.686278
2460198.980932 -6.689902 0.319396     0.447053
2460211.522268 5.851434 0.197322    -0.961898
2460224.063604 4.107591 0.075249    -2.086031
2460236.604940 2.363748 0.953175    -2.246391
2460249.146276 0.619905 0.831101    -0.818646
2460261.687612 -1.123938 0.709028     1.292679
2460274.228948 -2.867780 0.586954     2.265849
2460286.770284 -4.611623 0.464881     1.867732
2460299.311620 -6.355466 0.342807     0.710612
2460311.852956 6.185870 0.220733    -0.697909
2460324.394292 4.442027 0.098660    -1.919995
2460336.935628 2.698184 0.976586    -2.329505
2460349.476964 0.954341 0.854513    -1.205025
2460362.018300 -0.789502 0.732439     0.935531
2460374.559636 -2.533345 0.610366     2.200680
2460387.100972 -4.277188 0.488292     2.021972
2460399.642308 -6.021031 0.366218     0.965180
2460412.183644 6.520305 0.244145    -0.427679
2460424.724980 4.776462 0.122071    -1.724995
2460437.266317 3.032619 0.999998    -2.352576
2460449.807653 1.288776 0.877924    -1.547226
2460462.348989 -0.455067 0.755851     0.539514
2460474.890325 -2.198910 0.633777     2.079215
2460487.431661 -3.942753 0.511703     2.144507
2460499.972997 -5.686596 0.389630     1.207790
2460512.514333 6.854740 0.267556    -0.154379
2460525.055669 5.110897 0.145483    -1.506400
2460537.597005 3.367054 0.023409    -2.320802
2460550.138341 1.623211 0.901335    -1.834394
2460562.679677 -0.120632 0.779262     0.118500
2460575.221013 -1.864475 0.657188     1.898939
2460587.762349 -3.608318 0.535115     2.230525
2460600.303685 -5.352161 0.413041     1.435285
2460612.845021 -7.096004 0.290968     0.119022
2460625.386357 5.445332 0.168894    -1.269061
2460637.927693 3.701489 0.046820    -2.240249
2460650.469029 1.957646 0.924747    -2.059729
2460663.010365 0.213803 0.802673    -0.311037
2460675.551701 -1.530040 0.680600     1.659429
2460688.093037 -3.273883 0.558526     2.274995
2460700.634373 -5.017726 0.436452     1.644257
2460713.175709 -6.761569 0.314379     0.389679
2460725.717045 5.779767 0.192305    -1.017331
2460738.258381 4.035924 0.070232    -2.117290
2460750.799717 2.292081 0.948158    -2.220382
2460763.341053 0.548238 0.826085    -0.731428
2460775.882389 -1.195605 0.704011     1.363087
2460788.423725 -2.939448 0.581937     2.272846
2460800.965061 -4.683291 0.459864     1.830992
2460813.506397 -6.427133 0.337790     0.654792
2460826.047733 6.114203 0.215717    -0.755119
2460838.589069 4.370360 0.093643    -1.958206
2460851.130405 2.626517 0.971569    -2.316901
2460863.671742 0.882674 0.849496    -1.125503
2460876.213078 -0.861169 0.727422     1.015748
2460888.754414 -2.605012 0.605349     2.219268
2460901.295750 -4.348855 0.483275     1.991430
2460913.837086 -6.092698 0.361202     0.911531
2460926.378422 6.448638 0.239128    -0.485950
2460938.919758 4.704795 0.117054    -1.768943
2460951.461094 2.960952 0.994981    -2.352444
2460964.002430 1.217109 0.872907    -1.478218
2460976.543766 -0.526734 0.750834     0.627002
2460989.085102 -2.270577 0.628760     2.110137
2461001.626438 -4.014420 0.506686     2.121154
2461014.167774 -5.758263 0.384613     1.156962
2461026.709110 6.783073 0.262539    -0.213052
2461039.250446 5.039230 0.140466    -1.554978
2461051.791782 3.295387 0.018392    -2.331932
2461064.333118 1.551544 0.896319    -1.777892
2461076.874454 -0.192299 0.774245     0.210028
2461089.415790 -1.936142 0.652171     1.942581
2461101.957126 -3.679985 0.530098     2.215416
2461114.498462 -5.423828 0.408024     1.387973
2461127.039798 7.117508 0.285951     0.060569
2461139.581134 5.373665 0.163877    -1.321273
2461152.122470 3.629822 0.041803    -2.261299
2461164.663806 1.885979 0.919730    -2.016846
2461177.205142 0.142136 0.797656    -0.219154
2461189.746478 -1.601707 0.675583     1.715670
2461202.287814 -3.345550 0.553509     2.269219
2461214.829150 -5.089393 0.431436     1.601217
2461227.370486 -6.833236 0.309362     0.332050
2461239.911822 5.708100 0.187288    -1.072285
2461252.453158 3.964257 0.065215    -2.146890
2461264.994494 2.220414 0.943141    -2.191418
2461277.535830 0.476571 0.821068    -0.642994
2461290.077167 -1.267272 0.698994     1.431140
2461302.618503 -3.011115 0.576920     2.277479
2461315.159839 -4.754958 0.454847     1.793046
2461327.701175 -6.498801 0.332773     0.598587
2461340.242511 6.042536 0.210700    -0.812010
2461352.783847 4.298693 0.088626    -1.995033
2461365.325183 2.554850 0.966553    -2.301491
2461377.866519 0.811007 0.844479    -1.044070
2461390.407855 -0.932836 0.722405     1.094051
2461402.949191 -2.676679 0.600332     2.235301
2461415.490527 -4.420522 0.478258     1.959479
2461428.031863 -6.164365 0.356185     0.857364
2461440.573199 6.376971 0.234111    -0.544051
2461453.114535 4.633128 0.112037    -1.811759
2461465.655871 2.889285 0.989964    -2.349735
2461478.197207 1.145442 0.867890    -1.406759
2461490.738543 -0.598401 0.745817     0.713183
2461503.279879 -2.342244 0.623743     2.138368
2461515.821215 -4.086087 0.501670     2.096175
2461528.362551 -5.829930 0.379596     1.105472
2461540.903887 6.711406 0.257522    -0.271693
2461553.445223 4.967563 0.135449    -1.602653
2461565.986559 3.223720 0.013375    -2.340759
2461578.527895 1.479877 0.891302    -1.718587
2461591.069231 -0.263966 0.769228     0.300990
2461603.610567 -2.007809 0.647155     1.983488
2461616.151903 -3.751652 0.525081     2.198450
2461628.693239 -5.495495 0.403007     1.339847
2461641.234575 7.045841 0.280934     0.002018
2461653.775911 5.301998 0.158860    -1.372786
2461666.317247 3.558155 0.036787    -2.280339
2461678.858583 1.814312 0.914713    -1.970993
2461691.399919 0.070469 0.792639    -0.127025
2461703.941255 -1.673374 0.670566     1.769252
2461716.482592 -3.417217 0.548492     2.261350
2461729.023928 -5.161060 0.426419     1.557194
2461741.565264 -6.904903 0.304345     0.274195
2461754.106600 5.636433 0.182272    -1.126721
2461766.647936 3.892590 0.060198    -2.174772
2461779.189272 2.148747 0.938124    -2.159482
2461791.730608 0.404904 0.816051    -0.553508
2461804.271944 -1.338939 0.693977     1.496764
2461816.813280 -3.082782 0.571904     2.279794
2461829.354616 -4.826625 0.449830     1.753936
2461841.895952 -6.570468 0.327756     0.542027
2461854.437288 5.970868 0.205683    -0.868549
2461866.978624 4.227025 0.083609    -2.030419
2461879.519960 2.483183 0.961536    -2.283235
2461892.061296 0.739340 0.839462    -0.960862
2461904.602632 -1.004503 0.717389     1.170329
2461917.143968 -2.748346 0.595315     2.248815
2461929.685304 -4.492189 0.473241     1.926164
2461942.226640 -6.236032 0.351168     0.802707
2461954.767976 6.305304 0.229094    -0.601951
2461967.309312 4.561461 0.107021    -1.853391
2461979.850648 2.817618 0.984947    -2.344393
2461992.391984 1.073775 0.862873    -1.332951
2462004.933320 -0.670068 0.740800     0.797914
2462017.474656 -2.413911 0.618726     2.163932
2462030.015992 -4.157754 0.496653     2.069615
2462042.557328 -5.901597 0.374579     1.053353
2462055.098664 6.639739 0.252506    -0.330272
2462067.640000 4.895896 0.130432    -1.649375
2462080.181336 3.152053 0.008358    -2.347222
2462092.722672 1.408210 0.886285    -1.656538
2462105.264008 -0.335633 0.764211     0.391218
2462117.805344 -2.079476 0.642138     2.021660
2462130.346680 -3.823319 0.520064     2.179676
2462142.888017 -5.567162 0.397990     1.290939
2462155.429353 6.974174 0.275917    -0.056603
2462167.970689 5.230331 0.153843    -1.423556
2462180.512025 3.486488 0.031770    -2.297305
2462193.053361 1.742645 0.909696    -1.922192
2462205.594697 -0.001198 0.787623    -0.034827
2462218.136033 -1.745041 0.665549     1.820147
2462230.677369 -3.488884 0.543475     2.251441
2462243.218705 -5.232727 0.421402     1.512226
2462255.760041 -6.976570 0.299328     0.216140
2462268.301377 5.564766 0.177255    -1.180603
2462280.842713 3.820923 0.055181    -2.200874
2462293.384049 2.077080 0.933107    -2.124563
2462305.925385 0.333237 0.811034    -0.463137
2462318.466721 -1.410606 0.688960     1.559898
2462331.008057 -3.154449 0.566887     2.279838
2462343.549393 -4.898292 0.444813     1.713700
2462356.090729 -6.642135 0.322740     0.485138
2462368.632065 5.899201 0.200666    -0.924702
2462381.173401 4.155358 0.078592    -2.064306
2462393.714737 2.411515 0.956519    -2.262096
2462406.256073 0.667672 0.834445    -0.876023
2462418.797409 -1.076170 0.712372     1.244482
2462431.338745 -2.820013 0.590298     2.259850
2462443.880081 -4.563856 0.468224     1.891529
2462456.421417 -6.307699 0.346151     0.747590
2462468.962753 6.233637 0.224077    -0.659618
2462481.504089 4.489794 0.102004    -1.893785
2462494.045425 2.745951 0.979930    -2.336368
2462506.586761 1.002108 0.857857    -1.256901
2462519.128097 -0.741735 0.735783     0.881059
2462531.669433 -2.485578 0.613709     2.186854
2462544.210769 -4.229421 0.491636     2.041523
2462556.752105 -5.973264 0.369562     1.000635
2462569.293442 6.568072 0.247489    -0.388760
2462581.834778 4.824229 0.125415    -1.695099
2462594.376114 3.080386 0.003341    -2.351260
2462606.917450 1.336543 0.881268    -1.591814
2462619.458786 -0.407300 0.759194     0.480550
2462632.000122 -2.151143 0.637121     2.057103
2462644.541458 -3.894986 0.515047     2.159144
2462657.082794 -5.638829 0.392974     1.241284
2462669.624130 6.902507 0.270900    -0.115268
2462682.165466 5.158664 0.148826    -1.473541
2462694.706802 3.414821 0.026753    -2.312135
2462707.248138 1.670978 0.904679    -1.870471
2462719.789474 -0.072865 0.782606     0.057265
2462732.330810 -1.816708 0.660532     1.868334
2462744.872146 -3.560551 0.538459     2.239539
2462757.413482 -5.304394 0.416385     1.466349
2462769.954818 -7.048237 0.294311     0.157913
2462782.496154 5.493099 0.172238    -1.233892
2462795.037490 3.749256 0.050164    -2.225134
2462807.578826 2.005413 0.928091    -2.086655
2462820.120162 0.261570 0.806017    -0.372055
2462832.661498 -1.482273 0.683943     1.620486
2462845.202834 -3.226116 0.561870     2.277658
2462857.744170 -4.969959 0.439796     1.672381
2462870.285506 -6.713802 0.317723     0.427949
2462882.826842 5.827534 0.195649    -0.980436
2462895.368178 4.083691 0.073576    -2.096636
2462907.909514 2.339848 0.951502    -2.238044
2462920.450850 0.596005 0.829428    -0.789705
2462932.992186 -1.147838 0.707355     1.316417
2462945.533522 -2.891681 0.585281     2.268448
2462958.074858 -4.635523 0.463208     1.855616
2462970.616194 -6.379366 0.341134     0.692041
2462983.157530 6.161970 0.219060    -0.717021
2462995.698866 4.418127 0.096987    -1.932888
2463008.240203 2.674284 0.974913    -2.325611
2463020.781539 0.930441 0.852840    -1.178726
2463033.322875 -0.813402 0.730766     0.962488
2463045.864211 -2.557245 0.608693     2.207165
2463058.405547 -4.301088 0.486619     2.011946
2463070.946883 -6.044931 0.364545     0.947348
2463083.488219 6.496405 0.242472    -0.447128
2463096.029555 4.752562 0.120398    -1.739774
2463108.570891 3.008719 0.998325    -2.352815
2463121.112227 1.264876 0.876251    -1.524491
2463133.653563 -0.478967 0.754177     0.568826
2463146.194899 -2.222810 0.632104     2.089827
2463158.736235 -3.966653 0.510030     2.136903
2463171.277571 -5.710496 0.387957     1.190915
2463183.818907 6.830840 0.265883    -0.173947
2463196.360243 5.086997 0.143810    -1.522698
2463208.901579 3.343154 0.021736    -2.324766
2463221.442915 1.599311 0.899662    -1.815866
2463233.984251 -0.144532 0.777589     0.149076
2463246.525587 -1.888375 0.655515     1.913797
2463259.066923 -3.632218 0.533442     2.225696
2463271.608259 -5.376061 0.411368     1.419600
2463284.149595 -7.119904 0.289294     0.099541
2463296.690931 5.421432 0.167221    -1.286548
2463309.232267 3.677589 0.045147    -2.247488
2463321.773603 1.933746 0.923074    -2.045759
2463334.314939 0.189903 0.801000    -0.280433
2463346.856275 -1.553940 0.678927     1.678478
2463359.397611 -3.297783 0.556853     2.273304
2463371.938947 -5.041626 0.434779     1.630015
2463384.480283 -6.785469 0.312706     0.370487
2463397.021619 5.755867 0.190632    -1.035713
2463409.562955 4.012024 0.068559    -2.127348
2463422.104291 2.268181 0.946485    -2.211052
2463434.645628 0.524338 0.824411    -0.702064
2463447.186964 -1.219505 0.702338     1.386047
2463459.728300 -2.963348 0.580264     2.274652
2463472.269636 -4.707191 0.458191     1.818470
2463484.810972 -6.451034 0.336117     0.636090
2463497.352308 6.090303 0.214044    -0.774128
2463509.893644 4.346460 0.091970    -1.970644
2463522.434980 2.602617 0.969896    -2.312076
2463534.976316 0.858774 0.847823    -1.098552
2463547.517652 -0.885069 0.725749     1.042080
2463560.058988 -2.628912 0.603676     2.224897
2463572.600324 -4.372755 0.481602     1.980929
2463585.141660 -6.116598 0.359528     0.893523
2463597.682996 6.424738 0.237455    -0.505346
2463610.224332 4.680895 0.115381    -1.783350
2463622.765668 2.937052 0.993308    -2.351830
2463635.307004 1.193209 0.871234    -1.454655
2463647.848340 -0.550634 0.749161     0.655895
2463660.389676 -2.294477 0.627087     2.119849
2463672.931012 -4.038320 0.505013     2.113002
2463685.472348 -5.782163 0.382940     1.139863
2463698.013684 6.759173 0.260866    -0.232613
2463710.555020 5.015330 0.138793    -1.570980
2463723.096356 3.271487 0.016719    -2.335135
2463735.637692 1.527644 0.894645    -1.758423
2463748.179028 -0.216199 0.772572     0.240434
2463760.720364 -1.960042 0.650498     1.956527
2463773.261700 -3.703885 0.528425     2.209962
2463785.803036 -5.447728 0.406351     1.372012
2463798.344372 7.093608 0.284278     0.041053
2463810.885708 5.349765 0.162204    -1.338532
2463823.427044 3.605922 0.040130    -2.267875
2463835.968380 1.862079 0.918057    -2.001884
