# Tc_folded model 
-1.500000 0.081039 
-1.499000 0.092691 
-1.498000 0.104339 
-1.497000 0.115982 
-1.496000 0.127621 
-1.495000 0.139254 
-1.494000 0.150882 
-1.493000 0.162504 
-1.492000 0.174120 
-1.491000 0.185730 
-1.490000 0.197334 
-1.489000 0.208932 
-1.488000 0.220523 
-1.487000 0.232106 
-1.486000 0.243683 
-1.485000 0.255253 
-1.484000 0.266814 
-1.483000 0.278368 
-1.482000 0.289914 
-1.481000 0.301452 
-1.480000 0.312982 
-1.479000 0.324502 
-1.478000 0.336014 
-1.477000 0.347517 
-1.476000 0.359010 
-1.475000 0.370494 
-1.474000 0.381968 
-1.473000 0.393433 
-1.472000 0.404887 
-1.471000 0.416330 
-1.470000 0.427763 
-1.469000 0.439185 
-1.468000 0.450596 
-1.467000 0.461996 
-1.466000 0.473385 
-1.465000 0.484761 
-1.464000 0.496126 
-1.463000 0.507479 
-1.462000 0.518819 
-1.461000 0.530146 
-1.460000 0.541461 
-1.459000 0.552763 
-1.458000 0.564051 
-1.457000 0.575326 
-1.456000 0.586588 
-1.455000 0.597835 
-1.454000 0.609069 
-1.453000 0.620288 
-1.452000 0.631492 
-1.451000 0.642682 
-1.450000 0.653856 
-1.449000 0.665016 
-1.448000 0.676159 
-1.447000 0.687288 
-1.446000 0.698400 
-1.445000 0.709496 
-1.444000 0.720576 
-1.443000 0.731639 
-1.442000 0.742685 
-1.441000 0.753715 
-1.440000 0.764727 
-1.439000 0.775721 
-1.438000 0.786698 
-1.437000 0.797657 
-1.436000 0.808598 
-1.435000 0.819520 
-1.434000 0.830423 
-1.433000 0.841308 
-1.432000 0.852174 
-1.431000 0.863020 
-1.430000 0.873847 
-1.429000 0.884654 
-1.428000 0.895441 
-1.427000 0.906208 
-1.426000 0.916954 
-1.425000 0.927680 
-1.424000 0.938384 
-1.423000 0.949067 
-1.422000 0.959729 
-1.421000 0.970370 
-1.420000 0.980988 
-1.419000 0.991584 
-1.418000 1.002158 
-1.417000 1.012709 
-1.416000 1.023238 
-1.415000 1.033743 
-1.414000 1.044225 
-1.413000 1.054683 
-1.412000 1.065118 
-1.411000 1.075528 
-1.410000 1.085914 
-1.409000 1.096276 
-1.408000 1.106612 
-1.407000 1.116924 
-1.406000 1.127210 
-1.405000 1.137471 
-1.404000 1.147706 
-1.403000 1.157915 
-1.402000 1.168098 
-1.401000 1.178254 
-1.400000 1.188384 
-1.399000 1.198486 
-1.398000 1.208561 
-1.397000 1.218608 
-1.396000 1.228628 
-1.395000 1.238620 
-1.394000 1.248583 
-1.393000 1.258517 
-1.392000 1.268423 
-1.391000 1.278300 
-1.390000 1.288147 
-1.389000 1.297965 
-1.388000 1.307753 
-1.387000 1.317511 
-1.386000 1.327238 
-1.385000 1.336935 
-1.384000 1.346600 
-1.383000 1.356235 
-1.382000 1.365838 
-1.381000 1.375409 
-1.380000 1.384948 
-1.379000 1.394455 
-1.378000 1.403930 
-1.377000 1.413371 
-1.376000 1.422780 
-1.375000 1.432155 
-1.374000 1.441496 
-1.373000 1.450803 
-1.372000 1.460077 
-1.371000 1.469315 
-1.370000 1.478519 
-1.369000 1.487688 
-1.368000 1.496822 
-1.367000 1.505920 
-1.366000 1.514982 
-1.365000 1.524008 
-1.364000 1.532998 
-1.363000 1.541950 
-1.362000 1.550866 
-1.361000 1.559744 
-1.360000 1.568585 
-1.359000 1.577388 
-1.358000 1.586152 
-1.357000 1.594878 
-1.356000 1.603566 
-1.355000 1.612214 
-1.354000 1.620822 
-1.353000 1.629391 
-1.352000 1.637921 
-1.351000 1.646409 
-1.350000 1.654857 
-1.349000 1.663265 
-1.348000 1.671631 
-1.347000 1.679955 
-1.346000 1.688238 
-1.345000 1.696479 
-1.344000 1.704677 
-1.343000 1.712832 
-1.342000 1.720945 
-1.341000 1.729014 
-1.340000 1.737039 
-1.339000 1.745020 
-1.338000 1.752957 
-1.337000 1.760850 
-1.336000 1.768697 
-1.335000 1.776499 
-1.334000 1.784256 
-1.333000 1.791967 
-1.332000 1.799631 
-1.331000 1.807249 
-1.330000 1.814820 
-1.329000 1.822344 
-1.328000 1.829820 
-1.327000 1.837248 
-1.326000 1.844628 
-1.325000 1.851960 
-1.324000 1.859243 
-1.323000 1.866476 
-1.322000 1.873660 
-1.321000 1.880795 
-1.320000 1.887878 
-1.319000 1.894912 
-1.318000 1.901894 
-1.317000 1.908826 
-1.316000 1.915705 
-1.315000 1.922533 
-1.314000 1.929308 
-1.313000 1.936031 
-1.312000 1.942701 
-1.311000 1.949318 
-1.310000 1.955881 
-1.309000 1.962390 
-1.308000 1.968844 
-1.307000 1.975244 
-1.306000 1.981589 
-1.305000 1.987878 
-1.304000 1.994112 
-1.303000 2.000289 
-1.302000 2.006410 
-1.301000 2.012474 
-1.300000 2.018481 
-1.299000 2.024430 
-1.298000 2.030322 
-1.297000 2.036155 
-1.296000 2.041929 
-1.295000 2.047644 
-1.294000 2.053300 
-1.293000 2.058896 
-1.292000 2.064432 
-1.291000 2.069908 
-1.290000 2.075322 
-1.289000 2.080675 
-1.288000 2.085967 
-1.287000 2.091197 
-1.286000 2.096364 
-1.285000 2.101468 
-1.284000 2.106509 
-1.283000 2.111487 
-1.282000 2.116401 
-1.281000 2.121251 
-1.280000 2.126035 
-1.279000 2.130755 
-1.278000 2.135410 
-1.277000 2.139998 
-1.276000 2.144521 
-1.275000 2.148976 
-1.274000 2.153365 
-1.273000 2.157687 
-1.272000 2.161940 
-1.271000 2.166126 
-1.270000 2.170243 
-1.269000 2.174291 
-1.268000 2.178270 
-1.267000 2.182179 
-1.266000 2.186018 
-1.265000 2.189786 
-1.264000 2.193484 
-1.263000 2.197110 
-1.262000 2.200665 
-1.261000 2.204147 
-1.260000 2.207557 
-1.259000 2.210895 
-1.258000 2.214159 
-1.257000 2.217349 
-1.256000 2.220465 
-1.255000 2.223507 
-1.254000 2.226474 
-1.253000 2.229366 
-1.252000 2.232182 
-1.251000 2.234922 
-1.250000 2.237586 
-1.249000 2.240173 
-1.248000 2.242683 
-1.247000 2.245115 
-1.246000 2.247469 
-1.245000 2.249744 
-1.244000 2.251941 
-1.243000 2.254059 
-1.242000 2.256096 
-1.241000 2.258054 
-1.240000 2.259932 
-1.239000 2.261728 
-1.238000 2.263444 
-1.237000 2.265078 
-1.236000 2.266629 
-1.235000 2.268099 
-1.234000 2.269485 
-1.233000 2.270789 
-1.232000 2.272009 
-1.231000 2.273145 
-1.230000 2.274196 
-1.229000 2.275163 
-1.228000 2.276044 
-1.227000 2.276840 
-1.226000 2.277550 
-1.225000 2.278174 
-1.224000 2.278711 
-1.223000 2.279161 
-1.222000 2.279523 
-1.221000 2.279798 
-1.220000 2.279984 
-1.219000 2.280081 
-1.218000 2.280090 
-1.217000 2.280009 
-1.216000 2.279838 
-1.215000 2.279578 
-1.214000 2.279226 
-1.213000 2.278784 
-1.212000 2.278250 
-1.211000 2.277625 
-1.210000 2.276908 
-1.209000 2.276098 
-1.208000 2.275195 
-1.207000 2.274200 
-1.206000 2.273111 
-1.205000 2.271928 
-1.204000 2.270651 
-1.203000 2.269279 
-1.202000 2.267812 
-1.201000 2.266250 
-1.200000 2.264593 
-1.199000 2.262839 
-1.198000 2.260990 
-1.197000 2.259043 
-1.196000 2.257000 
-1.195000 2.254859 
-1.194000 2.252621 
-1.193000 2.250284 
-1.192000 2.247850 
-1.191000 2.245317 
-1.190000 2.242684 
-1.189000 2.239953 
-1.188000 2.237122 
-1.187000 2.234191 
-1.186000 2.231160 
-1.185000 2.228028 
-1.184000 2.224796 
-1.183000 2.221463 
-1.182000 2.218028 
-1.181000 2.214491 
-1.180000 2.210853 
-1.179000 2.207112 
-1.178000 2.203269 
-1.177000 2.199324 
-1.176000 2.195275 
-1.175000 2.191123 
-1.174000 2.186867 
-1.173000 2.182508 
-1.172000 2.178044 
-1.171000 2.173477 
-1.170000 2.168805 
-1.169000 2.164028 
-1.168000 2.159146 
-1.167000 2.154159 
-1.166000 2.149067 
-1.165000 2.143869 
-1.164000 2.138565 
-1.163000 2.133155 
-1.162000 2.127639 
-1.161000 2.122017 
-1.160000 2.116288 
-1.159000 2.110453 
-1.158000 2.104510 
-1.157000 2.098461 
-1.156000 2.092304 
-1.155000 2.086040 
-1.154000 2.079669 
-1.153000 2.073190 
-1.152000 2.066603 
-1.151000 2.059908 
-1.150000 2.053106 
-1.149000 2.046195 
-1.148000 2.039176 
-1.147000 2.032049 
-1.146000 2.024813 
-1.145000 2.017470 
-1.144000 2.010017 
-1.143000 2.002456 
-1.142000 1.994787 
-1.141000 1.987009 
-1.140000 1.979122 
-1.139000 1.971126 
-1.138000 1.963022 
-1.137000 1.954809 
-1.136000 1.946488 
-1.135000 1.938057 
-1.134000 1.929518 
-1.133000 1.920871 
-1.132000 1.912114 
-1.131000 1.903249 
-1.130000 1.894276 
-1.129000 1.885194 
-1.128000 1.876004 
-1.127000 1.866705 
-1.126000 1.857298 
-1.125000 1.847783 
-1.124000 1.838160 
-1.123000 1.828430 
-1.122000 1.818591 
-1.121000 1.808645 
-1.120000 1.798591 
-1.119000 1.788430 
-1.118000 1.778162 
-1.117000 1.767787 
-1.116000 1.757305 
-1.115000 1.746717 
-1.114000 1.736022 
-1.113000 1.725222 
-1.112000 1.714315 
-1.111000 1.703303 
-1.110000 1.692185 
-1.109000 1.680963 
-1.108000 1.669635 
-1.107000 1.658204 
-1.106000 1.646668 
-1.105000 1.635028 
-1.104000 1.623284 
-1.103000 1.611438 
-1.102000 1.599488 
-1.101000 1.587436 
-1.100000 1.575282 
-1.099000 1.563026 
-1.098000 1.550669 
-1.097000 1.538211 
-1.096000 1.525653 
-1.095000 1.512994 
-1.094000 1.500236 
-1.093000 1.487379 
-1.092000 1.474423 
-1.091000 1.461369 
-1.090000 1.448217 
-1.089000 1.434969 
-1.088000 1.421623 
-1.087000 1.408182 
-1.086000 1.394645 
-1.085000 1.381013 
-1.084000 1.367286 
-1.083000 1.353466 
-1.082000 1.339553 
-1.081000 1.325547 
-1.080000 1.311449 
-1.079000 1.297259 
-1.078000 1.282979 
-1.077000 1.268609 
-1.076000 1.254150 
-1.075000 1.239602 
-1.074000 1.224966 
-1.073000 1.210243 
-1.072000 1.195434 
-1.071000 1.180538 
-1.070000 1.165558 
-1.069000 1.150494 
-1.068000 1.135346 
-1.067000 1.120115 
-1.066000 1.104802 
-1.065000 1.089409 
-1.064000 1.073935 
-1.063000 1.058382 
-1.062000 1.042751 
-1.061000 1.027042 
-1.060000 1.011256 
-1.059000 0.995394 
-1.058000 0.979457 
-1.057000 0.963447 
-1.056000 0.947363 
-1.055000 0.931207 
-1.054000 0.914980 
-1.053000 0.898682 
-1.052000 0.882316 
-1.051000 0.865881 
-1.050000 0.849378 
-1.049000 0.832810 
-1.048000 0.816176 
-1.047000 0.799478 
-1.046000 0.782717 
-1.045000 0.765894 
-1.044000 0.749010 
-1.043000 0.732066 
-1.042000 0.715063 
-1.041000 0.698002 
-1.040000 0.680885 
-1.039000 0.663712 
-1.038000 0.646485 
-1.037000 0.629204 
-1.036000 0.611872 
-1.035000 0.594488 
-1.034000 0.577055 
-1.033000 0.559573 
-1.032000 0.542044 
-1.031000 0.524468 
-1.030000 0.506848 
-1.029000 0.489184 
-1.028000 0.471477 
-1.027000 0.453729 
-1.026000 0.435941 
-1.025000 0.418114 
-1.024000 0.400250 
-1.023000 0.382349 
-1.022000 0.364414 
-1.021000 0.346444 
-1.020000 0.328442 
-1.019000 0.310409 
-1.018000 0.292346 
-1.017000 0.274255 
-1.016000 0.256137 
-1.015000 0.237992 
-1.014000 0.219823 
-1.013000 0.201631 
-1.012000 0.183417 
-1.011000 0.165182 
-1.010000 0.146928 
-1.009000 0.128656 
-1.008000 0.110368 
-1.007000 0.092065 
-1.006000 0.073747 
-1.005000 0.055418 
-1.004000 0.037077 
-1.003000 0.018727 
-1.002000 0.000369 
-1.001000 -0.017997 
-1.000000 -0.036368 
-0.999000 -0.054743 
-0.998000 -0.073120 
-0.997000 -0.091499 
-0.996000 -0.109878 
-0.995000 -0.128256 
-0.994000 -0.146631 
-0.993000 -0.165001 
-0.992000 -0.183366 
-0.991000 -0.201723 
-0.990000 -0.220073 
-0.989000 -0.238412 
-0.988000 -0.256740 
-0.987000 -0.275056 
-0.986000 -0.293358 
-0.985000 -0.311644 
-0.984000 -0.329913 
-0.983000 -0.348164 
-0.982000 -0.366396 
-0.981000 -0.384607 
-0.980000 -0.402795 
-0.979000 -0.420959 
-0.978000 -0.439099 
-0.977000 -0.457212 
-0.976000 -0.475297 
-0.975000 -0.493352 
-0.974000 -0.511378 
-0.973000 -0.529371 
-0.972000 -0.547331 
-0.971000 -0.565256 
-0.970000 -0.583145 
-0.969000 -0.600997 
-0.968000 -0.618810 
-0.967000 -0.636584 
-0.966000 -0.654315 
-0.965000 -0.672005 
-0.964000 -0.689650 
-0.963000 -0.707250 
-0.962000 -0.724803 
-0.961000 -0.742309 
-0.960000 -0.759765 
-0.959000 -0.777171 
-0.958000 -0.794525 
-0.957000 -0.811827 
-0.956000 -0.829074 
-0.955000 -0.846266 
-0.954000 -0.863401 
-0.953000 -0.880478 
-0.952000 -0.897496 
-0.951000 -0.914453 
-0.950000 -0.931349 
-0.949000 -0.948183 
-0.948000 -0.964952 
-0.947000 -0.981657 
-0.946000 -0.998295 
-0.945000 -1.014866 
-0.944000 -1.031368 
-0.943000 -1.047800 
-0.942000 -1.064162 
-0.941000 -1.080452 
-0.940000 -1.096669 
-0.939000 -1.112812 
-0.938000 -1.128880 
-0.937000 -1.144871 
-0.936000 -1.160785 
-0.935000 -1.176621 
-0.934000 -1.192378 
-0.933000 -1.208054 
-0.932000 -1.223649 
-0.931000 -1.239162 
-0.930000 -1.254591 
-0.929000 -1.269936 
-0.928000 -1.285196 
-0.927000 -1.300369 
-0.926000 -1.315456 
-0.925000 -1.330454 
-0.924000 -1.345363 
-0.923000 -1.360183 
-0.922000 -1.374912 
-0.921000 -1.389549 
-0.920000 -1.404094 
-0.919000 -1.418546 
-0.918000 -1.432904 
-0.917000 -1.447166 
-0.916000 -1.461334 
-0.915000 -1.475404 
-0.914000 -1.489377 
-0.913000 -1.503253 
-0.912000 -1.517029 
-0.911000 -1.530706 
-0.910000 -1.544283 
-0.909000 -1.557759 
-0.908000 -1.571134 
-0.907000 -1.584406 
-0.906000 -1.597576 
-0.905000 -1.610641 
-0.904000 -1.623603 
-0.903000 -1.636460 
-0.902000 -1.649211 
-0.901000 -1.661857 
-0.900000 -1.674395 
-0.899000 -1.686827 
-0.898000 -1.699151 
-0.897000 -1.711367 
-0.896000 -1.723474 
-0.895000 -1.735472 
-0.894000 -1.747360 
-0.893000 -1.759138 
-0.892000 -1.770805 
-0.891000 -1.782361 
-0.890000 -1.793805 
-0.889000 -1.805138 
-0.888000 -1.816358 
-0.887000 -1.827465 
-0.886000 -1.838459 
-0.885000 -1.849340 
-0.884000 -1.860106 
-0.883000 -1.870759 
-0.882000 -1.881296 
-0.881000 -1.891719 
-0.880000 -1.902027 
-0.879000 -1.912219 
-0.878000 -1.922295 
-0.877000 -1.932255 
-0.876000 -1.942099 
-0.875000 -1.951827 
-0.874000 -1.961437 
-0.873000 -1.970931 
-0.872000 -1.980308 
-0.871000 -1.989567 
-0.870000 -1.998708 
-0.869000 -2.007732 
-0.868000 -2.016638 
-0.867000 -2.025426 
-0.866000 -2.034096 
-0.865000 -2.042648 
-0.864000 -2.051081 
-0.863000 -2.059396 
-0.862000 -2.067592 
-0.861000 -2.075670 
-0.860000 -2.083629 
-0.859000 -2.091469 
-0.858000 -2.099191 
-0.857000 -2.106793 
-0.856000 -2.114277 
-0.855000 -2.121643 
-0.854000 -2.128889 
-0.853000 -2.136017 
-0.852000 -2.143026 
-0.851000 -2.149916 
-0.850000 -2.156687 
-0.849000 -2.163340 
-0.848000 -2.169875 
-0.847000 -2.176291 
-0.846000 -2.182589 
-0.845000 -2.188768 
-0.844000 -2.194829 
-0.843000 -2.200772 
-0.842000 -2.206598 
-0.841000 -2.212305 
-0.840000 -2.217895 
-0.839000 -2.223368 
-0.838000 -2.228723 
-0.837000 -2.233961 
-0.836000 -2.239082 
-0.835000 -2.244086 
-0.834000 -2.248973 
-0.833000 -2.253745 
-0.832000 -2.258400 
-0.831000 -2.262939 
-0.830000 -2.267362 
-0.829000 -2.271670 
-0.828000 -2.275863 
-0.827000 -2.279940 
-0.826000 -2.283903 
-0.825000 -2.287752 
-0.824000 -2.291486 
-0.823000 -2.295106 
-0.822000 -2.298613 
-0.821000 -2.302006 
-0.820000 -2.305286 
-0.819000 -2.308454 
-0.818000 -2.311509 
-0.817000 -2.314451 
-0.816000 -2.317283 
-0.815000 -2.320002 
-0.814000 -2.322611 
-0.813000 -2.325108 
-0.812000 -2.327496 
-0.811000 -2.329773 
-0.810000 -2.331940 
-0.809000 -2.333998 
-0.808000 -2.335947 
-0.807000 -2.337787 
-0.806000 -2.339519 
-0.805000 -2.341144 
-0.804000 -2.342660 
-0.803000 -2.344070 
-0.802000 -2.345373 
-0.801000 -2.346569 
-0.800000 -2.347660 
-0.799000 -2.348645 
-0.798000 -2.349525 
-0.797000 -2.350300 
-0.796000 -2.350971 
-0.795000 -2.351539 
-0.794000 -2.352002 
-0.793000 -2.352363 
-0.792000 -2.352622 
-0.791000 -2.352778 
-0.790000 -2.352832 
-0.789000 -2.352786 
-0.788000 -2.352638 
-0.787000 -2.352390 
-0.786000 -2.352043 
-0.785000 -2.351596 
-0.784000 -2.351050 
-0.783000 -2.350405 
-0.782000 -2.349663 
-0.781000 -2.348822 
-0.780000 -2.347885 
-0.779000 -2.346851 
-0.778000 -2.345721 
-0.777000 -2.344496 
-0.776000 -2.343175 
-0.775000 -2.341759 
-0.774000 -2.340249 
-0.773000 -2.338645 
-0.772000 -2.336948 
-0.771000 -2.335158 
-0.770000 -2.333276 
-0.769000 -2.331302 
-0.768000 -2.329237 
-0.767000 -2.327080 
-0.766000 -2.324834 
-0.765000 -2.322497 
-0.764000 -2.320071 
-0.763000 -2.317557 
-0.762000 -2.314953 
-0.761000 -2.312262 
-0.760000 -2.309484 
-0.759000 -2.306619 
-0.758000 -2.303667 
-0.757000 -2.300629 
-0.756000 -2.297506 
-0.755000 -2.294298 
-0.754000 -2.291005 
-0.753000 -2.287629 
-0.752000 -2.284169 
-0.751000 -2.280626 
-0.750000 -2.277001 
-0.749000 -2.273294 
-0.748000 -2.269506 
-0.747000 -2.265636 
-0.746000 -2.261687 
-0.745000 -2.257657 
-0.744000 -2.253548 
-0.743000 -2.249360 
-0.742000 -2.245093 
-0.741000 -2.240749 
-0.740000 -2.236327 
-0.739000 -2.231829 
-0.738000 -2.227254 
-0.737000 -2.222603 
-0.736000 -2.217876 
-0.735000 -2.213075 
-0.734000 -2.208199 
-0.733000 -2.203249 
-0.732000 -2.198226 
-0.731000 -2.193130 
-0.730000 -2.187962 
-0.729000 -2.182721 
-0.728000 -2.177409 
-0.727000 -2.172026 
-0.726000 -2.166573 
-0.725000 -2.161050 
-0.724000 -2.155457 
-0.723000 -2.149795 
-0.722000 -2.144065 
-0.721000 -2.138266 
-0.720000 -2.132400 
-0.719000 -2.126467 
-0.718000 -2.120468 
-0.717000 -2.114402 
-0.716000 -2.108271 
-0.715000 -2.102074 
-0.714000 -2.095813 
-0.713000 -2.089487 
-0.712000 -2.083098 
-0.711000 -2.076646 
-0.710000 -2.070131 
-0.709000 -2.063553 
-0.708000 -2.056914 
-0.707000 -2.050214 
-0.706000 -2.043452 
-0.705000 -2.036630 
-0.704000 -2.029748 
-0.703000 -2.022807 
-0.702000 -2.015806 
-0.701000 -2.008747 
-0.700000 -2.001630 
-0.699000 -1.994455 
-0.698000 -1.987223 
-0.697000 -1.979934 
-0.696000 -1.972589 
-0.695000 -1.965188 
-0.694000 -1.957732 
-0.693000 -1.950220 
-0.692000 -1.942655 
-0.691000 -1.935035 
-0.690000 -1.927361 
-0.689000 -1.919634 
-0.688000 -1.911855 
-0.687000 -1.904023 
-0.686000 -1.896139 
-0.685000 -1.888204 
-0.684000 -1.880218 
-0.683000 -1.872181 
-0.682000 -1.864094 
-0.681000 -1.855958 
-0.680000 -1.847772 
-0.679000 -1.839537 
-0.678000 -1.831254 
-0.677000 -1.822923 
-0.676000 -1.814544 
-0.675000 -1.806118 
-0.674000 -1.797645 
-0.673000 -1.789126 
-0.672000 -1.780561 
-0.671000 -1.771950 
-0.670000 -1.763294 
-0.669000 -1.754594 
-0.668000 -1.745849 
-0.667000 -1.737060 
-0.666000 -1.728228 
-0.665000 -1.719353 
-0.664000 -1.710435 
-0.663000 -1.701474 
-0.662000 -1.692472 
-0.661000 -1.683428 
-0.660000 -1.674343 
-0.659000 -1.665217 
-0.658000 -1.656051 
-0.657000 -1.646845 
-0.656000 -1.637599 
-0.655000 -1.628314 
-0.654000 -1.618990 
-0.653000 -1.609628 
-0.652000 -1.600228 
-0.651000 -1.590790 
-0.650000 -1.581314 
-0.649000 -1.571802 
-0.648000 -1.562253 
-0.647000 -1.552668 
-0.646000 -1.543047 
-0.645000 -1.533391 
-0.644000 -1.523699 
-0.643000 -1.513973 
-0.642000 -1.504212 
-0.641000 -1.494417 
-0.640000 -1.484589 
-0.639000 -1.474727 
-0.638000 -1.464832 
-0.637000 -1.454905 
-0.636000 -1.444945 
-0.635000 -1.434954 
-0.634000 -1.424931 
-0.633000 -1.414876 
-0.632000 -1.404791 
-0.631000 -1.394675 
-0.630000 -1.384529 
-0.629000 -1.374353 
-0.628000 -1.364148 
-0.627000 -1.353913 
-0.626000 -1.343650 
-0.625000 -1.333358 
-0.624000 -1.323037 
-0.623000 -1.312689 
-0.622000 -1.302314 
-0.621000 -1.291911 
-0.620000 -1.281481 
-0.619000 -1.271025 
-0.618000 -1.260542 
-0.617000 -1.250033 
-0.616000 -1.239499 
-0.615000 -1.228940 
-0.614000 -1.218356 
-0.613000 -1.207746 
-0.612000 -1.197113 
-0.611000 -1.186456 
-0.610000 -1.175775 
-0.609000 -1.165070 
-0.608000 -1.154342 
-0.607000 -1.143592 
-0.606000 -1.132819 
-0.605000 -1.122024 
-0.604000 -1.111207 
-0.603000 -1.100368 
-0.602000 -1.089508 
-0.601000 -1.078627 
-0.600000 -1.067725 
-0.599000 -1.056803 
-0.598000 -1.045861 
-0.597000 -1.034899 
-0.596000 -1.023917 
-0.595000 -1.012916 
-0.594000 -1.001897 
-0.593000 -0.990858 
-0.592000 -0.979801 
-0.591000 -0.968727 
-0.590000 -0.957634 
-0.589000 -0.946524 
-0.588000 -0.935396 
-0.587000 -0.924252 
-0.586000 -0.913090 
-0.585000 -0.901913 
-0.584000 -0.890719 
-0.583000 -0.879510 
-0.582000 -0.868284 
-0.581000 -0.857044 
-0.580000 -0.845788 
-0.579000 -0.834518 
-0.578000 -0.823233 
-0.577000 -0.811934 
-0.576000 -0.800621 
-0.575000 -0.789294 
-0.574000 -0.777954 
-0.573000 -0.766601 
-0.572000 -0.755235 
-0.571000 -0.743856 
-0.570000 -0.732465 
-0.569000 -0.721061 
-0.568000 -0.709646 
-0.567000 -0.698219 
-0.566000 -0.686781 
-0.565000 -0.675331 
-0.564000 -0.663871 
-0.563000 -0.652401 
-0.562000 -0.640919 
-0.561000 -0.629428 
-0.560000 -0.617927 
-0.559000 -0.606417 
-0.558000 -0.594897 
-0.557000 -0.583368 
-0.556000 -0.571830 
-0.555000 -0.560284 
-0.554000 -0.548729 
-0.553000 -0.537166 
-0.552000 -0.525596 
-0.551000 -0.514017 
-0.550000 -0.502432 
-0.549000 -0.490839 
-0.548000 -0.479239 
-0.547000 -0.467633 
-0.546000 -0.456021 
-0.545000 -0.444402 
-0.544000 -0.432777 
-0.543000 -0.421147 
-0.542000 -0.409511 
-0.541000 -0.397870 
-0.540000 -0.386224 
-0.539000 -0.374573 
-0.538000 -0.362918 
-0.537000 -0.351259 
-0.536000 -0.339595 
-0.535000 -0.327928 
-0.534000 -0.316257 
-0.533000 -0.304583 
-0.532000 -0.292906 
-0.531000 -0.281226 
-0.530000 -0.269543 
-0.529000 -0.257858 
-0.528000 -0.246171 
-0.527000 -0.234482 
-0.526000 -0.222791 
-0.525000 -0.211098 
-0.524000 -0.199404 
-0.523000 -0.187710 
-0.522000 -0.176014 
-0.521000 -0.164318 
-0.520000 -0.152622 
-0.519000 -0.140925 
-0.518000 -0.129229 
-0.517000 -0.117532 
-0.516000 -0.105837 
-0.515000 -0.094142 
-0.514000 -0.082448 
-0.513000 -0.070755 
-0.512000 -0.059064 
-0.511000 -0.047374 
-0.510000 -0.035687 
-0.509000 -0.024001 
-0.508000 -0.012318 
-0.507000 -0.000637 
-0.506000 0.011041 
-0.505000 0.022716 
-0.504000 0.034388 
-0.503000 0.046056 
-0.502000 0.057721 
-0.501000 0.069382 
-0.500000 0.081039 
-0.499000 0.092691 
-0.498000 0.104339 
-0.497000 0.115982 
-0.496000 0.127621 
-0.495000 0.139254 
-0.494000 0.150882 
-0.493000 0.162504 
-0.492000 0.174120 
-0.491000 0.185730 
-0.490000 0.197334 
-0.489000 0.208932 
-0.488000 0.220523 
-0.487000 0.232106 
-0.486000 0.243683 
-0.485000 0.255253 
-0.484000 0.266814 
-0.483000 0.278368 
-0.482000 0.289914 
-0.481000 0.301452 
-0.480000 0.312982 
-0.479000 0.324502 
-0.478000 0.336014 
-0.477000 0.347517 
-0.476000 0.359010 
-0.475000 0.370494 
-0.474000 0.381968 
-0.473000 0.393433 
-0.472000 0.404887 
-0.471000 0.416330 
-0.470000 0.427763 
-0.469000 0.439185 
-0.468000 0.450596 
-0.467000 0.461996 
-0.466000 0.473385 
-0.465000 0.484761 
-0.464000 0.496126 
-0.463000 0.507479 
-0.462000 0.518819 
-0.461000 0.530146 
-0.460000 0.541461 
-0.459000 0.552763 
-0.458000 0.564051 
-0.457000 0.575326 
-0.456000 0.586588 
-0.455000 0.597835 
-0.454000 0.609069 
-0.453000 0.620288 
-0.452000 0.631492 
-0.451000 0.642682 
-0.450000 0.653856 
-0.449000 0.665016 
-0.448000 0.676159 
-0.447000 0.687288 
-0.446000 0.698400 
-0.445000 0.709496 
-0.444000 0.720576 
-0.443000 0.731639 
-0.442000 0.742685 
-0.441000 0.753715 
-0.440000 0.764727 
-0.439000 0.775721 
-0.438000 0.786698 
-0.437000 0.797657 
-0.436000 0.808598 
-0.435000 0.819520 
-0.434000 0.830423 
-0.433000 0.841308 
-0.432000 0.852174 
-0.431000 0.863020 
-0.430000 0.873847 
-0.429000 0.884654 
-0.428000 0.895441 
-0.427000 0.906208 
-0.426000 0.916954 
-0.425000 0.927680 
-0.424000 0.938384 
-0.423000 0.949067 
-0.422000 0.959729 
-0.421000 0.970370 
-0.420000 0.980988 
-0.419000 0.991584 
-0.418000 1.002158 
-0.417000 1.012709 
-0.416000 1.023238 
-0.415000 1.033743 
-0.414000 1.044225 
-0.413000 1.054683 
-0.412000 1.065118 
-0.411000 1.075528 
-0.410000 1.085914 
-0.409000 1.096276 
-0.408000 1.106612 
-0.407000 1.116924 
-0.406000 1.127210 
-0.405000 1.137471 
-0.404000 1.147706 
-0.403000 1.157915 
-0.402000 1.168098 
-0.401000 1.178254 
-0.400000 1.188384 
-0.399000 1.198486 
-0.398000 1.208561 
-0.397000 1.218608 
-0.396000 1.228628 
-0.395000 1.238620 
-0.394000 1.248583 
-0.393000 1.258517 
-0.392000 1.268423 
-0.391000 1.278300 
-0.390000 1.288147 
-0.389000 1.297965 
-0.388000 1.307753 
-0.387000 1.317511 
-0.386000 1.327238 
-0.385000 1.336935 
-0.384000 1.346600 
-0.383000 1.356235 
-0.382000 1.365838 
-0.381000 1.375409 
-0.380000 1.384948 
-0.379000 1.394455 
-0.378000 1.403930 
-0.377000 1.413371 
-0.376000 1.422780 
-0.375000 1.432155 
-0.374000 1.441496 
-0.373000 1.450803 
-0.372000 1.460077 
-0.371000 1.469315 
-0.370000 1.478519 
-0.369000 1.487688 
-0.368000 1.496822 
-0.367000 1.505920 
-0.366000 1.514982 
-0.365000 1.524008 
-0.364000 1.532998 
-0.363000 1.541950 
-0.362000 1.550866 
-0.361000 1.559744 
-0.360000 1.568585 
-0.359000 1.577388 
-0.358000 1.586152 
-0.357000 1.594878 
-0.356000 1.603566 
-0.355000 1.612214 
-0.354000 1.620822 
-0.353000 1.629391 
-0.352000 1.637921 
-0.351000 1.646409 
-0.350000 1.654857 
-0.349000 1.663265 
-0.348000 1.671631 
-0.347000 1.679955 
-0.346000 1.688238 
-0.345000 1.696479 
-0.344000 1.704677 
-0.343000 1.712832 
-0.342000 1.720945 
-0.341000 1.729014 
-0.340000 1.737039 
-0.339000 1.745020 
-0.338000 1.752957 
-0.337000 1.760850 
-0.336000 1.768697 
-0.335000 1.776499 
-0.334000 1.784256 
-0.333000 1.791967 
-0.332000 1.799631 
-0.331000 1.807249 
-0.330000 1.814820 
-0.329000 1.822344 
-0.328000 1.829820 
-0.327000 1.837248 
-0.326000 1.844628 
-0.325000 1.851960 
-0.324000 1.859243 
-0.323000 1.866476 
-0.322000 1.873660 
-0.321000 1.880795 
-0.320000 1.887878 
-0.319000 1.894912 
-0.318000 1.901894 
-0.317000 1.908826 
-0.316000 1.915705 
-0.315000 1.922533 
-0.314000 1.929308 
-0.313000 1.936031 
-0.312000 1.942701 
-0.311000 1.949318 
-0.310000 1.955881 
-0.309000 1.962390 
-0.308000 1.968844 
-0.307000 1.975244 
-0.306000 1.981589 
-0.305000 1.987878 
-0.304000 1.994112 
-0.303000 2.000289 
-0.302000 2.006410 
-0.301000 2.012474 
-0.300000 2.018481 
-0.299000 2.024430 
-0.298000 2.030322 
-0.297000 2.036155 
-0.296000 2.041929 
-0.295000 2.047644 
-0.294000 2.053300 
-0.293000 2.058896 
-0.292000 2.064432 
-0.291000 2.069908 
-0.290000 2.075322 
-0.289000 2.080675 
-0.288000 2.085967 
-0.287000 2.091197 
-0.286000 2.096364 
-0.285000 2.101468 
-0.284000 2.106509 
-0.283000 2.111487 
-0.282000 2.116401 
-0.281000 2.121251 
-0.280000 2.126035 
-0.279000 2.130755 
-0.278000 2.135410 
-0.277000 2.139998 
-0.276000 2.144521 
-0.275000 2.148976 
-0.274000 2.153365 
-0.273000 2.157687 
-0.272000 2.161940 
-0.271000 2.166126 
-0.270000 2.170243 
-0.269000 2.174291 
-0.268000 2.178270 
-0.267000 2.182179 
-0.266000 2.186018 
-0.265000 2.189786 
-0.264000 2.193484 
-0.263000 2.197110 
-0.262000 2.200665 
-0.261000 2.204147 
-0.260000 2.207557 
-0.259000 2.210895 
-0.258000 2.214159 
-0.257000 2.217349 
-0.256000 2.220465 
-0.255000 2.223507 
-0.254000 2.226474 
-0.253000 2.229366 
-0.252000 2.232182 
-0.251000 2.234922 
-0.250000 2.237586 
-0.249000 2.240173 
-0.248000 2.242683 
-0.247000 2.245115 
-0.246000 2.247469 
-0.245000 2.249744 
-0.244000 2.251941 
-0.243000 2.254059 
-0.242000 2.256096 
-0.241000 2.258054 
-0.240000 2.259932 
-0.239000 2.261728 
-0.238000 2.263444 
-0.237000 2.265078 
-0.236000 2.266629 
-0.235000 2.268099 
-0.234000 2.269485 
-0.233000 2.270789 
-0.232000 2.272009 
-0.231000 2.273145 
-0.230000 2.274196 
-0.229000 2.275163 
-0.228000 2.276044 
-0.227000 2.276840 
-0.226000 2.277550 
-0.225000 2.278174 
-0.224000 2.278711 
-0.223000 2.279161 
-0.222000 2.279523 
-0.221000 2.279798 
-0.220000 2.279984 
-0.219000 2.280081 
-0.218000 2.280090 
-0.217000 2.280009 
-0.216000 2.279838 
-0.215000 2.279578 
-0.214000 2.279226 
-0.213000 2.278784 
-0.212000 2.278250 
-0.211000 2.277625 
-0.210000 2.276908 
-0.209000 2.276098 
-0.208000 2.275195 
-0.207000 2.274200 
-0.206000 2.273111 
-0.205000 2.271928 
-0.204000 2.270651 
-0.203000 2.269279 
-0.202000 2.267812 
-0.201000 2.266250 
-0.200000 2.264593 
-0.199000 2.262839 
-0.198000 2.260990 
-0.197000 2.259043 
-0.196000 2.257000 
-0.195000 2.254859 
-0.194000 2.252621 
-0.193000 2.250284 
-0.192000 2.247850 
-0.191000 2.245317 
-0.190000 2.242684 
-0.189000 2.239953 
-0.188000 2.237122 
-0.187000 2.234191 
-0.186000 2.231160 
-0.185000 2.228028 
-0.184000 2.224796 
-0.183000 2.221463 
-0.182000 2.218028 
-0.181000 2.214491 
-0.180000 2.210853 
-0.179000 2.207112 
-0.178000 2.203269 
-0.177000 2.199324 
-0.176000 2.195275 
-0.175000 2.191123 
-0.174000 2.186867 
-0.173000 2.182508 
-0.172000 2.178044 
-0.171000 2.173477 
-0.170000 2.168805 
-0.169000 2.164028 
-0.168000 2.159146 
-0.167000 2.154159 
-0.166000 2.149067 
-0.165000 2.143869 
-0.164000 2.138565 
-0.163000 2.133155 
-0.162000 2.127639 
-0.161000 2.122017 
-0.160000 2.116288 
-0.159000 2.110453 
-0.158000 2.104510 
-0.157000 2.098461 
-0.156000 2.092304 
-0.155000 2.086040 
-0.154000 2.079669 
-0.153000 2.073190 
-0.152000 2.066603 
-0.151000 2.059908 
-0.150000 2.053106 
-0.149000 2.046195 
-0.148000 2.039176 
-0.147000 2.032049 
-0.146000 2.024813 
-0.145000 2.017470 
-0.144000 2.010017 
-0.143000 2.002456 
-0.142000 1.994787 
-0.141000 1.987009 
-0.140000 1.979122 
-0.139000 1.971126 
-0.138000 1.963022 
-0.137000 1.954809 
-0.136000 1.946488 
-0.135000 1.938057 
-0.134000 1.929518 
-0.133000 1.920871 
-0.132000 1.912114 
-0.131000 1.903249 
-0.130000 1.894276 
-0.129000 1.885194 
-0.128000 1.876004 
-0.127000 1.866705 
-0.126000 1.857298 
-0.125000 1.847783 
-0.124000 1.838160 
-0.123000 1.828430 
-0.122000 1.818591 
-0.121000 1.808645 
-0.120000 1.798591 
-0.119000 1.788430 
-0.118000 1.778162 
-0.117000 1.767787 
-0.116000 1.757305 
-0.115000 1.746717 
-0.114000 1.736022 
-0.113000 1.725222 
-0.112000 1.714315 
-0.111000 1.703303 
-0.110000 1.692185 
-0.109000 1.680963 
-0.108000 1.669635 
-0.107000 1.658204 
-0.106000 1.646668 
-0.105000 1.635028 
-0.104000 1.623284 
-0.103000 1.611438 
-0.102000 1.599488 
-0.101000 1.587436 
-0.100000 1.575282 
-0.099000 1.563026 
-0.098000 1.550669 
-0.097000 1.538211 
-0.096000 1.525653 
-0.095000 1.512994 
-0.094000 1.500236 
-0.093000 1.487379 
-0.092000 1.474423 
-0.091000 1.461369 
-0.090000 1.448217 
-0.089000 1.434969 
-0.088000 1.421623 
-0.087000 1.408182 
-0.086000 1.394645 
-0.085000 1.381013 
-0.084000 1.367286 
-0.083000 1.353466 
-0.082000 1.339553 
-0.081000 1.325547 
-0.080000 1.311449 
-0.079000 1.297259 
-0.078000 1.282979 
-0.077000 1.268609 
-0.076000 1.254150 
-0.075000 1.239602 
-0.074000 1.224966 
-0.073000 1.210243 
-0.072000 1.195434 
-0.071000 1.180538 
-0.070000 1.165558 
-0.069000 1.150494 
-0.068000 1.135346 
-0.067000 1.120115 
-0.066000 1.104802 
-0.065000 1.089409 
-0.064000 1.073935 
-0.063000 1.058382 
-0.062000 1.042751 
-0.061000 1.027042 
-0.060000 1.011256 
-0.059000 0.995394 
-0.058000 0.979457 
-0.057000 0.963447 
-0.056000 0.947363 
-0.055000 0.931207 
-0.054000 0.914980 
-0.053000 0.898682 
-0.052000 0.882316 
-0.051000 0.865881 
-0.050000 0.849378 
-0.049000 0.832810 
-0.048000 0.816176 
-0.047000 0.799478 
-0.046000 0.782717 
-0.045000 0.765894 
-0.044000 0.749010 
-0.043000 0.732066 
-0.042000 0.715063 
-0.041000 0.698002 
-0.040000 0.680885 
-0.039000 0.663712 
-0.038000 0.646485 
-0.037000 0.629204 
-0.036000 0.611872 
-0.035000 0.594488 
-0.034000 0.577055 
-0.033000 0.559573 
-0.032000 0.542044 
-0.031000 0.524468 
-0.030000 0.506848 
-0.029000 0.489184 
-0.028000 0.471477 
-0.027000 0.453729 
-0.026000 0.435941 
-0.025000 0.418114 
-0.024000 0.400250 
-0.023000 0.382349 
-0.022000 0.364414 
-0.021000 0.346444 
-0.020000 0.328442 
-0.019000 0.310409 
-0.018000 0.292346 
-0.017000 0.274255 
-0.016000 0.256137 
-0.015000 0.237992 
-0.014000 0.219823 
-0.013000 0.201631 
-0.012000 0.183417 
-0.011000 0.165182 
-0.010000 0.146928 
-0.009000 0.128656 
-0.008000 0.110368 
-0.007000 0.092065 
-0.006000 0.073747 
-0.005000 0.055418 
-0.004000 0.037077 
-0.003000 0.018727 
-0.002000 0.000369 
-0.001000 -0.017997 
-0.000000 -0.036368 
0.001000 -0.054743 
0.002000 -0.073120 
0.003000 -0.091499 
0.004000 -0.109878 
0.005000 -0.128256 
0.006000 -0.146631 
0.007000 -0.165001 
0.008000 -0.183366 
0.009000 -0.201723 
0.010000 -0.220073 
0.011000 -0.238412 
0.012000 -0.256740 
0.013000 -0.275056 
0.014000 -0.293358 
0.015000 -0.311644 
0.016000 -0.329913 
0.017000 -0.348164 
0.018000 -0.366396 
0.019000 -0.384607 
0.020000 -0.402795 
0.021000 -0.420959 
0.022000 -0.439099 
0.023000 -0.457212 
0.024000 -0.475297 
0.025000 -0.493352 
0.026000 -0.511378 
0.027000 -0.529371 
0.028000 -0.547331 
0.029000 -0.565256 
0.030000 -0.583145 
0.031000 -0.600997 
0.032000 -0.618810 
0.033000 -0.636584 
0.034000 -0.654315 
0.035000 -0.672005 
0.036000 -0.689650 
0.037000 -0.707250 
0.038000 -0.724803 
0.039000 -0.742309 
0.040000 -0.759765 
0.041000 -0.777171 
0.042000 -0.794525 
0.043000 -0.811827 
0.044000 -0.829074 
0.045000 -0.846266 
0.046000 -0.863401 
0.047000 -0.880478 
0.048000 -0.897496 
0.049000 -0.914453 
0.050000 -0.931349 
0.051000 -0.948183 
0.052000 -0.964952 
0.053000 -0.981657 
0.054000 -0.998295 
0.055000 -1.014866 
0.056000 -1.031368 
0.057000 -1.047800 
0.058000 -1.064162 
0.059000 -1.080452 
0.060000 -1.096669 
0.061000 -1.112812 
0.062000 -1.128880 
0.063000 -1.144871 
0.064000 -1.160785 
0.065000 -1.176621 
0.066000 -1.192378 
0.067000 -1.208054 
0.068000 -1.223649 
0.069000 -1.239162 
0.070000 -1.254591 
0.071000 -1.269936 
0.072000 -1.285196 
0.073000 -1.300369 
0.074000 -1.315456 
0.075000 -1.330454 
0.076000 -1.345363 
0.077000 -1.360183 
0.078000 -1.374912 
0.079000 -1.389549 
0.080000 -1.404094 
0.081000 -1.418546 
0.082000 -1.432904 
0.083000 -1.447166 
0.084000 -1.461334 
0.085000 -1.475404 
0.086000 -1.489377 
0.087000 -1.503253 
0.088000 -1.517029 
0.089000 -1.530706 
0.090000 -1.544283 
0.091000 -1.557759 
0.092000 -1.571134 
0.093000 -1.584406 
0.094000 -1.597576 
0.095000 -1.610641 
0.096000 -1.623603 
0.097000 -1.636460 
0.098000 -1.649211 
0.099000 -1.661857 
0.100000 -1.674395 
0.101000 -1.686827 
0.102000 -1.699151 
0.103000 -1.711367 
0.104000 -1.723474 
0.105000 -1.735472 
0.106000 -1.747360 
0.107000 -1.759138 
0.108000 -1.770805 
0.109000 -1.782361 
0.110000 -1.793805 
0.111000 -1.805138 
0.112000 -1.816358 
0.113000 -1.827465 
0.114000 -1.838459 
0.115000 -1.849340 
0.116000 -1.860106 
0.117000 -1.870759 
0.118000 -1.881296 
0.119000 -1.891719 
0.120000 -1.902027 
0.121000 -1.912219 
0.122000 -1.922295 
0.123000 -1.932255 
0.124000 -1.942099 
0.125000 -1.951827 
0.126000 -1.961437 
0.127000 -1.970931 
0.128000 -1.980308 
0.129000 -1.989567 
0.130000 -1.998708 
0.131000 -2.007732 
0.132000 -2.016638 
0.133000 -2.025426 
0.134000 -2.034096 
0.135000 -2.042648 
0.136000 -2.051081 
0.137000 -2.059396 
0.138000 -2.067592 
0.139000 -2.075670 
0.140000 -2.083629 
0.141000 -2.091469 
0.142000 -2.099191 
0.143000 -2.106793 
0.144000 -2.114277 
0.145000 -2.121643 
0.146000 -2.128889 
0.147000 -2.136017 
0.148000 -2.143026 
0.149000 -2.149916 
0.150000 -2.156687 
0.151000 -2.163340 
0.152000 -2.169875 
0.153000 -2.176291 
0.154000 -2.182589 
0.155000 -2.188768 
0.156000 -2.194829 
0.157000 -2.200772 
0.158000 -2.206598 
0.159000 -2.212305 
0.160000 -2.217895 
0.161000 -2.223368 
0.162000 -2.228723 
0.163000 -2.233961 
0.164000 -2.239082 
0.165000 -2.244086 
0.166000 -2.248973 
0.167000 -2.253745 
0.168000 -2.258400 
0.169000 -2.262939 
0.170000 -2.267362 
0.171000 -2.271670 
0.172000 -2.275863 
0.173000 -2.279940 
0.174000 -2.283903 
0.175000 -2.287752 
0.176000 -2.291486 
0.177000 -2.295106 
0.178000 -2.298613 
0.179000 -2.302006 
0.180000 -2.305286 
0.181000 -2.308454 
0.182000 -2.311509 
0.183000 -2.314451 
0.184000 -2.317283 
0.185000 -2.320002 
0.186000 -2.322611 
0.187000 -2.325108 
0.188000 -2.327496 
0.189000 -2.329773 
0.190000 -2.331940 
0.191000 -2.333998 
0.192000 -2.335947 
0.193000 -2.337787 
0.194000 -2.339519 
0.195000 -2.341144 
0.196000 -2.342660 
0.197000 -2.344070 
0.198000 -2.345373 
0.199000 -2.346569 
0.200000 -2.347660 
0.201000 -2.348645 
0.202000 -2.349525 
0.203000 -2.350300 
0.204000 -2.350971 
0.205000 -2.351539 
0.206000 -2.352002 
0.207000 -2.352363 
0.208000 -2.352622 
0.209000 -2.352778 
0.210000 -2.352832 
0.211000 -2.352786 
0.212000 -2.352638 
0.213000 -2.352390 
0.214000 -2.352043 
0.215000 -2.351596 
0.216000 -2.351050 
0.217000 -2.350405 
0.218000 -2.349663 
0.219000 -2.348822 
0.220000 -2.347885 
0.221000 -2.346851 
0.222000 -2.345721 
0.223000 -2.344496 
0.224000 -2.343175 
0.225000 -2.341759 
0.226000 -2.340249 
0.227000 -2.338645 
0.228000 -2.336948 
0.229000 -2.335158 
0.230000 -2.333276 
0.231000 -2.331302 
0.232000 -2.329237 
0.233000 -2.327080 
0.234000 -2.324834 
0.235000 -2.322497 
0.236000 -2.320071 
0.237000 -2.317557 
0.238000 -2.314953 
0.239000 -2.312262 
0.240000 -2.309484 
0.241000 -2.306619 
0.242000 -2.303667 
0.243000 -2.300629 
0.244000 -2.297506 
0.245000 -2.294298 
0.246000 -2.291005 
0.247000 -2.287629 
0.248000 -2.284169 
0.249000 -2.280626 
0.250000 -2.277001 
0.251000 -2.273294 
0.252000 -2.269506 
0.253000 -2.265636 
0.254000 -2.261687 
0.255000 -2.257657 
0.256000 -2.253548 
0.257000 -2.249360 
0.258000 -2.245093 
0.259000 -2.240749 
0.260000 -2.236327 
0.261000 -2.231829 
0.262000 -2.227254 
0.263000 -2.222603 
0.264000 -2.217876 
0.265000 -2.213075 
0.266000 -2.208199 
0.267000 -2.203249 
0.268000 -2.198226 
0.269000 -2.193130 
0.270000 -2.187962 
0.271000 -2.182721 
0.272000 -2.177409 
0.273000 -2.172026 
0.274000 -2.166573 
0.275000 -2.161050 
0.276000 -2.155457 
0.277000 -2.149795 
0.278000 -2.144065 
0.279000 -2.138266 
0.280000 -2.132400 
0.281000 -2.126467 
0.282000 -2.120468 
0.283000 -2.114402 
0.284000 -2.108271 
0.285000 -2.102074 
0.286000 -2.095813 
0.287000 -2.089487 
0.288000 -2.083098 
0.289000 -2.076646 
0.290000 -2.070131 
0.291000 -2.063553 
0.292000 -2.056914 
0.293000 -2.050214 
0.294000 -2.043452 
0.295000 -2.036630 
0.296000 -2.029748 
0.297000 -2.022807 
0.298000 -2.015806 
0.299000 -2.008747 
0.300000 -2.001630 
0.301000 -1.994455 
0.302000 -1.987223 
0.303000 -1.979934 
0.304000 -1.972589 
0.305000 -1.965188 
0.306000 -1.957732 
0.307000 -1.950220 
0.308000 -1.942655 
0.309000 -1.935035 
0.310000 -1.927361 
0.311000 -1.919634 
0.312000 -1.911855 
0.313000 -1.904023 
0.314000 -1.896139 
0.315000 -1.888204 
0.316000 -1.880218 
0.317000 -1.872181 
0.318000 -1.864094 
0.319000 -1.855958 
0.320000 -1.847772 
0.321000 -1.839537 
0.322000 -1.831254 
0.323000 -1.822923 
0.324000 -1.814544 
0.325000 -1.806118 
0.326000 -1.797645 
0.327000 -1.789126 
0.328000 -1.780561 
0.329000 -1.771950 
0.330000 -1.763294 
0.331000 -1.754594 
0.332000 -1.745849 
0.333000 -1.737060 
0.334000 -1.728228 
0.335000 -1.719353 
0.336000 -1.710435 
0.337000 -1.701474 
0.338000 -1.692472 
0.339000 -1.683428 
0.340000 -1.674343 
0.341000 -1.665217 
0.342000 -1.656051 
0.343000 -1.646845 
0.344000 -1.637599 
0.345000 -1.628314 
0.346000 -1.618990 
0.347000 -1.609628 
0.348000 -1.600228 
0.349000 -1.590790 
0.350000 -1.581314 
0.351000 -1.571802 
0.352000 -1.562253 
0.353000 -1.552668 
0.354000 -1.543047 
0.355000 -1.533391 
0.356000 -1.523699 
0.357000 -1.513973 
0.358000 -1.504212 
0.359000 -1.494417 
0.360000 -1.484589 
0.361000 -1.474727 
0.362000 -1.464832 
0.363000 -1.454905 
0.364000 -1.444945 
0.365000 -1.434954 
0.366000 -1.424931 
0.367000 -1.414876 
0.368000 -1.404791 
0.369000 -1.394675 
0.370000 -1.384529 
0.371000 -1.374353 
0.372000 -1.364148 
0.373000 -1.353913 
0.374000 -1.343650 
0.375000 -1.333358 
0.376000 -1.323037 
0.377000 -1.312689 
0.378000 -1.302314 
0.379000 -1.291911 
0.380000 -1.281481 
0.381000 -1.271025 
0.382000 -1.260542 
0.383000 -1.250033 
0.384000 -1.239499 
0.385000 -1.228940 
0.386000 -1.218356 
0.387000 -1.207746 
0.388000 -1.197113 
0.389000 -1.186456 
0.390000 -1.175775 
0.391000 -1.165070 
0.392000 -1.154342 
0.393000 -1.143592 
0.394000 -1.132819 
0.395000 -1.122024 
0.396000 -1.111207 
0.397000 -1.100368 
0.398000 -1.089508 
0.399000 -1.078627 
0.400000 -1.067725 
0.401000 -1.056803 
0.402000 -1.045861 
0.403000 -1.034899 
0.404000 -1.023917 
0.405000 -1.012916 
0.406000 -1.001897 
0.407000 -0.990858 
0.408000 -0.979801 
0.409000 -0.968727 
0.410000 -0.957634 
0.411000 -0.946524 
0.412000 -0.935396 
0.413000 -0.924252 
0.414000 -0.913090 
0.415000 -0.901913 
0.416000 -0.890719 
0.417000 -0.879510 
0.418000 -0.868284 
0.419000 -0.857044 
0.420000 -0.845788 
0.421000 -0.834518 
0.422000 -0.823233 
0.423000 -0.811934 
0.424000 -0.800621 
0.425000 -0.789294 
0.426000 -0.777954 
0.427000 -0.766601 
0.428000 -0.755235 
0.429000 -0.743856 
0.430000 -0.732465 
0.431000 -0.721061 
0.432000 -0.709646 
0.433000 -0.698219 
0.434000 -0.686781 
0.435000 -0.675331 
0.436000 -0.663871 
0.437000 -0.652401 
0.438000 -0.640919 
0.439000 -0.629428 
0.440000 -0.617927 
0.441000 -0.606417 
0.442000 -0.594897 
0.443000 -0.583368 
0.444000 -0.571830 
0.445000 -0.560284 
0.446000 -0.548729 
0.447000 -0.537166 
0.448000 -0.525596 
0.449000 -0.514017 
0.450000 -0.502432 
0.451000 -0.490839 
0.452000 -0.479239 
0.453000 -0.467633 
0.454000 -0.456021 
0.455000 -0.444402 
0.456000 -0.432777 
0.457000 -0.421147 
0.458000 -0.409511 
0.459000 -0.397870 
0.460000 -0.386224 
0.461000 -0.374573 
0.462000 -0.362918 
0.463000 -0.351259 
0.464000 -0.339595 
0.465000 -0.327928 
0.466000 -0.316257 
0.467000 -0.304583 
0.468000 -0.292906 
0.469000 -0.281226 
0.470000 -0.269543 
0.471000 -0.257858 
0.472000 -0.246171 
0.473000 -0.234482 
0.474000 -0.222791 
0.475000 -0.211098 
0.476000 -0.199404 
0.477000 -0.187710 
0.478000 -0.176014 
0.479000 -0.164318 
0.480000 -0.152622 
0.481000 -0.140925 
0.482000 -0.129229 
0.483000 -0.117532 
0.484000 -0.105837 
0.485000 -0.094142 
0.486000 -0.082448 
0.487000 -0.070755 
0.488000 -0.059064 
0.489000 -0.047374 
0.490000 -0.035687 
0.491000 -0.024001 
0.492000 -0.012318 
0.493000 -0.000637 
0.494000 0.011041 
0.495000 0.022716 
0.496000 0.034388 
0.497000 0.046056 
0.498000 0.057721 
0.499000 0.069382 
0.500000 0.081039 
0.501000 0.092691 
0.502000 0.104339 
0.503000 0.115982 
0.504000 0.127621 
0.505000 0.139254 
0.506000 0.150882 
0.507000 0.162504 
0.508000 0.174120 
0.509000 0.185730 
0.510000 0.197334 
0.511000 0.208932 
0.512000 0.220523 
0.513000 0.232106 
0.514000 0.243683 
0.515000 0.255253 
0.516000 0.266814 
0.517000 0.278368 
0.518000 0.289914 
0.519000 0.301452 
0.520000 0.312982 
0.521000 0.324502 
0.522000 0.336014 
0.523000 0.347517 
0.524000 0.359010 
0.525000 0.370494 
0.526000 0.381968 
0.527000 0.393433 
0.528000 0.404887 
0.529000 0.416330 
0.530000 0.427763 
0.531000 0.439185 
0.532000 0.450596 
0.533000 0.461996 
0.534000 0.473385 
0.535000 0.484761 
0.536000 0.496126 
0.537000 0.507479 
0.538000 0.518819 
0.539000 0.530146 
0.540000 0.541461 
0.541000 0.552763 
0.542000 0.564051 
0.543000 0.575326 
0.544000 0.586588 
0.545000 0.597835 
0.546000 0.609069 
0.547000 0.620288 
0.548000 0.631492 
0.549000 0.642682 
0.550000 0.653856 
0.551000 0.665016 
0.552000 0.676159 
0.553000 0.687288 
0.554000 0.698400 
0.555000 0.709496 
0.556000 0.720576 
0.557000 0.731639 
0.558000 0.742685 
0.559000 0.753715 
0.560000 0.764727 
0.561000 0.775721 
0.562000 0.786698 
0.563000 0.797657 
0.564000 0.808598 
0.565000 0.819520 
0.566000 0.830423 
0.567000 0.841308 
0.568000 0.852174 
0.569000 0.863020 
0.570000 0.873847 
0.571000 0.884654 
0.572000 0.895441 
0.573000 0.906208 
0.574000 0.916954 
0.575000 0.927680 
0.576000 0.938384 
0.577000 0.949067 
0.578000 0.959729 
0.579000 0.970370 
0.580000 0.980988 
0.581000 0.991584 
0.582000 1.002158 
0.583000 1.012709 
0.584000 1.023238 
0.585000 1.033743 
0.586000 1.044225 
0.587000 1.054683 
0.588000 1.065118 
0.589000 1.075528 
0.590000 1.085914 
0.591000 1.096276 
0.592000 1.106612 
0.593000 1.116924 
0.594000 1.127210 
0.595000 1.137471 
0.596000 1.147706 
0.597000 1.157915 
0.598000 1.168098 
0.599000 1.178254 
0.600000 1.188384 
0.601000 1.198486 
0.602000 1.208561 
0.603000 1.218608 
0.604000 1.228628 
0.605000 1.238620 
0.606000 1.248583 
0.607000 1.258517 
0.608000 1.268423 
0.609000 1.278300 
0.610000 1.288147 
0.611000 1.297965 
0.612000 1.307753 
0.613000 1.317511 
0.614000 1.327238 
0.615000 1.336935 
0.616000 1.346600 
0.617000 1.356235 
0.618000 1.365838 
0.619000 1.375409 
0.620000 1.384948 
0.621000 1.394455 
0.622000 1.403930 
0.623000 1.413371 
0.624000 1.422780 
0.625000 1.432155 
0.626000 1.441496 
0.627000 1.450803 
0.628000 1.460077 
0.629000 1.469315 
0.630000 1.478519 
0.631000 1.487688 
0.632000 1.496822 
0.633000 1.505920 
0.634000 1.514982 
0.635000 1.524008 
0.636000 1.532998 
0.637000 1.541950 
0.638000 1.550866 
0.639000 1.559744 
0.640000 1.568585 
0.641000 1.577388 
0.642000 1.586152 
0.643000 1.594878 
0.644000 1.603566 
0.645000 1.612214 
0.646000 1.620822 
0.647000 1.629391 
0.648000 1.637921 
0.649000 1.646409 
0.650000 1.654857 
0.651000 1.663265 
0.652000 1.671631 
0.653000 1.679955 
0.654000 1.688238 
0.655000 1.696479 
0.656000 1.704677 
0.657000 1.712832 
0.658000 1.720945 
0.659000 1.729014 
0.660000 1.737039 
0.661000 1.745020 
0.662000 1.752957 
0.663000 1.760850 
0.664000 1.768697 
0.665000 1.776499 
0.666000 1.784256 
0.667000 1.791967 
0.668000 1.799631 
0.669000 1.807249 
0.670000 1.814820 
0.671000 1.822344 
0.672000 1.829820 
0.673000 1.837248 
0.674000 1.844628 
0.675000 1.851960 
0.676000 1.859243 
0.677000 1.866476 
0.678000 1.873660 
0.679000 1.880795 
0.680000 1.887878 
0.681000 1.894912 
0.682000 1.901894 
0.683000 1.908826 
0.684000 1.915705 
0.685000 1.922533 
0.686000 1.929308 
0.687000 1.936031 
0.688000 1.942701 
0.689000 1.949318 
0.690000 1.955881 
0.691000 1.962390 
0.692000 1.968844 
0.693000 1.975244 
0.694000 1.981589 
0.695000 1.987878 
0.696000 1.994112 
0.697000 2.000289 
0.698000 2.006410 
0.699000 2.012474 
0.700000 2.018481 
0.701000 2.024430 
0.702000 2.030322 
0.703000 2.036155 
0.704000 2.041929 
0.705000 2.047644 
0.706000 2.053300 
0.707000 2.058896 
0.708000 2.064432 
0.709000 2.069908 
0.710000 2.075322 
0.711000 2.080675 
0.712000 2.085967 
0.713000 2.091197 
0.714000 2.096364 
0.715000 2.101468 
0.716000 2.106509 
0.717000 2.111487 
0.718000 2.116401 
0.719000 2.121251 
0.720000 2.126035 
0.721000 2.130755 
0.722000 2.135410 
0.723000 2.139998 
0.724000 2.144521 
0.725000 2.148976 
0.726000 2.153365 
0.727000 2.157687 
0.728000 2.161940 
0.729000 2.166126 
0.730000 2.170243 
0.731000 2.174291 
0.732000 2.178270 
0.733000 2.182179 
0.734000 2.186018 
0.735000 2.189786 
0.736000 2.193484 
0.737000 2.197110 
0.738000 2.200665 
0.739000 2.204147 
0.740000 2.207557 
0.741000 2.210895 
0.742000 2.214159 
0.743000 2.217349 
0.744000 2.220465 
0.745000 2.223507 
0.746000 2.226474 
0.747000 2.229366 
0.748000 2.232182 
0.749000 2.234922 
0.750000 2.237586 
0.751000 2.240173 
0.752000 2.242683 
0.753000 2.245115 
0.754000 2.247469 
0.755000 2.249744 
0.756000 2.251941 
0.757000 2.254059 
0.758000 2.256096 
0.759000 2.258054 
0.760000 2.259932 
0.761000 2.261728 
0.762000 2.263444 
0.763000 2.265078 
0.764000 2.266629 
0.765000 2.268099 
0.766000 2.269485 
0.767000 2.270789 
0.768000 2.272009 
0.769000 2.273145 
0.770000 2.274196 
0.771000 2.275163 
0.772000 2.276044 
0.773000 2.276840 
0.774000 2.277550 
0.775000 2.278174 
0.776000 2.278711 
0.777000 2.279161 
0.778000 2.279523 
0.779000 2.279798 
0.780000 2.279984 
0.781000 2.280081 
0.782000 2.280090 
0.783000 2.280009 
0.784000 2.279838 
0.785000 2.279578 
0.786000 2.279226 
0.787000 2.278784 
0.788000 2.278250 
0.789000 2.277625 
0.790000 2.276908 
0.791000 2.276098 
0.792000 2.275195 
0.793000 2.274200 
0.794000 2.273111 
0.795000 2.271928 
0.796000 2.270651 
0.797000 2.269279 
0.798000 2.267812 
0.799000 2.266250 
0.800000 2.264593 
0.801000 2.262839 
0.802000 2.260990 
0.803000 2.259043 
0.804000 2.257000 
0.805000 2.254859 
0.806000 2.252621 
0.807000 2.250284 
0.808000 2.247850 
0.809000 2.245317 
0.810000 2.242684 
0.811000 2.239953 
0.812000 2.237122 
0.813000 2.234191 
0.814000 2.231160 
0.815000 2.228028 
0.816000 2.224796 
0.817000 2.221463 
0.818000 2.218028 
0.819000 2.214491 
0.820000 2.210853 
0.821000 2.207112 
0.822000 2.203269 
0.823000 2.199324 
0.824000 2.195275 
0.825000 2.191123 
0.826000 2.186867 
0.827000 2.182508 
0.828000 2.178044 
0.829000 2.173477 
0.830000 2.168805 
0.831000 2.164028 
0.832000 2.159146 
0.833000 2.154159 
0.834000 2.149067 
0.835000 2.143869 
0.836000 2.138565 
0.837000 2.133155 
0.838000 2.127639 
0.839000 2.122017 
0.840000 2.116288 
0.841000 2.110453 
0.842000 2.104510 
0.843000 2.098461 
0.844000 2.092304 
0.845000 2.086040 
0.846000 2.079669 
0.847000 2.073190 
0.848000 2.066603 
0.849000 2.059908 
0.850000 2.053106 
0.851000 2.046195 
0.852000 2.039176 
0.853000 2.032049 
0.854000 2.024813 
0.855000 2.017470 
0.856000 2.010017 
0.857000 2.002456 
0.858000 1.994787 
0.859000 1.987009 
0.860000 1.979122 
0.861000 1.971126 
0.862000 1.963022 
0.863000 1.954809 
0.864000 1.946488 
0.865000 1.938057 
0.866000 1.929518 
0.867000 1.920871 
0.868000 1.912114 
0.869000 1.903249 
0.870000 1.894276 
0.871000 1.885194 
0.872000 1.876004 
0.873000 1.866705 
0.874000 1.857298 
0.875000 1.847783 
0.876000 1.838160 
0.877000 1.828430 
0.878000 1.818591 
0.879000 1.808645 
0.880000 1.798591 
0.881000 1.788430 
0.882000 1.778162 
0.883000 1.767787 
0.884000 1.757305 
0.885000 1.746717 
0.886000 1.736022 
0.887000 1.725222 
0.888000 1.714315 
0.889000 1.703303 
0.890000 1.692185 
0.891000 1.680963 
0.892000 1.669635 
0.893000 1.658204 
0.894000 1.646668 
0.895000 1.635028 
0.896000 1.623284 
0.897000 1.611438 
0.898000 1.599488 
0.899000 1.587436 
0.900000 1.575282 
0.901000 1.563026 
0.902000 1.550669 
0.903000 1.538211 
0.904000 1.525653 
0.905000 1.512994 
0.906000 1.500236 
0.907000 1.487379 
0.908000 1.474423 
0.909000 1.461369 
0.910000 1.448217 
0.911000 1.434969 
0.912000 1.421623 
0.913000 1.408182 
0.914000 1.394645 
0.915000 1.381013 
0.916000 1.367286 
0.917000 1.353466 
0.918000 1.339553 
0.919000 1.325547 
0.920000 1.311449 
0.921000 1.297259 
0.922000 1.282979 
0.923000 1.268609 
0.924000 1.254150 
0.925000 1.239602 
0.926000 1.224966 
0.927000 1.210243 
0.928000 1.195434 
0.929000 1.180538 
0.930000 1.165558 
0.931000 1.150494 
0.932000 1.135346 
0.933000 1.120115 
0.934000 1.104802 
0.935000 1.089409 
0.936000 1.073935 
0.937000 1.058382 
0.938000 1.042751 
0.939000 1.027042 
0.940000 1.011256 
0.941000 0.995394 
0.942000 0.979457 
0.943000 0.963447 
0.944000 0.947363 
0.945000 0.931207 
0.946000 0.914980 
0.947000 0.898682 
0.948000 0.882316 
0.949000 0.865881 
0.950000 0.849378 
0.951000 0.832810 
0.952000 0.816176 
0.953000 0.799478 
0.954000 0.782717 
0.955000 0.765894 
0.956000 0.749010 
0.957000 0.732066 
0.958000 0.715063 
0.959000 0.698002 
0.960000 0.680885 
0.961000 0.663712 
0.962000 0.646485 
0.963000 0.629204 
0.964000 0.611872 
0.965000 0.594488 
0.966000 0.577055 
0.967000 0.559573 
0.968000 0.542044 
0.969000 0.524468 
0.970000 0.506848 
0.971000 0.489184 
0.972000 0.471477 
0.973000 0.453729 
0.974000 0.435941 
0.975000 0.418114 
0.976000 0.400250 
0.977000 0.382349 
0.978000 0.364414 
0.979000 0.346444 
0.980000 0.328442 
0.981000 0.310409 
0.982000 0.292346 
0.983000 0.274255 
0.984000 0.256137 
0.985000 0.237992 
0.986000 0.219823 
0.987000 0.201631 
0.988000 0.183417 
0.989000 0.165182 
0.990000 0.146928 
0.991000 0.128656 
0.992000 0.110368 
0.993000 0.092065 
0.994000 0.073747 
0.995000 0.055418 
0.996000 0.037077 
0.997000 0.018727 
0.998000 0.000369 
0.999000 -0.017997 
1.000000 -0.036368 
1.001000 -0.054743 
1.002000 -0.073120 
1.003000 -0.091499 
1.004000 -0.109878 
1.005000 -0.128256 
1.006000 -0.146631 
1.007000 -0.165001 
1.008000 -0.183366 
1.009000 -0.201723 
1.010000 -0.220073 
1.011000 -0.238412 
1.012000 -0.256740 
1.013000 -0.275056 
1.014000 -0.293358 
1.015000 -0.311644 
1.016000 -0.329913 
1.017000 -0.348164 
1.018000 -0.366396 
1.019000 -0.384607 
1.020000 -0.402795 
1.021000 -0.420959 
1.022000 -0.439099 
1.023000 -0.457212 
1.024000 -0.475297 
1.025000 -0.493352 
1.026000 -0.511378 
1.027000 -0.529371 
1.028000 -0.547331 
1.029000 -0.565256 
1.030000 -0.583145 
1.031000 -0.600997 
1.032000 -0.618810 
1.033000 -0.636584 
1.034000 -0.654315 
1.035000 -0.672005 
1.036000 -0.689650 
1.037000 -0.707250 
1.038000 -0.724803 
1.039000 -0.742309 
1.040000 -0.759765 
1.041000 -0.777171 
1.042000 -0.794525 
1.043000 -0.811827 
1.044000 -0.829074 
1.045000 -0.846266 
1.046000 -0.863401 
1.047000 -0.880478 
1.048000 -0.897496 
1.049000 -0.914453 
1.050000 -0.931349 
1.051000 -0.948183 
1.052000 -0.964952 
1.053000 -0.981657 
1.054000 -0.998295 
1.055000 -1.014866 
1.056000 -1.031368 
1.057000 -1.047800 
1.058000 -1.064162 
1.059000 -1.080452 
1.060000 -1.096669 
1.061000 -1.112812 
1.062000 -1.128880 
1.063000 -1.144871 
1.064000 -1.160785 
1.065000 -1.176621 
1.066000 -1.192378 
1.067000 -1.208054 
1.068000 -1.223649 
1.069000 -1.239162 
1.070000 -1.254591 
1.071000 -1.269936 
1.072000 -1.285196 
1.073000 -1.300369 
1.074000 -1.315456 
1.075000 -1.330454 
1.076000 -1.345363 
1.077000 -1.360183 
1.078000 -1.374912 
1.079000 -1.389549 
1.080000 -1.404094 
1.081000 -1.418546 
1.082000 -1.432904 
1.083000 -1.447166 
1.084000 -1.461334 
1.085000 -1.475404 
1.086000 -1.489377 
1.087000 -1.503253 
1.088000 -1.517029 
1.089000 -1.530706 
1.090000 -1.544283 
1.091000 -1.557759 
1.092000 -1.571134 
1.093000 -1.584406 
1.094000 -1.597576 
1.095000 -1.610641 
1.096000 -1.623603 
1.097000 -1.636460 
1.098000 -1.649211 
1.099000 -1.661857 
1.100000 -1.674395 
1.101000 -1.686827 
1.102000 -1.699151 
1.103000 -1.711367 
1.104000 -1.723474 
1.105000 -1.735472 
1.106000 -1.747360 
1.107000 -1.759138 
1.108000 -1.770805 
1.109000 -1.782361 
1.110000 -1.793805 
1.111000 -1.805138 
1.112000 -1.816358 
1.113000 -1.827465 
1.114000 -1.838459 
1.115000 -1.849340 
1.116000 -1.860106 
1.117000 -1.870759 
1.118000 -1.881296 
1.119000 -1.891719 
1.120000 -1.902027 
1.121000 -1.912219 
1.122000 -1.922295 
1.123000 -1.932255 
1.124000 -1.942099 
1.125000 -1.951827 
1.126000 -1.961437 
1.127000 -1.970931 
1.128000 -1.980308 
1.129000 -1.989567 
1.130000 -1.998708 
1.131000 -2.007732 
1.132000 -2.016638 
1.133000 -2.025426 
1.134000 -2.034096 
1.135000 -2.042648 
1.136000 -2.051081 
1.137000 -2.059396 
1.138000 -2.067592 
1.139000 -2.075670 
1.140000 -2.083629 
1.141000 -2.091469 
1.142000 -2.099191 
1.143000 -2.106793 
1.144000 -2.114277 
1.145000 -2.121643 
1.146000 -2.128889 
1.147000 -2.136017 
1.148000 -2.143026 
1.149000 -2.149916 
1.150000 -2.156687 
1.151000 -2.163340 
1.152000 -2.169875 
1.153000 -2.176291 
1.154000 -2.182589 
1.155000 -2.188768 
1.156000 -2.194829 
1.157000 -2.200772 
1.158000 -2.206598 
1.159000 -2.212305 
1.160000 -2.217895 
1.161000 -2.223368 
1.162000 -2.228723 
1.163000 -2.233961 
1.164000 -2.239082 
1.165000 -2.244086 
1.166000 -2.248973 
1.167000 -2.253745 
1.168000 -2.258400 
1.169000 -2.262939 
1.170000 -2.267362 
1.171000 -2.271670 
1.172000 -2.275863 
1.173000 -2.279940 
1.174000 -2.283903 
1.175000 -2.287752 
1.176000 -2.291486 
1.177000 -2.295106 
1.178000 -2.298613 
1.179000 -2.302006 
1.180000 -2.305286 
1.181000 -2.308454 
1.182000 -2.311509 
1.183000 -2.314451 
1.184000 -2.317283 
1.185000 -2.320002 
1.186000 -2.322611 
1.187000 -2.325108 
1.188000 -2.327496 
1.189000 -2.329773 
1.190000 -2.331940 
1.191000 -2.333998 
1.192000 -2.335947 
1.193000 -2.337787 
1.194000 -2.339519 
1.195000 -2.341144 
1.196000 -2.342660 
1.197000 -2.344070 
1.198000 -2.345373 
1.199000 -2.346569 
1.200000 -2.347660 
1.201000 -2.348645 
1.202000 -2.349525 
1.203000 -2.350300 
1.204000 -2.350971 
1.205000 -2.351539 
1.206000 -2.352002 
1.207000 -2.352363 
1.208000 -2.352622 
1.209000 -2.352778 
1.210000 -2.352832 
1.211000 -2.352786 
1.212000 -2.352638 
1.213000 -2.352390 
1.214000 -2.352043 
1.215000 -2.351596 
1.216000 -2.351050 
1.217000 -2.350405 
1.218000 -2.349663 
1.219000 -2.348822 
1.220000 -2.347885 
1.221000 -2.346851 
1.222000 -2.345721 
1.223000 -2.344496 
1.224000 -2.343175 
1.225000 -2.341759 
1.226000 -2.340249 
1.227000 -2.338645 
1.228000 -2.336948 
1.229000 -2.335158 
1.230000 -2.333276 
1.231000 -2.331302 
1.232000 -2.329237 
1.233000 -2.327080 
1.234000 -2.324834 
1.235000 -2.322497 
1.236000 -2.320071 
1.237000 -2.317557 
1.238000 -2.314953 
1.239000 -2.312262 
1.240000 -2.309484 
1.241000 -2.306619 
1.242000 -2.303667 
1.243000 -2.300629 
1.244000 -2.297506 
1.245000 -2.294298 
1.246000 -2.291005 
1.247000 -2.287629 
1.248000 -2.284169 
1.249000 -2.280626 
1.250000 -2.277001 
1.251000 -2.273294 
1.252000 -2.269506 
1.253000 -2.265636 
1.254000 -2.261687 
1.255000 -2.257657 
1.256000 -2.253548 
1.257000 -2.249360 
1.258000 -2.245093 
1.259000 -2.240749 
1.260000 -2.236327 
1.261000 -2.231829 
1.262000 -2.227254 
1.263000 -2.222603 
1.264000 -2.217876 
1.265000 -2.213075 
1.266000 -2.208199 
1.267000 -2.203249 
1.268000 -2.198226 
1.269000 -2.193130 
1.270000 -2.187962 
1.271000 -2.182721 
1.272000 -2.177409 
1.273000 -2.172026 
1.274000 -2.166573 
1.275000 -2.161050 
1.276000 -2.155457 
1.277000 -2.149795 
1.278000 -2.144065 
1.279000 -2.138266 
1.280000 -2.132400 
1.281000 -2.126467 
1.282000 -2.120468 
1.283000 -2.114402 
1.284000 -2.108271 
1.285000 -2.102074 
1.286000 -2.095813 
1.287000 -2.089487 
1.288000 -2.083098 
1.289000 -2.076646 
1.290000 -2.070131 
1.291000 -2.063553 
1.292000 -2.056914 
1.293000 -2.050214 
1.294000 -2.043452 
1.295000 -2.036630 
1.296000 -2.029748 
1.297000 -2.022807 
1.298000 -2.015806 
1.299000 -2.008747 
1.300000 -2.001630 
1.301000 -1.994455 
1.302000 -1.987223 
1.303000 -1.979934 
1.304000 -1.972589 
1.305000 -1.965188 
1.306000 -1.957732 
1.307000 -1.950220 
1.308000 -1.942655 
1.309000 -1.935035 
1.310000 -1.927361 
1.311000 -1.919634 
1.312000 -1.911855 
1.313000 -1.904023 
1.314000 -1.896139 
1.315000 -1.888204 
1.316000 -1.880218 
1.317000 -1.872181 
1.318000 -1.864094 
1.319000 -1.855958 
1.320000 -1.847772 
1.321000 -1.839537 
1.322000 -1.831254 
1.323000 -1.822923 
1.324000 -1.814544 
1.325000 -1.806118 
1.326000 -1.797645 
1.327000 -1.789126 
1.328000 -1.780561 
1.329000 -1.771950 
1.330000 -1.763294 
1.331000 -1.754594 
1.332000 -1.745849 
1.333000 -1.737060 
1.334000 -1.728228 
1.335000 -1.719353 
1.336000 -1.710435 
1.337000 -1.701474 
1.338000 -1.692472 
1.339000 -1.683428 
1.340000 -1.674343 
1.341000 -1.665217 
1.342000 -1.656051 
1.343000 -1.646845 
1.344000 -1.637599 
1.345000 -1.628314 
1.346000 -1.618990 
1.347000 -1.609628 
1.348000 -1.600228 
1.349000 -1.590790 
1.350000 -1.581314 
1.351000 -1.571802 
1.352000 -1.562253 
1.353000 -1.552668 
1.354000 -1.543047 
1.355000 -1.533391 
1.356000 -1.523699 
1.357000 -1.513973 
1.358000 -1.504212 
1.359000 -1.494417 
1.360000 -1.484589 
1.361000 -1.474727 
1.362000 -1.464832 
1.363000 -1.454905 
1.364000 -1.444945 
1.365000 -1.434954 
1.366000 -1.424931 
1.367000 -1.414876 
1.368000 -1.404791 
1.369000 -1.394675 
1.370000 -1.384529 
1.371000 -1.374353 
1.372000 -1.364148 
1.373000 -1.353913 
1.374000 -1.343650 
1.375000 -1.333358 
1.376000 -1.323037 
1.377000 -1.312689 
1.378000 -1.302314 
1.379000 -1.291911 
1.380000 -1.281481 
1.381000 -1.271025 
1.382000 -1.260542 
1.383000 -1.250033 
1.384000 -1.239499 
1.385000 -1.228940 
1.386000 -1.218356 
1.387000 -1.207746 
1.388000 -1.197113 
1.389000 -1.186456 
1.390000 -1.175775 
1.391000 -1.165070 
1.392000 -1.154342 
1.393000 -1.143592 
1.394000 -1.132819 
1.395000 -1.122024 
1.396000 -1.111207 
1.397000 -1.100368 
1.398000 -1.089508 
1.399000 -1.078627 
1.400000 -1.067725 
1.401000 -1.056803 
1.402000 -1.045861 
1.403000 -1.034899 
1.404000 -1.023917 
1.405000 -1.012916 
1.406000 -1.001897 
1.407000 -0.990858 
1.408000 -0.979801 
1.409000 -0.968727 
1.410000 -0.957634 
1.411000 -0.946524 
1.412000 -0.935396 
1.413000 -0.924252 
1.414000 -0.913090 
1.415000 -0.901913 
1.416000 -0.890719 
1.417000 -0.879510 
1.418000 -0.868284 
1.419000 -0.857044 
1.420000 -0.845788 
1.421000 -0.834518 
1.422000 -0.823233 
1.423000 -0.811934 
1.424000 -0.800621 
1.425000 -0.789294 
1.426000 -0.777954 
1.427000 -0.766601 
1.428000 -0.755235 
1.429000 -0.743856 
1.430000 -0.732465 
1.431000 -0.721061 
1.432000 -0.709646 
1.433000 -0.698219 
1.434000 -0.686781 
1.435000 -0.675331 
1.436000 -0.663871 
1.437000 -0.652401 
1.438000 -0.640919 
1.439000 -0.629428 
1.440000 -0.617927 
1.441000 -0.606417 
1.442000 -0.594897 
1.443000 -0.583368 
1.444000 -0.571830 
1.445000 -0.560284 
1.446000 -0.548729 
1.447000 -0.537166 
1.448000 -0.525596 
1.449000 -0.514017 
1.450000 -0.502432 
1.451000 -0.490839 
1.452000 -0.479239 
1.453000 -0.467633 
1.454000 -0.456021 
1.455000 -0.444402 
1.456000 -0.432777 
1.457000 -0.421147 
1.458000 -0.409511 
1.459000 -0.397870 
1.460000 -0.386224 
1.461000 -0.374573 
1.462000 -0.362918 
1.463000 -0.351259 
1.464000 -0.339595 
1.465000 -0.327928 
1.466000 -0.316257 
1.467000 -0.304583 
1.468000 -0.292906 
1.469000 -0.281226 
1.470000 -0.269543 
1.471000 -0.257858 
1.472000 -0.246171 
1.473000 -0.234482 
1.474000 -0.222791 
1.475000 -0.211098 
1.476000 -0.199404 
1.477000 -0.187710 
1.478000 -0.176014 
1.479000 -0.164318 
1.480000 -0.152622 
1.481000 -0.140925 
1.482000 -0.129229 
1.483000 -0.117532 
1.484000 -0.105837 
1.485000 -0.094142 
1.486000 -0.082448 
1.487000 -0.070755 
1.488000 -0.059064 
1.489000 -0.047374 
1.490000 -0.035687 
1.491000 -0.024001 
1.492000 -0.012318 
1.493000 -0.000637 
1.494000 0.011041 
1.495000 0.022716 
1.496000 0.034388 
1.497000 0.046056 
1.498000 0.057721 
1.499000 0.069382 
