# time model 
2449300.559923 0.373272 
2449313.101259 -0.980825 
2449325.642595 1.442012 
2449338.183931 -1.377199 
2449350.725267 -0.005492 
2449363.266603 1.476131 
2449375.807939 -1.872744 
2449388.349275 0.821399 
2449400.890611 0.601898 
2449413.431947 -1.125607 
2449425.973283 1.388835 
2449438.514619 -1.152548 
2449451.055955 -0.143589 
2449463.597291 1.515805 
2449476.138627 -1.908431 
2449488.679963 0.712912 
2449501.221299 0.805580 
2449513.762635 -1.266728 
2449526.303971 1.326470 
2449538.845307 -0.900788 
2449551.386643 -0.284762 
2449563.927979 1.537433 
2449576.469315 -1.911522 
2449589.010651 0.599209 
2449601.551987 0.982698 
2449614.093323 -1.402081 
2449626.634659 1.255697 
2449639.175995 -0.631398 
2449651.717331 -0.428518 
2449664.258667 1.542749 
2449676.800003 -1.877490 
2449689.341339 0.480583 
2449701.882675 1.132967 
2449714.424011 -1.529092 
2449726.965347 1.177194 
2449739.506684 -0.354580 
2449752.048020 -0.574256 
2449764.589356 1.533345 
2449777.130692 -1.802789 
2449789.672028 0.357315 
2449802.213364 1.257067 
2449814.754700 -1.644670 
2449827.296036 1.091547 
2449839.837372 -0.080178 
2449852.378708 -0.721227 
2449864.920044 1.510662 
2449877.461380 -1.685524 
2449890.002716 0.229684 
2449902.544052 1.356311 
2449915.085388 -1.745174 
2449927.626724 0.999266 
2449940.168060 0.183217 
2449952.709396 -0.868499 
2449965.250732 1.475984 
2449977.792068 -1.526078 
2449990.333404 0.097979 
2450002.874740 1.432378 
2450015.416076 -1.826416 
2450027.957412 0.900793 
2450040.498748 0.428817 
2450053.040084 -1.014908 
2450065.581420 1.430447 
2450078.122756 -1.327546 
2450090.664092 -0.037482 
2450103.205428 1.487119 
2450115.746764 -1.883750 
2450128.288100 0.796517 
2450140.829436 0.651840 
2450153.370772 -1.159000 
2450165.912109 1.375046 
2450178.453445 -1.095785 
2450190.994781 -0.176337 
2450203.536117 1.522412 
2450216.077453 -1.912251 
2450228.618789 0.686784 
2450241.160125 0.849400 
2450253.701461 -1.298978 
2450266.242797 1.310649 
2450278.784133 -0.839009 
2450291.325469 -0.318162 
2450303.866805 1.540076 
2450316.408141 -1.907042 
2450328.949477 0.571904 
2450341.490813 1.020225 
2450354.032149 -1.432629 
2450366.573485 1.238012 
2450379.114821 -0.566966 
2450391.656157 -0.462441 
2450404.197493 1.541813 
2450416.738829 -1.863769 
2450429.280165 0.452168 
2450441.821501 1.164286 
2450454.362837 -1.557264 
2450466.904173 1.157789 
2450479.445509 -0.289864 
2450491.986845 -0.608540 
2450504.528181 1.529181 
2450517.069517 -1.779211 
2450529.610853 0.327854 
2450542.152189 1.282440 
2450554.693525 -1.669665 
2450567.234861 1.070548 
2450579.776197 -0.017326 
2450592.317534 -0.755672 
2450604.858870 1.503584 
2450617.400206 -1.651954 
2450629.941542 0.199244 
2450642.482878 1.376105 
2450655.024214 -1.766058 
2450667.565550 0.976782 
2450680.106886 0.242443 
2450692.648222 -0.902856 
2450705.189558 1.466271 
2450717.730894 -1.482989 
2450730.272230 0.066631 
2450742.813566 1.447018 
2450755.354902 -1.842141 
2450767.896238 0.876919 
2450780.437574 0.483119 
2450792.978910 -1.048865 
2450805.520246 1.418344 
2450818.061582 -1.276066 
2450830.602918 -0.069658 
2450843.144254 1.497044 
2450855.685590 -1.893179 
2450868.226926 0.771338 
2450880.768262 0.700382 
2450893.309598 -1.192171 
2450905.850934 1.360766 
2450918.392270 -1.037648 
2450930.933606 -0.209248 
2450943.474942 1.528057 
2450956.016278 -1.914225 
2450968.557614 0.660374 
2450981.098950 0.891753 
2450993.640286 -1.330885 
2451006.181622 1.294379 
2451018.722959 -0.776394 
2451031.264295 -0.351697 
2451043.805631 1.541849 
2451056.346967 -1.900476 
2451068.888303 0.544333 
2451081.429639 1.056285 
2451093.970975 -1.462687 
2451106.512311 1.219913 
2451119.053647 -0.502259 
2451131.594983 -0.496463 
2451144.136319 1.540092 
2451156.677655 -1.847783 
2451169.218991 0.423502 
2451181.760327 1.194187 
2451194.301663 -1.584770 
2451206.842999 1.138001 
2451219.384335 -0.225404 
2451231.925671 -0.642881 
2451244.467007 1.524309 
2451257.008343 -1.753288 
2451269.549679 0.298159 
2451282.091015 1.306473 
2451294.632351 -1.693786 
2451307.173687 1.049193 
2451319.715023 0.044819 
2451332.256359 -0.790121 
2451344.797695 1.495866 
2451357.339031 -1.616092 
2451369.880367 0.168585 
2451382.421703 1.394655 
2451394.963039 -1.785835 
2451407.504375 0.953964 
2451420.045711 0.300616 
2451432.587047 -0.937151 
2451445.128384 1.455978 
2451457.669720 -1.437812 
2451470.211056 0.035082 
2451482.752392 1.460515 
2451495.293728 -1.856498 
2451507.835064 0.852733 
2451520.376400 0.536133 
2451532.917736 -1.082677 
2451545.459072 1.405713 
2451558.000408 -1.222855 
2451570.541744 -0.102014 
2451583.083080 1.505931 
2451595.624416 -1.900969 
2451608.165752 0.745864 
2451620.707088 0.747502 
2451633.248424 -1.225093 
2451645.789760 1.346004 
2451658.331096 -0.978257 
2451670.872432 -0.242316 
2451683.413768 1.532760 
2451695.955104 -1.914295 
2451708.496440 0.633687 
2451721.037776 0.932634 
2451733.579112 -1.362415 
2451746.120448 1.277667 
2451758.661784 -0.713074 
2451771.203120 -0.385359 
2451783.744456 1.542772 
2451796.285792 -1.891775 
2451808.827128 0.516501 
2451821.368464 1.090886 
2451833.909800 -1.492216 
2451846.451136 1.201407 
2451858.992472 -0.437408 
2451871.533809 -0.530576 
2451884.075145 1.537605 
2451896.616481 -1.829503 
2451909.157817 0.394590 
2451921.699153 1.222685 
2451934.240489 -1.611564 
2451946.781825 1.117836 
2451959.323161 -0.161313 
2451971.864497 -0.677267 
2451984.405833 1.518746 
2451996.947169 -1.725020 
2452009.488505 0.268232 
2452022.029841 1.329187 
2452034.571177 -1.716983 
2452047.112513 1.027486 
2452059.653849 0.106167 
2452072.195185 -0.824560 
2452084.736521 1.487524 
2452097.277857 -1.577972 
2452109.819193 0.137711 
2452122.360529 1.411985 
2452134.901865 -1.804444 
2452147.443201 0.930819 
2452159.984537 0.357672 
2452172.525873 -0.971364 
2452185.067209 1.445119 
2452197.608545 -1.390619 
2452210.149881 0.003337 
2452222.691217 1.472896 
2452235.232553 -1.869424 
2452247.773889 0.828238 
2452260.315225 0.587820 
2452272.856561 -1.116320 
2452285.397897 1.392567 
2452297.939234 -1.168014 
2452310.480570 -0.134547 
2452323.021906 1.513801 
2452335.563242 -1.907055 
2452348.104578 0.720100 
2452360.645914 0.793182 
2452373.187250 -1.257738 
2452385.728586 1.330772 
2452398.269922 -0.917736 
2452410.811258 -0.275534 
2452423.352594 1.536544 
2452435.893930 -1.912402 
2452448.435266 0.606726 
2452460.976602 0.972042 
2452473.517938 -1.393537 
2452486.059274 1.260522 
2452498.600610 -0.649182 
2452511.141946 -0.419140 
2452523.683282 1.542866 
2452536.224618 -1.880895 
2452548.765954 0.488410 
2452561.307290 1.124038 
2452573.848626 -1.521175 
2452586.389962 1.182501 
2452598.931298 -0.372537 
2452611.472634 -0.564770 
2452624.013970 1.534371 
2452636.555306 -1.808907 
2452649.096642 0.365435 
2452661.637978 1.249799 
2452674.179314 -1.637599 
2452686.720650 1.097301 
2452699.261986 -0.097701 
2452711.803322 -0.711688 
2452724.344658 1.512507 
2452736.885995 -1.694414 
2452749.427331 0.238077 
2452761.968667 1.350604 
2452774.510003 -1.739200 
2452787.051339 1.005435 
2452799.592675 0.166633 
2452812.134011 -0.858973 
2452824.675347 1.478571 
2452837.216683 -1.537637 
2452849.758019 0.106627 
2452862.299355 1.428117 
2452874.840691 -1.821826 
2452887.382027 0.907351 
2452899.923363 0.413552 
2452912.464699 -1.005478 
2452925.006035 1.433705 
2452937.547371 -1.341488 
2452950.088707 -0.028601 
2452962.630043 1.484183 
2452975.171379 -1.880856 
2452987.712715 0.803440 
2453000.254051 0.638144 
2453012.795387 -1.149771 
2453025.336723 1.378916 
2453037.878059 -1.111652 
2453050.419395 -0.167249 
2453062.960731 1.520679 
2453075.502067 -1.911375 
2453088.043403 0.694050 
2453100.584739 0.837407 
2453113.126075 -1.290078 
2453125.667411 1.315078 
2453138.208747 -0.856213 
2453150.750083 -0.308896 
2453163.291420 1.539432 
2453175.832756 -1.908490 
2453188.374092 0.579495 
2453200.915428 1.009976 
2453213.456764 -1.424214 
2453225.998100 1.242953 
2453238.539436 -0.584848 
2453251.080772 -0.453033 
2453263.622108 1.542151 
2453276.163444 -1.867795 
2453288.704780 0.460065 
2453301.246116 1.155753 
2453313.787452 -1.549524 
2453326.328788 1.163204 
2453338.870124 -0.307771 
2453351.411460 -0.599036 
2453363.952796 1.530406 
2453376.494132 -1.785977 
2453389.035468 0.336039 
2453401.576804 1.275546 
2453414.118140 -1.662826 
2453426.659476 1.076401 
2453439.200812 -0.034671 
2453451.742148 -0.746129 
2453464.283484 1.505609 
2453476.824820 -1.661484 
2453489.366156 0.207698 
2453501.907492 1.370747 
2453514.448828 -1.760381 
2453526.990164 0.983044 
2453539.531500 0.226138 
2453552.072836 -0.893344 
2453564.614172 1.469020 
2453577.155508 -1.495137 
2453589.696845 0.075335 
2453602.238181 1.443078 
2453614.779517 -1.837919 
2453627.320853 0.883564 
2453639.862189 0.468203 
2453652.403525 -1.039472 
2453664.944861 1.421750 
2453677.486197 -1.290505 
2453690.027533 -0.060726 
2453702.568869 1.494400 
2453715.110205 -1.890728 
2453727.651541 0.778343 
2453740.192877 0.687076 
2453752.734213 -1.183006 
2453765.275549 1.364770 
2453777.816885 -1.053884 
2453790.358221 -0.200115 
2453802.899557 1.526588 
2453815.440893 -1.913866 
2453827.982229 0.667718 
2453840.523565 0.880168 
2453853.064901 -1.322082 
2453865.606237 1.298931 
2453878.147573 -0.793816 
2453890.688909 -0.342394 
2453903.230245 1.541444 
2453915.771581 -1.902506 
2453928.312917 0.551997 
2453940.854253 1.046442 
2453953.395589 -1.454412 
2453965.936925 1.224968 
2453978.478261 -0.520204 
2453991.019597 -0.487028 
2454003.560933 1.540646 
2454016.102270 -1.852440 
2454028.643606 0.431468 
2454041.184942 1.186045 
2454053.726278 -1.577219 
2454066.267614 1.143521 
2454078.808950 -0.243229 
2454091.350286 -0.633362 
2454103.891622 1.525728 
2454116.432958 -1.760705 
2454128.974294 0.306408 
2454141.515630 1.299948 
2454154.056966 -1.687194 
2454166.598302 1.055144 
2454179.139638 0.027680 
2454191.680974 -0.780579 
2454204.222310 1.498068 
2454216.763646 -1.626255 
2454229.304982 0.177100 
2454241.846318 1.389640 
2454254.387654 -1.780471 
2454266.928990 0.960318 
2454279.470326 0.284610 
2454292.011662 -0.927658 
2454304.552998 1.458887 
2454317.094334 -1.450532 
2454329.635670 0.043842 
2454342.177006 1.456889 
2454354.718342 -1.852662 
2454367.259678 0.859464 
2454379.801014 0.521579 
2454392.342350 -1.073326 
2454404.883686 1.409264 
2454417.425022 -1.237763 
2454429.966358 -0.093033 
2454442.507695 1.503572 
2454455.049031 -1.898979 
2454467.590367 0.752950 
2454480.131703 0.734592 
2454492.673039 -1.215999 
2454505.214375 1.350141 
2454517.755711 -0.994828 
2454530.297047 -0.233140 
2454542.838383 1.531550 
2454555.379719 -1.914470 
2454567.921055 0.641107 
2454580.462391 0.921457 
2454593.003727 -1.353720 
2454605.545063 1.282340 
2454618.086399 -0.730678 
2454630.627735 -0.376021 
2454643.169071 1.542600 
2454655.710407 -1.894402 
2454668.251743 0.524237 
2454680.793079 1.081446 
2454693.334415 -1.484091 
2454705.875751 1.206574 
2454718.417087 -0.455380 
2454730.958423 -0.521117 
2454743.499759 1.538370 
2454756.041095 -1.834798 
2454768.582431 0.402624 
2454781.123767 1.214930 
2454793.665103 -1.604215 
2454806.206439 1.123460 
2454818.747775 -0.179025 
2454831.289111 -0.667737 
2454843.830447 1.520355 
2454856.371783 -1.733086 
2454868.913120 0.276545 
2454881.454456 1.323025 
2454893.995792 -1.710653 
2454906.537128 1.033534 
2454919.078464 0.089257 
2454931.619800 -0.815022 
2454944.161136 1.489897 
2454956.702472 -1.588756 
2454969.243808 0.146285 
2454981.785144 1.407305 
2454994.326480 -1.799409 
2455006.867816 0.937263 
2455019.409152 0.341982 
2455031.950488 -0.961895 
2455044.491824 1.448183 
2455057.033160 -1.403890 
2455069.574496 0.012150 
2455082.115832 1.469577 
2455094.657168 -1.865991 
2455107.198504 0.835054 
2455119.739840 0.573637 
2455132.281176 -1.107018 
2455144.822512 1.396259 
2455157.363848 -1.183363 
2455169.905184 -0.125517 
2455182.446520 1.511721 
2455194.987856 -1.905543 
2455207.529192 0.727266 
2455220.070528 0.780673 
2455232.611864 -1.248724 
2455245.153200 1.335038 
2455257.694536 -0.934608 
2455270.235872 -0.266317 
2455282.777208 1.535587 
2455295.318545 -1.913126 
2455307.859881 0.614222 
2455320.401217 0.961272 
2455332.942553 -1.384958 
2455345.483889 1.265315 
2455358.025225 -0.666931 
2455370.566561 -0.409771 
2455383.107897 1.542922 
2455395.649233 -1.884130 
2455408.190569 0.496218 
2455420.731905 1.114999 
2455433.273241 -1.513212 
2455445.814577 1.187778 
2455458.355913 -0.390503 
2455470.897249 -0.555290 
2455483.438585 1.535340 
2455495.979921 -1.814846 
2455508.521257 0.373535 
2455521.062593 1.242425 
2455533.603929 -1.630465 
2455546.145265 1.103026 
2455558.686601 -0.115269 
2455571.227937 -0.702150 
2455583.769273 1.514302 
2455596.310609 -1.703126 
2455608.851945 0.246453 
2455621.393281 1.344799 
2455633.934617 -1.733146 
2455646.475953 1.011578 
2455659.017289 0.149976 
2455671.558625 -0.849443 
2455684.099961 1.481111 
2455696.641297 -1.549030 
2455709.182633 0.115259 
2455721.723970 1.423767 
2455734.265306 -1.817137 
2455746.806642 0.913884 
2455759.347978 0.398193 
2455771.889314 -0.996039 
2455784.430650 1.436922 
2455796.971986 -1.355288 
2455809.513322 -0.019735 
2455822.054658 1.481164 
2455834.595994 -1.877842 
2455847.137330 0.810340 
2455859.678666 0.624341 
2455872.220002 -1.140525 
2455884.761338 1.382747 
2455897.302674 -1.127411 
2455909.844010 -0.158173 
2455922.385346 1.518872 
2455934.926682 -1.910358 
2455947.468018 0.701295 
2455960.009354 0.825302 
2455972.550690 -1.281151 
2455985.092026 1.319471 
2455997.633362 -0.873349 
2456010.174698 -0.299640 
2456022.716034 1.538721 
2456035.257370 -1.909779 
2456047.798706 0.587065 
2456060.340042 0.999615 
2456072.881378 -1.415762 
2456085.422714 1.247862 
2456097.964050 -0.602706 
2456110.505386 -0.443633 
2456123.046722 1.542429 
2456135.588058 -1.871649 
2456148.129394 0.467942 
2456160.670731 1.147110 
2456173.212067 -1.541735 
2456185.753403 1.168588 
2456198.294739 -0.325696 
2456210.836075 -0.589537 
2456223.377411 1.531576 
2456235.918747 -1.792564 
2456248.460083 0.344206 
2456261.001419 1.268549 
2456273.542755 -1.655921 
2456286.084091 1.082227 
2456298.625427 -0.052067 
2456311.166763 -0.736587 
2456323.708099 1.507585 
2456336.249435 -1.670838 
2456348.790771 0.216136 
2456361.332107 1.365293 
2456373.873443 -1.754621 
2456386.414779 0.989280 
2456398.956115 0.209754 
2456411.497451 -0.883828 
2456424.038787 1.471725 
2456436.580123 -1.507124 
2456449.121459 0.084024 
2456461.662795 1.439049 
2456474.204131 -1.833594 
2456486.745467 0.890185 
2456499.286803 0.453190 
2456511.828139 -1.030068 
2456524.369475 1.425115 
2456536.910811 -1.304808 
2456549.452147 -0.051808 
2456561.993483 1.491675 
2456574.534819 -1.888153 
2456587.076156 0.785325 
2456599.617492 0.673662 
2456612.158828 -1.173822 
2456624.700164 1.368738 
2456637.241500 -1.070021 
2456649.782836 -0.190995 
2456662.324172 1.525047 
2456674.865508 -1.913363 
2456687.406844 0.675040 
2456699.948180 0.868469 
2456712.489516 -1.313252 
2456725.030852 1.303449 
2456737.572188 -0.811181 
2456750.113524 -0.333101 
2456762.654860 1.540973 
2456775.196196 -1.904374 
2456787.737532 0.559641 
2456800.278868 1.036487 
2456812.820204 -1.446097 
2456825.361540 1.229991 
2456837.902876 -0.538135 
2456850.444212 -0.477601 
2456862.985548 1.541141 
2456875.526884 -1.856922 
2456888.068220 0.439415 
2456900.609556 1.177795 
2456913.150892 -1.569615 
2456925.692228 1.149012 
2456938.233564 -0.261079 
2456950.774900 -0.623848 
2456963.316236 1.527095 
2456975.857572 -1.767941 
2456988.398908 0.314640 
2457000.940244 1.293322 
2457013.481581 -1.680533 
2457026.022917 1.061068 
2457038.564253 0.010481 
2457051.105589 -0.771036 
2457063.646925 1.500220 
2457076.188261 -1.636243 
2457088.729597 0.185598 
2457101.270933 1.384530 
2457113.812269 -1.775018 
2457126.353605 0.966647 
2457138.894941 0.268519 
2457151.436277 -0.918159 
2457163.977613 1.461752 
2457176.518949 -1.463096 
2457189.060285 0.052586 
2457201.601621 1.453177 
2457214.142957 -1.848717 
2457226.684293 0.866171 
2457239.225629 0.506923 
2457251.766965 -1.063963 
2457264.308301 1.412775 
2457276.849637 -1.252544 
2457289.390973 -0.084065 
2457301.932309 1.501134 
2457314.473645 -1.896859 
2457327.014981 0.760014 
2457339.556317 0.721572 
2457352.097653 -1.206885 
2457364.638989 1.354242 
2457377.180325 -1.011310 
2457389.721661 -0.223976 
2457402.262997 1.530269 
2457414.804333 -1.914495 
2457427.345669 0.648507 
2457439.887006 0.910167 
2457452.428342 -1.344994 
2457464.969678 1.286980 
2457477.511014 -0.748236 
2457490.052350 -0.366693 
2457502.593686 1.542364 
2457515.135022 -1.896862 
2457527.676358 0.531953 
2457540.217694 1.071895 
2457552.759030 -1.475923 
2457565.300366 1.211710 
2457577.841702 -0.473349 
2457590.383038 -0.511665 
2457602.924374 1.539077 
2457615.465710 -1.839916 
2457628.007046 0.410639 
2457640.548382 1.207068 
2457653.089718 -1.596809 
2457665.631054 1.129055 
2457678.172390 -0.196770 
2457690.713726 -0.658211 
2457703.255062 1.521912 
2457715.796398 -1.740972 
2457728.337734 0.284841 
2457740.879070 1.316764 
2457753.420406 -1.704248 
2457765.961742 1.039556 
2457778.503078 0.072281 
2457791.044414 -0.805482 
2457803.585750 1.492222 
2457816.127086 -1.599369 
2457828.668422 0.154843 
2457841.209758 1.402533 
2457853.751094 -1.794282 
2457866.292431 0.943683 
2457878.833767 0.326202 
2457891.375103 -0.952419 
2457903.916439 1.451205 
2457916.457775 -1.417011 
2457928.999111 0.020949 
2457941.540447 1.466173 
2457954.081783 -1.862443 
2457966.623119 0.841847 
2457979.164455 0.559350 
2457991.705791 -1.097702 
2458004.247127 1.399913 
2458016.788463 -1.198593 
2458029.329799 -0.116501 
2458041.871135 1.509565 
2458054.412471 -1.903897 
2458066.953807 0.734410 
2458079.495143 0.768052 
2458092.036479 -1.239687 
2458104.577815 1.339269 
2458117.119151 -0.951399 
2458129.660487 -0.257112 
2458142.201823 1.534560 
2458154.743159 -1.913696 
2458167.284495 0.621697 
2458179.825831 0.950390 
2458192.367167 -1.376347 
2458204.908503 1.270074 
2458217.449839 -0.684644 
2458229.991175 -0.400410 
2458242.532511 1.542915 
2458255.073847 -1.887195 
2458267.615183 0.504005 
2458280.156519 1.105849 
2458292.697856 -1.505203 
2458305.239192 1.193025 
2458317.780528 -0.408473 
2458330.321864 -0.545816 
2458342.863200 1.536254 
2458355.404536 -1.820606 
2458367.945872 0.381618 
2458380.487208 1.234947 
2458393.028544 -1.623271 
2458405.569880 1.108724 
2458418.111216 -0.132880 
2458430.652552 -0.692614 
2458443.193888 1.516046 
2458455.735224 -1.711659 
2458468.276560 0.254812 
2458480.817896 1.338897 
2458493.359232 -1.727015 
2458505.900568 1.017695 
2458518.441904 0.133246 
2458530.983240 -0.839911 
2458543.524576 1.483606 
2458556.065912 -1.560256 
2458568.607248 0.123875 
2458581.148584 1.419326 
2458593.689920 -1.812351 
2458606.231256 0.920393 
2458618.772592 0.382741 
2458631.313928 -0.986591 
2458643.855264 1.440097 
2458656.396600 -1.368943 
2458668.937936 -0.010883 
2458681.479272 1.478063 
2458694.020608 -1.874711 
2458706.561944 0.817217 
2458719.103281 0.610432 
2458731.644617 -1.131263 
2458744.185953 1.386541 
2458756.727289 -1.143060 
2458769.268625 -0.149110 
2458781.809961 1.516990 
2458794.351297 -1.909203 
2458806.892633 0.708518 
2458819.433969 0.813085 
2458831.975305 -1.272199 
2458844.516641 1.323829 
2458857.057977 -0.890416 
2458869.599313 -0.290395 
2458882.140649 1.537942 
2458894.681985 -1.910910 
2458907.223321 0.594615 
2458919.764657 0.989140 
2458932.305993 -1.407274 
2458944.847329 1.252739 
2458957.388665 -0.620538 
2458969.930001 -0.434242 
2458982.471337 1.542646 
2458995.012673 -1.875330 
2459007.554009 0.475801 
2459020.095345 1.138358 
2459032.636681 -1.533896 
2459045.178017 1.173943 
2459057.719353 -0.343635 
2459070.260689 -0.580043 
2459082.802025 1.532692 
2459095.343361 -1.798971 
2459107.884697 0.352355 
2459120.426033 1.261448 
2459132.967369 -1.648952 
2459145.508706 1.088025 
2459158.050042 -0.069514 
2459170.591378 -0.727045 
2459183.132714 1.509512 
2459195.674050 -1.680015 
2459208.215386 0.224557 
2459220.756722 1.359743 
2459233.298058 -1.748777 
2459245.839394 0.995491 
2459258.380730 0.193293 
2459270.922066 -0.874307 
2459283.463402 1.474385 
2459296.004738 -1.518948 
2459308.546074 0.092697 
2459321.087410 1.434932 
2459333.628746 -1.829166 
2459346.170082 0.896782 
2459358.711418 0.438079 
2459371.252754 -1.020654 
2459383.794090 1.428440 
2459396.335426 -1.318975 
2459408.876762 -0.042905 
2459421.418098 1.488870 
2459433.959434 -1.885455 
2459446.500770 0.792285 
2459459.042106 0.660139 
2459471.583442 -1.164621 
2459484.124778 1.372668 
2459496.666114 -1.086056 
2459509.207450 -0.181886 
2459521.748786 1.523433 
2459534.290122 -1.912715 
2459546.831458 0.682342 
2459559.372794 0.856658 
2459571.914130 -1.304394 
2459584.455467 1.307932 
2459596.996803 -0.828487 
2459609.538139 -0.323818 
2459622.079475 1.540436 
2459634.620811 -1.906080 
2459647.162147 0.567265 
2459659.703483 1.026419 
2459672.244819 -1.437743 
2459684.786155 1.234984 
2459697.327491 -0.556050 
2459709.868827 -0.468181 
2459722.410163 1.541577 
2459734.951499 -1.861228 
2459747.492835 0.447343 
2459760.034171 1.169437 
2459772.575507 -1.561959 
2459785.116843 1.154473 
2459797.658179 -0.278954 
2459810.199515 -0.614337 
2459822.740851 1.528407 
2459835.282187 -1.774997 
2459847.823523 0.322854 
2459860.364859 1.286593 
2459872.906195 -1.673802 
2459885.447531 1.066965 
2459897.988867 -0.006775 
2459910.530203 -0.761492 
2459923.071539 1.502325 
2459935.612875 -1.646056 
2459948.154211 0.194080 
2459960.695547 1.379326 
2459973.236883 -1.769479 
2459985.778219 0.972950 
2459998.319555 0.252346 
2460010.860892 -0.908655 
2460023.402228 1.464573 
2460035.943564 -1.475501 
2460048.484900 0.061315 
2460061.026236 1.449377 
2460073.567572 -1.844664 
2460086.108908 0.872855 
2460098.650244 0.492167 
2460111.191580 -1.054588 
2460123.732916 1.416246 
2460136.274252 -1.267196 
2460148.815588 -0.075111 
2460161.356924 1.498618 
2460173.898260 -1.894612 
2460186.439596 0.767055 
2460198.980932 0.708443 
2460211.522268 -1.197751 
2460224.063604 1.358306 
2460236.604940 -1.027699 
2460249.146276 -0.214824 
2460261.687612 1.528916 
2460274.228948 -1.914372 
2460286.770284 0.655885 
2460299.311620 0.898763 
2460311.852956 -1.336238 
2460324.394292 1.291586 
2460336.935628 -0.765743 
2460349.476964 -0.357375 
2460362.018300 1.542064 
2460374.559636 -1.899157 
2460387.100972 0.539650 
2460399.642308 1.062232 
2460412.183644 -1.467714 
2460424.724980 1.216815 
2460437.266317 -0.491310 
2460449.807653 -0.502220 
2460462.348989 1.539725 
2460474.890325 -1.844857 
2460487.431661 0.418635 
2460499.972997 1.199099 
2460512.514333 -1.589347 
2460525.055669 1.134621 
2460537.597005 -0.214548 
2460550.138341 -0.648687 
2460562.679677 1.523417 
2460575.221013 -1.748678 
2460587.762349 0.293119 
2460600.303685 1.310402 
2460612.845021 -1.697771 
2460625.386357 1.045550 
2460637.927693 0.055241 
2460650.469029 -0.795940 
2460663.010365 1.494501 
2460675.551701 -1.609810 
2460688.093037 0.163384 
2460700.634373 1.397668 
2460713.175709 -1.789062 
2460725.717045 0.950077 
2460738.258381 0.310335 
2460750.799717 -0.942937 
2460763.341053 1.454183 
2460775.882389 -1.429979 
2460788.423725 0.029733 
2460800.965061 1.462685 
2460813.506397 -1.858784 
2460826.047733 0.848616 
2460838.589069 0.544959 
2460851.130405 -1.088372 
2460863.671742 1.403528 
2460876.213078 -1.213702 
2460888.754414 -0.107498 
2460901.295750 1.507331 
2460913.837086 -1.902118 
2460926.378422 0.741532 
2460938.919758 0.755321 
2460951.461094 -1.230628 
2460964.002430 1.343464 
2460976.543766 -0.968109 
2460989.085102 -0.247917 
2461001.626438 1.533463 
2461014.167774 -1.914114 
2461026.709110 0.629151 
2461039.250446 0.939395 
2461051.791782 -1.367702 
2461064.333118 1.274801 
2461076.874454 -0.702317 
2461089.415790 -0.391057 
2461101.957126 1.542846 
2461114.498462 -1.890091 
2461127.039798 0.511774 
2461139.581134 1.096588 
2461152.122470 -1.497149 
2461164.663806 1.198241 
2461177.205142 -0.426447 
2461189.746478 -0.536347 
2461202.287814 1.537111 
2461214.829150 -1.826187 
2461227.370486 0.389682 
2461239.911822 1.227362 
2461252.453158 -1.616017 
2461264.994494 1.114393 
2461277.535830 -0.150530 
2461290.077167 -0.683080 
2461302.618503 1.517739 
2461315.159839 -1.720014 
2461327.701175 0.263153 
2461340.242511 1.332895 
2461352.783847 -1.720806 
2461365.325183 1.023785 
2461377.866519 0.116446 
2461390.407855 -0.830376 
2461402.949191 1.486054 
2461415.490527 -1.571313 
2461428.031863 0.132475 
2461440.573199 1.414793 
2461453.114535 -1.807468 
2461465.655871 0.926877 
2461478.197207 0.367196 
2461490.738543 -0.977134 
2461503.279879 1.443229 
2461515.821215 -1.382453 
2461528.362551 -0.002046 
2461540.903887 1.474879 
2461553.445223 -1.871462 
2461565.986559 0.824070 
2461578.527895 0.596418 
2461591.069231 -1.121985 
2461603.610567 1.390296 
2461616.151903 -1.158596 
2461628.693239 -0.140059 
2461641.234575 1.515032 
2461653.775911 -1.907910 
2461666.317247 0.715719 
2461678.858583 0.800756 
2461691.399919 -1.263223 
2461703.941255 1.328153 
2461716.482592 -0.907410 
2461729.023928 -0.281160 
2461741.565264 1.537095 
2461754.106600 -1.911884 
2461766.647936 0.602144 
2461779.189272 0.978553 
2461791.730608 -1.398751 
2461804.271944 1.257584 
2461816.813280 -0.638341 
2461829.354616 -0.424858 
2461841.895952 1.542802 
2461854.437288 -1.878839 
2461866.978624 0.483640 
2461879.519960 1.129496 
2461892.061296 -1.526009 
2461904.602632 1.179268 
2461917.143968 -0.361586 
2461929.685304 -0.570554 
2461942.226640 1.533752 
2461954.767976 -1.805198 
2461967.309312 0.360485 
2461979.850648 1.254244 
2461992.391984 -1.641918 
2462004.933320 1.093796 
2462017.474656 -0.087009 
2462030.015992 -0.717505 
2462042.557328 1.511388 
2462055.098664 -1.689014 
2462067.640000 0.232961 
2462080.181336 1.354096 
2462092.722672 -1.742852 
2462105.264008 1.001676 
2462117.805344 0.176755 
2462130.346680 -0.864783 
2462142.888017 1.476999 
2462155.429353 -1.530608 
2462167.970689 0.101355 
2462180.512025 1.430726 
2462193.053361 -1.824637 
2462205.594697 0.903355 
2462218.136033 0.422872 
2462230.677369 -1.011229 
2462243.218705 1.431723 
2462255.760041 -1.333003 
2462268.301377 -0.034015 
2462280.842713 1.485983 
2462293.384049 -1.882635 
2462305.925385 0.799221 
2462318.466721 0.646509 
2462331.008057 -1.155401 
2462343.549393 1.376560 
2462356.090729 -1.101988 
2462368.632065 -0.172790 
2462381.173401 1.521745 
2462393.714737 -1.911926 
2462406.256073 0.689621 
2462418.797409 0.844734 
2462431.338745 -1.295509 
2462443.880081 1.312381 
2462456.421417 -0.845729 
2462468.962753 -0.314545 
2462481.504089 1.539833 
2462494.045425 -1.907626 
2462506.586761 0.574868 
2462519.128097 1.016239 
2462531.669433 -1.429350 
2462544.210769 1.239944 
2462556.752105 -0.573945 
2462569.293442 -0.458769 
2462581.834778 1.541952 
2462594.376114 -1.865361 
2462606.917450 0.455251 
2462619.458786 1.160970 
2462632.000122 -1.554250 
2462644.541458 1.159905 
2462657.082794 -0.296849 
2462669.624130 -0.604831 
2462682.165466 1.529665 
2462694.706802 -1.781873 
2462707.248138 0.331050 
2462719.789474 1.279762 
2462732.330810 -1.667004 
2462744.872146 1.072835 
2462757.413482 -0.024087 
2462769.954818 -0.751949 
2462782.496154 1.504380 
2462795.037490 -1.655693 
2462807.578826 0.202545 
2462820.120162 1.374026 
2462832.661498 -1.763853 
2462845.202834 0.979228 
2462857.744170 0.236091 
2462870.285506 -0.899146 
2462882.826842 1.467349 
2462895.368178 -1.487748 
2462907.909514 0.070029 
2462920.450850 1.445491 
2462932.992186 -1.840506 
2462945.533522 0.879515 
2462958.074858 0.477311 
2462970.616194 -1.045201 
2462983.157530 1.419677 
2462995.698866 -1.281716 
2463008.240203 -0.066171 
2463020.781539 1.496022 
2463033.322875 -1.892238 
2463045.864211 0.774074 
2463058.405547 0.695203 
2463070.946883 -1.188597 
2463083.488219 1.362333 
2463096.029555 -1.043994 
2463108.570891 -0.205684 
2463121.112227 1.527492 
2463133.653563 -1.914102 
2463146.194899 0.663242 
2463158.736235 0.887246 
2463171.277571 -1.327454 
2463183.818907 1.296159 
2463196.360243 -0.783199 
2463208.901579 -0.348066 
2463221.442915 1.541699 
2463233.984251 -1.901287 
2463246.525587 0.547326 
2463259.066923 1.052458 
2463271.608259 -1.459463 
2463284.149595 1.221889 
2463296.690931 -0.509262 
2463309.232267 -0.492781 
2463321.773603 1.540315 
2463334.314939 -1.849621 
2463346.856275 0.426613 
2463359.397611 1.191023 
2463371.938947 -1.581830 
2463384.480283 1.140158 
2463397.021619 -0.232356 
2463409.562955 -0.639166 
2463422.104291 1.524869 
2463434.645628 -1.756203 
2463447.186964 0.301380 
2463459.728300 1.303939 
2463472.269636 -1.691223 
2463484.810972 1.051518 
2463497.352308 0.038139 
2463509.893644 -0.786398 
2463522.434980 1.496731 
2463534.976316 -1.620078 
2463547.517652 0.171909 
2463560.058988 1.392709 
2463572.600324 -1.783753 
2463585.141660 0.956447 
2463597.682996 0.294381 
2463610.224332 -0.933447 
2463622.765668 1.457118 
2463635.307004 -1.442794 
2463647.848340 0.038502 
2463660.389676 1.459111 
2463672.931012 -1.855014 
2463685.472348 0.855362 
2463698.013684 0.530467 
2463710.555020 -1.079030 
2463723.096356 1.407103 
2463735.637692 -1.228686 
2463748.179028 -0.098509 
2463760.720364 1.505019 
2463773.261700 -1.900208 
2463785.803036 0.748631 
2463798.344372 0.742478 
2463810.885708 -1.221547 
2463823.427044 1.347623 
2463835.968380 -0.984733 
