# time Tc_folded Tref_folded value value_err offset model full_model val_compare val_compare_err residuals residuals_err jitter jitter_flag offset_flag subset_flag 
2452937.547371 3.022225 1.000000 -2.900000 0.600000 0.247565 -2.100450 -1.902181 -3.098269 0.600000 -0.997819 0.600000 2.451768  -1   0  -1 
2453149.838415 1.051472 0.862032 -2.100000 0.600000 0.247565 -0.990828 -2.075593 -1.015235 0.600000 -0.024407 0.600000 2.451768  -1   0  -1 
2453149.916798 1.129855 0.867519 -0.000000 0.600000 0.247565 -1.059881 -2.129216 1.069334 0.600000 2.129216 0.600000 2.451768  -1   0  -1 
2453150.817130 2.030187 0.930550 0.100000 0.800000 0.247565 -1.719310 -2.609650 0.990340 0.800000 2.709650 0.800000 2.451768  -1   0  -1 
2453157.855306 -5.215756 0.423277 4.500000 0.700000 0.247565 1.496482 2.106317 3.890166 0.700000 2.393683 0.700000 2.451768  -1   0  -1 
2453288.510985 -3.117155 0.570195 4.900000 1.000000 0.247565 2.226717 1.704500 5.422217 1.000000 3.195500 1.000000 2.451768  -1   0  -1 
2453288.512073 -3.116067 0.570272 3.600000 1.000000 0.247565 2.226620 1.704634 4.121986 1.000000 1.895366 1.000000 2.451768  -1   0  -1 
2453288.513115 -3.115025 0.570344 3.700000 1.000000 0.247565 2.226526 1.704761 4.221765 1.000000 1.995239 1.000000 2.451768  -1   0  -1 
2453288.514168 -3.113972 0.570418 3.600000 1.000000 0.247565 2.226430 1.704889 4.121541 1.000000 1.895111 1.000000 2.451768  -1   0  -1 
2453288.515209 -3.112931 0.570491 4.600000 1.200000 0.247565 2.226335 1.705015 5.121319 1.200000 2.894985 1.200000 2.451768  -1   0  -1 
2453288.516274 -3.111866 0.570566 3.500000 1.100000 0.247565 2.226237 1.705144 4.021093 1.100000 1.794856 1.100000 2.451768  -1   0  -1 
2453288.517350 -3.110790 0.570641 3.000000 1.000000 0.247565 2.226138 1.705274 3.520864 1.000000 1.294726 1.000000 2.451768  -1   0  -1 
2453288.518392 -3.109748 0.570714 3.500000 1.000000 0.247565 2.226041 1.705398 4.020643 1.000000 1.794602 1.000000 2.451768  -1   0  -1 
2453288.519457 -3.108683 0.570788 6.300000 1.000000 0.247565 2.225942 1.705525 6.820416 1.000000 4.594475 1.000000 2.451768  -1   0  -1 
2453288.520522 -3.107618 0.570863 2.000000 1.000000 0.247565 2.225842 1.705652 2.520190 1.000000 0.294348 1.000000 2.451768  -1   0  -1 
2453289.509851 -2.118289 0.640124 -0.200000 1.000000 0.247565 1.903889 1.595916 0.107973 1.000000 -1.795916 1.000000 2.451768  -1   0  -1 
2453289.510916 -2.117224 0.640198 1.000000 1.000000 0.247565 1.903303 1.595560 1.307742 1.000000 -0.595560 1.000000 2.451768  -1   0  -1 
2453289.511969 -2.116171 0.640272 2.400000 0.900000 0.247565 1.902722 1.595208 2.707514 0.900000 0.804792 0.900000 2.451768  -1   0  -1 
2453289.515151 -2.112989 0.640495 -0.600000 1.000000 0.247565 1.900967 1.594141 -0.293174 1.000000 -2.194141 1.000000 2.451768  -1   0  -1 
2453289.516193 -2.111947 0.640568 0.200000 0.900000 0.247565 1.900391 1.593791 0.506600 0.900000 -1.393791 0.900000 2.451768  -1   0  -1 
2453289.517235 -2.110905 0.640641 4.100000 0.900000 0.247565 1.899814 1.593440 4.406375 0.900000 2.506560 0.900000 2.451768  -1   0  -1 
2453289.518276 -2.109864 0.640714 -0.100000 1.000000 0.247565 1.899238 1.593089 0.206149 1.000000 -1.693089 1.000000 2.451768  -1   0  -1 
2453289.519364 -2.108776 0.640790 2.300000 0.900000 0.247565 1.898635 1.592721 2.605914 0.900000 0.707279 0.900000 2.451768  -1   0  -1 
2453289.520383 -2.107757 0.640861 1.300000 0.900000 0.247565 1.898070 1.592377 1.605693 0.900000 -0.292377 0.900000 2.451768  -1   0  -1 
2453289.521459 -2.106681 0.640936 2.600000 0.900000 0.247565 1.897473 1.592013 2.905460 0.900000 1.007987 0.900000 2.451768  -1   0  -1 
2453289.535926 -2.092214 0.641949 -1.600000 1.100000 0.247565 1.889396 1.587068 -1.297672 1.100000 -3.187068 1.100000 2.451768  -1   0  -1 
2453289.536990 -2.091150 0.642024 -0.300000 1.000000 0.247565 1.888798 1.586701 0.002098 1.000000 -1.886701 1.000000 2.451768  -1   0  -1 
2453289.538078 -2.090062 0.642100 3.100000 1.000000 0.247565 1.888187 1.586325 3.401862 1.000000 1.513675 1.000000 2.451768  -1   0  -1 
2453289.539120 -2.089020 0.642173 0.600000 1.000000 0.247565 1.887601 1.585964 0.901636 1.000000 -0.985964 1.000000 2.451768  -1   0  -1 
2453289.540138 -2.088002 0.642244 -1.600000 0.900000 0.247565 1.887028 1.585612 -1.298584 0.900000 -3.185612 0.900000 2.451768  -1   0  -1 
2453289.541238 -2.086902 0.642321 0.800000 1.100000 0.247565 1.886408 1.585230 1.101178 1.100000 -0.785230 1.100000 2.451768  -1   0  -1 
2453289.542256 -2.085884 0.642392 0.800000 1.000000 0.247565 1.885834 1.584877 1.100957 1.000000 -0.784877 1.000000 2.451768  -1   0  -1 
2453289.543321 -2.084819 0.642467 0.600000 1.000000 0.247565 1.885233 1.584506 0.900727 1.000000 -0.984506 1.000000 2.451768  -1   0  -1 
2453289.544351 -2.083789 0.642539 -0.800000 1.000000 0.247565 1.884651 1.584148 -0.499496 1.000000 -2.384148 1.000000 2.451768  -1   0  -1 
2453289.545404 -2.082736 0.642613 0.000000 1.000000 0.247565 1.884056 1.583780 0.300275 1.000000 -1.583780 1.000000 2.451768  -1   0  -1 
2453289.550820 -2.077320 0.642992 0.900000 1.000000 0.247565 1.880987 1.581885 1.199102 1.000000 -0.681885 1.000000 2.451768  -1   0  -1 
2453289.551862 -2.076278 0.643065 -0.000000 0.900000 0.247565 1.880396 1.581519 0.298877 0.900000 -1.581519 0.900000 2.451768  -1   0  -1 
2453289.552915 -2.075225 0.643139 0.800000 0.900000 0.247565 1.879797 1.581148 1.098649 0.900000 -0.781148 0.900000 2.451768  -1   0  -1 
2453290.516529 -1.111611 0.710599 2.000000 1.300000 0.247565 1.156276 1.068285 2.087991 1.300000 0.931715 1.300000 2.451768  -1   0  -1 
2453290.517582 -1.110558 0.710673 -0.000000 1.300000 0.247565 1.155322 1.067563 0.087758 1.300000 -1.067563 1.300000 2.451768  -1   0  -1 
2453290.518612 -1.109528 0.710745 2.400000 1.300000 0.247565 1.154388 1.066857 2.487531 1.300000 1.333143 1.300000 2.451768  -1   0  -1 
2453290.519665 -1.108475 0.710819 -3.000000 1.300000 0.247565 1.153434 1.066135 -2.912702 1.300000 -4.066135 1.300000 2.451768  -1   0  -1 
2453290.520730 -1.107410 0.710893 3.100000 1.500000 0.247565 1.152468 1.065404 3.187063 1.500000 2.034596 1.500000 2.451768  -1   0  -1 
2453290.521737 -1.106403 0.710964 0.700000 1.500000 0.247565 1.151554 1.064713 0.786841 1.500000 -0.364713 1.500000 2.451768  -1   0  -1 
2453290.522824 -1.105316 0.711040 -1.700000 1.700000 0.247565 1.150568 1.063967 -1.613399 1.700000 -2.763967 1.700000 2.451768  -1   0  -1 
2453290.523878 -1.104262 0.711114 1.700000 1.700000 0.247565 1.149611 1.063243 1.786369 1.700000 0.636757 1.700000 2.451768  -1   0  -1 
2453290.524942 -1.103198 0.711188 0.300000 1.500000 0.247565 1.148645 1.062512 0.386134 1.500000 -0.762512 1.500000 2.451768  -1   0  -1 
2453290.525972 -1.102168 0.711260 -3.000000 1.600000 0.247565 1.147710 1.061803 -2.914094 1.600000 -4.061803 1.600000 2.451768  -1   0  -1 
2453293.491230 1.863090 0.918851 0.300000 1.400000 0.247565 -1.617632 -1.028448 -0.289184 1.400000 1.328448 1.400000 2.451768  -1   0  -1 
2453293.492283 1.864143 0.918925 1.500000 1.400000 0.247565 -1.618304 -1.028874 0.910569 1.400000 2.528874 1.400000 2.451768  -1   0  -1 
2453293.493371 1.865231 0.919001 0.800000 1.200000 0.247565 -1.618999 -1.029313 0.210314 1.200000 1.829313 1.200000 2.451768  -1   0  -1 
2453293.494459 1.866319 0.919077 -3.100000 1.200000 0.247565 -1.619693 -1.029751 -3.689942 1.200000 -2.070249 1.200000 2.451768  -1   0  -1 
2453293.495489 1.867349 0.919150 0.900000 1.400000 0.247565 -1.620350 -1.030166 0.309817 1.400000 1.930166 1.400000 2.451768  -1   0  -1 
2453293.496507 1.868367 0.919221 -0.800000 1.200000 0.247565 -1.620998 -1.030576 -1.390422 1.200000 0.230576 1.200000 2.451768  -1   0  -1 
2453293.497630 1.869490 0.919299 -2.900000 1.200000 0.247565 -1.621714 -1.031027 -3.490686 1.200000 -1.868973 1.200000 2.451768  -1   0  -1 
2453293.498671 1.870531 0.919372 -0.400000 1.200000 0.247565 -1.622376 -1.031445 -0.990931 1.200000 0.631445 1.200000 2.451768  -1   0  -1 
2453294.486901 2.858761 0.988556 -0.900000 0.900000 0.247565 -2.064682 -1.239561 -1.725122 0.900000 0.339561 0.900000 2.451768  -1   0  -1 
2453294.488846 2.860706 0.988692 -3.600000 0.800000 0.247565 -2.065171 -1.239585 -4.425587 0.800000 -2.360415 0.800000 2.451768  -1   0  -1 
2453294.490721 2.862581 0.988824 0.100000 0.800000 0.247565 -2.065641 -1.239606 -0.726035 0.800000 1.339606 0.800000 2.451768  -1   0  -1 
2453294.492758 2.864618 0.988966 -2.600000 0.800000 0.247565 -2.066150 -1.239629 -3.426522 0.800000 -1.360371 0.800000 2.451768  -1   0  -1 
2453294.494702 2.866562 0.989102 -1.800000 0.800000 0.247565 -2.066634 -1.239648 -2.626986 0.800000 -0.560352 0.800000 2.451768  -1   0  -1 
2453295.508972 3.880832 0.060109 -1.000000 0.800000 0.247565 -2.113965 -1.042954 -2.071011 0.800000 0.042954 0.800000 2.451768  -1   0  -1 
2453295.510014 3.881874 0.060182 -4.300000 0.800000 0.247565 -2.113809 -1.042545 -5.371263 0.800000 -3.257455 0.800000 2.451768  -1   0  -1 
2453295.511090 3.882950 0.060257 -6.900000 0.900000 0.247565 -2.113647 -1.042123 -7.971523 0.900000 -5.857877 0.900000 2.451768  -1   0  -1 
2453295.512132 3.883992 0.060330 -1.300000 0.800000 0.247565 -2.113489 -1.041714 -2.371775 0.800000 -0.258286 0.800000 2.451768  -1   0  -1 
2453295.513196 3.885056 0.060405 -2.900000 0.900000 0.247565 -2.113328 -1.041296 -3.972032 0.900000 -1.858704 0.900000 2.451768  -1   0  -1 
2453295.514250 3.886110 0.060479 -4.400000 0.900000 0.247565 -2.113168 -1.040881 -5.472287 0.900000 -3.359119 0.900000 2.451768  -1   0  -1 
2453295.515291 3.887151 0.060552 -5.500000 0.900000 0.247565 -2.113010 -1.040471 -6.572539 0.900000 -4.459529 0.900000 2.451768  -1   0  -1 
2453295.516344 3.888204 0.060625 -4.600000 0.900000 0.247565 -2.112849 -1.040056 -5.672794 0.900000 -3.559944 0.900000 2.451768  -1   0  -1 
2453295.517409 3.889269 0.060700 -0.300000 0.900000 0.247565 -2.112686 -1.039635 -1.373051 0.900000 0.739635 0.900000 2.451768  -1   0  -1 
2453295.518439 3.890299 0.060772 -3.300000 0.900000 0.247565 -2.112529 -1.039228 -4.373300 0.900000 -2.260772 0.900000 2.451768  -1   0  -1 
2453297.507029 5.878889 0.199989 0.200000 1.100000 0.247565 -1.170272 0.380333 -1.350605 1.100000 -0.180333 1.100000 2.451768  -1   0  -1 
2453297.508082 5.879942 0.200062 3.300000 1.100000 0.247565 -1.169498 0.381354 1.749148 1.100000 2.918646 1.100000 2.451768  -1   0  -1 
2453297.509135 5.880995 0.200136 1.500000 1.000000 0.247565 -1.168723 0.382375 -0.051098 1.000000 1.117625 1.000000 2.451768  -1   0  -1 
2453297.510212 5.882072 0.200212 0.500000 1.000000 0.247565 -1.167931 0.383419 -1.051350 1.000000 0.116581 1.000000 2.451768  -1   0  -1 
2453297.511253 5.883113 0.200284 0.500000 1.000000 0.247565 -1.167164 0.384429 -1.051593 1.000000 0.115571 1.000000 2.451768  -1   0  -1 
2453297.512330 5.884190 0.200360 1.400000 1.000000 0.247565 -1.166371 0.385474 -0.151845 1.000000 1.014526 1.000000 2.451768  -1   0  -1 
2453297.513371 5.885231 0.200433 0.300000 0.900000 0.247565 -1.165605 0.386484 -1.252088 0.900000 -0.086484 0.900000 2.451768  -1   0  -1 
2453297.514413 5.886273 0.200506 0.900000 0.900000 0.247565 -1.164837 0.387495 -0.652332 0.900000 0.512505 0.900000 2.451768  -1   0  -1 
2453297.515478 5.887338 0.200580 2.700000 1.000000 0.247565 -1.164052 0.388529 1.147419 1.000000 2.311471 1.000000 2.451768  -1   0  -1 
2453297.516554 5.888414 0.200656 -0.200000 1.000000 0.247565 -1.163259 0.389574 -1.752833 1.000000 -0.589574 1.000000 2.451768  -1   0  -1 
2453297.634786 6.006646 0.208933 0.600000 1.500000 0.247565 -1.074762 0.505624 -0.980386 1.500000 0.094376 1.500000 2.451768  -1   0  -1 
2453297.635828 6.007688 0.209006 -1.600000 1.300000 0.247565 -1.073970 0.506658 -3.180628 1.300000 -2.106658 1.300000 2.451768  -1   0  -1 
2453297.636893 6.008753 0.209080 0.300000 1.400000 0.247565 -1.073161 0.507714 -1.280875 1.400000 -0.207714 1.400000 2.451768  -1   0  -1 
2453297.637946 6.009806 0.209154 3.100000 1.500000 0.247565 -1.072361 0.508759 1.518880 1.500000 2.591241 1.500000 2.451768  -1   0  -1 
2453297.639011 6.010871 0.209229 3.300000 1.300000 0.247565 -1.071551 0.509816 1.718633 1.300000 2.790184 1.300000 2.451768  -1   0  -1 
2453297.640075 6.011935 0.209303 -0.300000 1.400000 0.247565 -1.070742 0.510872 -1.881614 1.400000 -0.810872 1.400000 2.451768  -1   0  -1 
2453297.641106 6.012966 0.209375 0.300000 1.600000 0.247565 -1.069958 0.511896 -1.281853 1.600000 -0.211896 1.600000 2.451768  -1   0  -1 
2453297.642228 6.014088 0.209454 0.700000 1.400000 0.247565 -1.069104 0.513010 -0.882114 1.400000 0.186990 1.400000 2.451768  -1   0  -1 
2453297.643304 6.015164 0.209529 2.800000 1.400000 0.247565 -1.068285 0.514078 1.217636 1.400000 2.285922 1.400000 2.451768  -1   0  -1 
2453297.644346 6.016206 0.209602 3.800000 1.600000 0.247565 -1.067492 0.515113 2.217394 1.600000 3.284887 1.600000 2.451768  -1   0  -1 
2453298.514691 6.886551 0.270533 3.300000 1.100000 0.247565 -0.349377 1.428391 1.522232 1.100000 1.871609 1.100000 2.451768  -1   0  -1 
2453298.515803 6.887663 0.270611 9.000000 1.300000 0.247565 -0.348405 1.429601 7.221994 1.300000 7.570399 1.300000 2.451768  -1   0  -1 
2453298.516821 6.888681 0.270682 0.700000 1.000000 0.247565 -0.347516 1.430708 -1.078224 1.000000 -0.730708 1.000000 2.451768  -1   0  -1 
2453298.517863 6.889723 0.270755 0.700000 1.100000 0.247565 -0.346605 1.431842 -1.078447 1.100000 -0.731842 1.100000 2.451768  -1   0  -1 
2453298.518939 6.890799 0.270830 -0.700000 1.000000 0.247565 -0.345665 1.433012 -2.478677 1.000000 -2.133012 1.000000 2.451768  -1   0  -1 
2453298.520004 6.891864 0.270905 -1.000000 0.900000 0.247565 -0.344734 1.434171 -2.778905 0.900000 -2.434171 0.900000 2.451768  -1   0  -1 
2453298.521045 6.892905 0.270978 0.900000 0.900000 0.247565 -0.343824 1.435304 -0.879128 0.900000 -0.535304 0.900000 2.451768  -1   0  -1 
2453298.522122 6.893982 0.271053 0.100000 1.000000 0.247565 -0.342883 1.436476 -1.679358 1.000000 -1.336476 1.000000 2.451768  -1   0  -1 
2453298.523186 6.895046 0.271128 0.900000 0.900000 0.247565 -0.341953 1.437634 -0.879586 0.900000 -0.537634 0.900000 2.451768  -1   0  -1 
2453298.524239 6.896099 0.271201 -0.300000 0.900000 0.247565 -0.341032 1.438779 -2.079811 0.900000 -1.738779 0.900000 2.451768  -1   0  -1 
2453298.614916 6.986776 0.277549 2.400000 1.000000 0.247565 -0.261462 1.537625 0.600914 1.000000 0.862375 1.000000 2.451768  -1   0  -1 
2453298.615946 6.987806 0.277622 -4.300000 1.100000 0.247565 -0.260555 1.538749 -6.099304 1.100000 -5.838749 1.100000 2.451768  -1   0  -1 
2453298.617046 6.988906 0.277699 -0.800000 1.100000 0.247565 -0.259586 1.539950 -2.599536 1.100000 -2.339950 1.100000 2.451768  -1   0  -1 
2453298.618099 6.989959 0.277772 1.700000 1.200000 0.247565 -0.258659 1.541100 -0.099758 1.200000 0.158900 1.200000 2.451768  -1   0  -1 
2453298.619152 6.991012 0.277846 2.500000 1.200000 0.247565 -0.257731 1.542249 0.700019 1.200000 0.957751 1.200000 2.451768  -1   0  -1 
2453298.620217 6.992077 0.277921 -1.000000 1.600000 0.247565 -0.256793 1.543412 -2.800205 1.600000 -2.543412 1.600000 2.451768  -1   0  -1 
2453298.621328 6.993188 0.277998 1.400000 1.400000 0.247565 -0.255814 1.544625 -0.400440 1.400000 -0.144625 1.400000 2.451768  -1   0  -1 
2453298.622300 6.994160 0.278066 2.900000 1.400000 0.247565 -0.254958 1.545687 1.099355 1.400000 1.354313 1.400000 2.451768  -1   0  -1 
2453298.623411 6.995271 0.278144 -0.200000 1.500000 0.247565 -0.253979 1.546900 -2.000879 1.500000 -1.746900 1.500000 2.451768  -1   0  -1 
2453298.624441 6.996301 0.278216 -3.000000 1.500000 0.247565 -0.253072 1.548025 -4.801096 1.500000 -4.548025 1.500000 2.451768  -1   0  -1 
2453308.509601 2.597341 0.970255 -5.500000 0.600000 0.247565 -1.985092 -4.291320 -3.193771 0.600000 -1.208680 0.600000 2.451768  -1   0  -1 
2453308.511684 2.599424 0.970401 -5.700000 0.600000 0.247565 -1.985834 -4.292667 -3.393167 0.600000 -1.407333 0.600000 2.451768  -1   0  -1 
2453308.513744 2.601484 0.970545 -5.700000 0.700000 0.247565 -1.986567 -4.293997 -3.392570 0.700000 -1.406003 0.700000 2.451768  -1   0  -1 
2453308.515908 2.603648 0.970696 -7.900000 0.700000 0.247565 -1.987335 -4.295390 -5.591945 0.700000 -3.604610 0.700000 2.451768  -1   0  -1 
2453308.517922 2.605662 0.970837 -4.200000 0.700000 0.247565 -1.988048 -4.296685 -1.891363 0.700000 0.096685 0.700000 2.451768  -1   0  -1 
2453309.515681 3.603421 0.040688 -7.100000 0.500000 0.247565 -2.141043 -4.641614 -4.599428 0.500000 -2.458386 0.500000 2.451768  -1   0  -1 
2453309.518111 3.605851 0.040858 -7.800000 0.500000 0.247565 -2.140933 -4.641768 -5.299165 0.500000 -3.158232 0.500000 2.451768  -1   0  -1 
2453309.520530 3.608270 0.041028 -9.700000 0.600000 0.247565 -2.140822 -4.641918 -7.198904 0.600000 -5.058082 0.600000 2.451768  -1   0  -1 
2453309.522995 3.610735 0.041200 -8.600000 0.500000 0.247565 -2.140706 -4.642067 -6.098639 0.500000 -3.957933 0.500000 2.451768  -1   0  -1 
2453311.532241 5.619981 0.181863 -9.500000 0.400000 0.247565 -1.353773 -3.850797 -7.002976 0.400000 -5.649203 0.400000 2.451768  -1   0  -1 
2453311.534857 5.622597 0.182046 -6.400000 0.400000 0.247565 -1.351991 -3.848800 -3.903191 0.400000 -2.551200 0.400000 2.451768  -1   0  -1 
2453311.537553 5.625293 0.182235 -7.100000 0.400000 0.247565 -1.350153 -3.846740 -4.603413 0.400000 -3.253260 0.400000 2.451768  -1   0  -1 
2453311.540238 5.627978 0.182423 -8.300000 0.400000 0.247565 -1.348321 -3.844686 -5.803635 0.400000 -4.455314 0.400000 2.451768  -1   0  -1 
2453311.542865 5.630605 0.182607 -6.200000 0.400000 0.247565 -1.346527 -3.842674 -3.703852 0.400000 -2.357326 0.400000 2.451768  -1   0  -1 
2453312.560845 6.648585 0.253873 -3.100000 0.600000 0.247565 -0.554853 -2.941883 -0.712970 0.600000 -0.158117 0.600000 2.451768  -1   0  -1 
2453312.564282 6.652022 0.254114 -5.500000 0.500000 0.247565 -0.551923 -2.938514 -3.113410 0.500000 -2.561486 0.500000 2.451768  -1   0  -1 
2453312.567684 6.655424 0.254352 -4.800000 0.500000 0.247565 -0.549023 -2.935177 -2.413846 0.500000 -1.864823 0.500000 2.451768  -1   0  -1 
2453314.539667 -5.656713 0.392406 -0.700000 0.600000 0.247565 1.165383 -0.917834 1.383217 0.600000 0.217834 0.600000 2.451768  -1   0  -1 
2453314.541889 -5.654491 0.392562 2.000000 0.600000 0.247565 1.167147 -0.915687 4.082834 0.600000 2.915687 0.600000 2.451768  -1   0  -1 
2453314.544088 -5.652292 0.392716 -2.400000 0.600000 0.247565 1.168892 -0.913562 -0.317546 0.600000 -1.486438 0.600000 2.451768  -1   0  -1 
2453314.546310 -5.650070 0.392872 -0.400000 0.700000 0.247565 1.170655 -0.911416 1.682071 0.700000 0.511416 0.700000 2.451768  -1   0  -1 
2453314.548463 -5.647917 0.393022 -2.000000 0.700000 0.247565 1.172362 -0.909338 0.081699 0.700000 -1.090662 0.700000 2.451768  -1   0  -1 
2453321.600305 1.403925 0.886706 -4.000000 0.500000 0.247565 -1.288074 -1.982750 -3.305325 0.500000 -2.017250 0.500000 2.451768  -1   0  -1 
2453321.602944 1.406564 0.886891 -3.800000 0.500000 0.247565 -1.290165 -1.984283 -3.105881 0.500000 -1.815717 0.500000 2.451768  -1   0  -1 
2453321.605583 1.409203 0.887076 -5.400000 0.500000 0.247565 -1.292253 -1.985815 -4.706438 0.500000 -3.414185 0.500000 2.451768  -1   0  -1 
2453321.608326 1.411946 0.887268 -3.700000 0.600000 0.247565 -1.294421 -1.987404 -3.007017 0.600000 -1.712596 0.600000 2.451768  -1   0  -1 
2453340.510028 6.029528 0.210535 -5.000000 0.400000 0.247565 -1.057334 -2.640984 -3.416350 0.400000 -2.359016 0.400000 2.451768  -1   0  -1 
2453340.513489 6.032989 0.210777 -4.800000 0.400000 0.247565 -1.054690 -2.640819 -3.213871 0.400000 -2.159181 0.400000 2.451768  -1   0  -1 
2453340.517007 6.036507 0.211023 -5.000000 0.400000 0.247565 -1.052001 -2.640646 -3.411355 0.400000 -2.359354 0.400000 2.451768  -1   0  -1 
2453342.505663 -6.258957 0.350245 -4.200000 0.400000 0.247565 0.661120 -1.808290 -1.730590 0.400000 -2.391710 0.400000 2.451768  -1   0  -1 
2453342.509170 -6.255450 0.350490 -2.300000 0.500000 0.247565 0.664175 -1.805965 0.170140 0.500000 -0.494035 0.500000 2.451768  -1   0  -1 
2453342.512758 -6.251862 0.350741 -1.500000 0.500000 0.247565 0.667300 -1.803584 0.970884 0.500000 0.303584 0.500000 2.451768  -1   0  -1 
2453484.884129 -6.721688 0.317850 -2.400000 0.400000 0.247565 0.251475 -1.545562 -0.602963 0.400000 -0.854438 0.400000 2.451768  -1   0  -1 
2453484.887683 -6.718134 0.318099 -2.700000 0.400000 0.247565 0.254653 -1.541677 -0.903671 0.400000 -1.158323 0.400000 2.451768  -1   0  -1 
2453484.891132 -6.714685 0.318340 -1.300000 0.400000 0.247565 0.257736 -1.537906 0.495642 0.400000 0.237906 0.400000 2.451768  -1   0  -1 
2453491.890208 0.284391 0.808330 -3.400000 0.400000 0.247565 -0.248234 -0.548012 -3.100222 0.400000 -2.851988 0.400000 2.451768  -1   0  -1 
2453491.893668 0.287851 0.808572 -3.300000 0.400000 0.247565 -0.251779 -0.550768 -3.001011 0.400000 -2.749232 0.400000 2.451768  -1   0  -1 
2453491.897210 0.291393 0.808820 -3.000000 0.500000 0.247565 -0.255406 -0.553588 -2.701818 0.500000 -2.446412 0.500000 2.451768  -1   0  -1 
2453511.905148 6.015211 0.209532 -2.300000 0.500000 0.247565 -1.068250 -3.495369 0.127120 0.500000 1.195369 0.500000 2.451768  -1   0  -1 
2453511.907717 6.017780 0.209712 -4.500000 0.500000 0.247565 -1.066294 -3.493369 -2.072925 0.500000 -1.006631 0.500000 2.451768  -1   0  -1 
2453511.910403 6.020466 0.209900 -5.000000 0.600000 0.247565 -1.064248 -3.491276 -2.572971 0.600000 -1.508724 0.600000 2.451768  -1   0  -1 
2453511.913042 6.023105 0.210085 -3.300000 0.500000 0.247565 -1.062236 -3.489218 -0.873018 0.500000 0.189218 0.500000 2.451768  -1   0  -1 
2453512.835981 6.946044 0.274698 -3.900000 0.700000 0.247565 -0.297273 -2.670346 -1.526928 0.700000 -1.229654 0.700000 2.451768  -1   0  -1 
2453512.839488 6.949551 0.274943 -2.900000 0.600000 0.247565 -0.294194 -2.666938 -0.527256 0.600000 -0.233062 0.600000 2.451768  -1   0  -1 
2453512.843007 6.953070 0.275190 -4.100000 0.600000 0.247565 -0.291104 -2.663517 -1.727586 0.600000 -1.436483 0.600000 2.451768  -1   0  -1 
2453515.858256 -4.315801 0.486281 -1.000000 0.600000 0.247565 2.012989 0.122200 0.890789 0.600000 -1.122200 0.600000 2.451768  -1   0  -1 
2453515.863580 -4.310477 0.486654 -1.500000 0.500000 0.247565 2.015251 0.125540 0.389711 0.500000 -1.625540 0.500000 2.451768  -1   0  -1 
2453520.869093 0.695036 0.837079 -3.700000 0.300000 0.247565 -0.658730 -1.387623 -2.971107 0.300000 -2.312377 0.300000 2.451768  -1   0  -1 
2453542.739620 -6.002677 0.368186 1.900000 0.700000 0.247565 0.881281 3.038765 -0.257485 0.700000 -1.138765 0.700000 2.451768  -1   0  -1 
2453542.742850 -5.999447 0.368412 3.800000 1.500000 0.247565 0.884010 3.040699 1.643311 1.500000 0.759301 1.500000 2.451768  -1   0  -1 
2453543.789930 -4.952367 0.441716 2.000000 0.400000 0.247565 1.672706 3.693588 -0.020881 0.400000 -1.693588 0.400000 2.451768  -1   0  -1 
2453543.794953 -4.947344 0.442068 2.700000 0.400000 0.247565 1.675886 3.696625 0.679262 0.400000 -0.996625 0.400000 2.451768  -1   0  -1 
2453544.816592 -3.925705 0.513591 4.500000 0.400000 0.247565 2.149777 4.214318 2.435460 0.400000 0.285682 0.400000 2.451768  -1   0  -1 
2453544.822032 -3.920265 0.513971 3.600000 0.400000 0.247565 2.151253 4.216305 1.534949 0.400000 -0.616305 0.400000 2.451768  -1   0  -1 
2453545.842524 -2.899773 0.585414 11.600000 3.700000 0.247565 2.196109 4.388728 9.407381 3.700000 7.211272 3.700000 2.451768  -1   0  -1 
2453546.861360 -1.880937 0.656740 6.600000 0.400000 0.247565 1.761442 4.111076 4.250367 0.400000 2.488924 0.400000 2.451768  -1   0  -1 
2453546.866534 -1.875763 0.657103 7.100000 0.400000 0.247565 1.758080 4.108524 4.749556 0.400000 2.991476 0.400000 2.451768  -1   0  -1 
2453547.771038 -0.971259 0.720425 2.400000 0.400000 0.247565 1.026707 3.515842 -0.089135 0.400000 -1.115842 0.400000 2.451768  -1   0  -1 
2453547.776200 -0.966097 0.720786 2.400000 0.400000 0.247565 1.021854 3.511754 -0.089900 0.400000 -1.111754 0.400000 2.451768  -1   0  -1 
2453549.847373 1.105076 0.865785 2.100000 2.900000 0.247565 -1.038223 1.723907 -0.662130 2.900000 0.376093 2.900000 2.451768  -1   0  -1 
2453550.760428 2.018131 0.929706 0.500000 0.300000 0.247565 -1.712319 1.148845 -2.361163 0.300000 -0.648845 0.300000 2.451768  -1   0  -1 
2453550.765520 2.023223 0.930062 0.400000 0.300000 0.247565 -1.715278 1.146409 -2.461687 0.300000 -0.746409 0.300000 2.451768  -1   0  -1 
2453551.768482 3.026185 0.000277 -0.900000 0.500000 0.247565 -2.101183 0.858767 -3.859951 0.500000 -1.758767 0.500000 2.451768  -1   0  -1 
2453551.773563 3.031266 0.000633 0.700000 0.600000 0.247565 -2.102114 0.858313 -2.260428 0.600000 -0.158313 0.600000 2.451768  -1   0  -1 
2453573.752332 -3.558204 0.539319 -0.900000 0.200000 0.247565 2.221075 5.180089 -3.859013 0.200000 -6.080089 0.200000 2.451768  -1   0  -1 
2453671.583392 -5.715983 0.388257 4.600000 0.400000 0.247565 1.118013 4.150013 1.568000 0.400000 0.449987 0.400000 2.451768  -1   0  -1 
2453671.586875 -5.712500 0.388501 4.200000 0.500000 0.247565 1.120813 4.152177 1.168636 0.500000 0.047823 0.500000 2.451768  -1   0  -1 
2453671.590324 -5.709051 0.388742 4.100000 0.500000 0.247565 1.123584 4.154316 1.069268 0.500000 -0.054316 0.500000 2.451768  -1   0  -1 
2453810.907634 5.051181 0.142043 -6.200000 0.400000 0.247565 -1.701630 -2.913283 -4.988347 0.400000 -3.286717 0.400000 2.451768  -1   0  -1 
2453810.911488 5.055035 0.142313 -6.000000 0.300000 0.247565 -1.699559 -2.913879 -4.785680 0.300000 -3.086121 0.300000 2.451768  -1   0  -1 
2453810.915331 5.058878 0.142582 -4.600000 0.300000 0.247565 -1.697490 -2.914466 -3.383024 0.300000 -1.685534 0.300000 2.451768  -1   0  -1 
2453815.909918 -4.230654 0.492242 -3.300000 0.300000 0.247565 2.047898 -0.039194 -1.212908 0.300000 -3.260806 0.300000 2.451768  -1   0  -1 
2453815.914965 -4.225607 0.492595 -4.400000 0.300000 0.247565 2.049881 -0.036679 -2.313439 0.300000 -4.363321 0.300000 2.451768  -1   0  -1 
2453816.914372 -3.226200 0.562561 -2.500000 0.300000 0.247565 2.233699 0.271637 -0.537938 0.300000 -2.771637 0.300000 2.451768  -1   0  -1 
2453816.919638 -3.220934 0.562930 -3.400000 0.400000 0.247565 2.233490 0.272170 -1.438681 0.400000 -3.672170 0.400000 2.451768  -1   0  -1 
2453862.858999 -0.133933 0.779044 -2.600000 0.500000 0.247565 0.185249 0.578802 -2.993553 0.500000 -3.178802 0.500000 2.451768  -1   0  -1 
2453862.862564 -0.130368 0.779294 -3.100000 0.400000 0.247565 0.181539 0.575897 -3.494358 0.400000 -3.675897 0.400000 2.451768  -1   0  -1 
2453862.866256 -0.126676 0.779552 -2.200000 0.400000 0.247565 0.177697 0.572889 -2.595193 0.400000 -2.772889 0.400000 2.451768  -1   0  -1 
2453870.847549 -6.429503 0.338305 -0.700000 0.400000 0.247565 0.511437 2.722926 -2.911489 0.400000 -3.422926 0.400000 2.451768  -1   0  -1 
2453870.853070 -6.423982 0.338692 -0.500000 0.400000 0.247565 0.516313 2.728663 -2.712350 0.400000 -3.228663 0.400000 2.451768  -1   0  -1 
2453882.860433 5.583381 0.179301 -3.600000 0.400000 0.247565 -1.378543 -3.661404 -1.317139 0.400000 0.061404 0.400000 2.451768  -1   0  -1 
2453882.863003 5.585951 0.179481 -3.800000 0.400000 0.247565 -1.376814 -3.659432 -1.517382 0.400000 -0.140568 0.400000 2.451768  -1   0  -1 
2453882.865792 5.588740 0.179676 -3.300000 0.400000 0.247565 -1.374936 -3.657290 -1.017646 0.400000 0.357290 0.400000 2.451768  -1   0  -1 
2453882.868420 5.591368 0.179860 -2.400000 0.500000 0.247565 -1.373164 -3.655269 -0.117895 0.500000 1.255269 0.500000 2.451768  -1   0  -1 
2453883.847121 6.570069 0.248377 -2.200000 0.400000 0.247565 -0.621422 -2.790086 -0.031335 0.400000 0.590086 0.400000 2.451768  -1   0  -1 
2453883.851033 6.573981 0.248651 -2.000000 0.400000 0.247565 -0.618121 -2.786261 0.168140 0.400000 0.786261 0.400000 2.451768  -1   0  -1 
2453883.854887 6.577835 0.248920 -1.900000 0.400000 0.247565 -0.614868 -2.782491 0.267623 0.400000 0.882491 0.400000 2.451768  -1   0  -1 
2453886.875724 -4.685447 0.460403 -0.900000 0.400000 0.247565 1.831397 0.163490 0.767907 0.400000 -1.063490 0.400000 2.451768  -1   0  -1 
2453886.879069 -4.682102 0.460637 -2.100000 0.500000 0.247565 1.833247 0.165960 -0.432714 0.500000 -2.265960 0.500000 2.451768  -1   0  -1 
2453886.882321 -4.678850 0.460865 -0.000000 0.400000 0.247565 1.835042 0.168358 1.666683 0.400000 -0.168358 0.400000 2.451768  -1   0  -1 
2453917.821767 -2.307644 0.626868 -1.500000 1.100000 0.247565 2.000252 -0.189903 0.690155 1.100000 -1.310097 1.100000 2.451768  -1   0  -1 
2453917.822831 -2.306580 0.626942 2.100000 1.200000 0.247565 1.999755 -0.190246 4.290000 1.200000 2.290246 1.200000 2.451768  -1   0  -1 
2453917.824000 -2.305411 0.627024 -0.200000 1.200000 0.247565 1.999208 -0.190623 1.989831 1.200000 -0.009377 1.200000 2.451768  -1   0  -1 
2453917.825100 -2.304311 0.627101 -2.400000 1.300000 0.247565 1.998693 -0.190979 -0.210329 1.300000 -2.209021 1.300000 2.451768  -1   0  -1 
2453917.826165 -2.303246 0.627175 -1.600000 1.300000 0.247565 1.998193 -0.191323 0.589517 1.300000 -1.408677 1.300000 2.451768  -1   0  -1 
2453917.827253 -2.302158 0.627252 2.600000 1.300000 0.247565 1.997683 -0.191676 4.789359 1.300000 2.791676 1.300000 2.451768  -1   0  -1 
2453917.828341 -2.301070 0.627328 1.100000 1.200000 0.247565 1.997172 -0.192029 3.289201 1.200000 1.292029 1.200000 2.451768  -1   0  -1 
2453917.829452 -2.299959 0.627406 -0.500000 1.300000 0.247565 1.996649 -0.192390 1.689039 1.300000 -0.307610 1.300000 2.451768  -1   0  -1 
2453917.830517 -2.298894 0.627480 1.300000 1.400000 0.247565 1.996148 -0.192736 3.488884 1.400000 1.492736 1.400000 2.451768  -1   0  -1 
2453917.831663 -2.297748 0.627560 1.900000 1.400000 0.247565 1.995608 -0.193110 4.088718 1.400000 2.093110 1.400000 2.451768  -1   0  -1 
2453919.820486 -0.308925 0.766793 -4.100000 1.200000 0.247565 0.366915 -1.493775 -2.239311 1.200000 -2.606225 1.200000 2.451768  -1   0  -1 
2453919.821562 -0.307849 0.766869 -4.800000 1.200000 0.247565 0.365802 -1.494695 -2.939504 1.200000 -3.305305 1.200000 2.451768  -1   0  -1 
2453919.822662 -0.306749 0.766946 -0.100000 1.500000 0.247565 0.364664 -1.495635 1.760299 1.500000 1.395635 1.500000 2.451768  -1   0  -1 
2453919.823761 -0.305650 0.767023 -5.200000 1.500000 0.247565 0.363527 -1.496575 -3.339898 1.500000 -3.703425 1.500000 2.451768  -1   0  -1 
2453919.824884 -0.304527 0.767101 -5.600000 1.500000 0.247565 0.362365 -1.497535 -3.740100 1.500000 -4.102465 1.500000 2.451768  -1   0  -1 
2453919.825949 -0.303462 0.767176 -0.700000 1.300000 0.247565 0.361263 -1.498445 1.159709 1.300000 0.798445 1.300000 2.451768  -1   0  -1 
2453919.827060 -0.302351 0.767254 -1.200000 1.400000 0.247565 0.360114 -1.499395 0.659509 1.400000 0.299395 1.400000 2.451768  -1   0  -1 
2453919.828171 -0.301240 0.767331 -6.300000 1.400000 0.247565 0.358964 -1.500345 -4.440690 1.400000 -4.799655 1.400000 2.451768  -1   0  -1 
2453919.829259 -0.300152 0.767408 -2.900000 1.200000 0.247565 0.357839 -1.501276 -1.040886 1.200000 -1.398724 1.200000 2.451768  -1   0  -1 
2453919.830335 -0.299076 0.767483 -1.700000 1.200000 0.247565 0.356725 -1.502196 0.158921 1.200000 -0.197804 1.200000 2.451768  -1   0  -1 
2453921.830717 1.701306 0.907525 -3.100000 1.600000 0.247565 -1.509634 -2.992676 -1.616957 1.600000 -0.107324 1.600000 2.451768  -1   0  -1 
2453921.831828 1.702417 0.907603 -3.700000 1.600000 0.247565 -1.510406 -2.993233 -2.217173 1.600000 -0.706767 1.600000 2.451768  -1   0  -1 
2453921.832892 1.703481 0.907678 -1.900000 1.500000 0.247565 -1.511146 -2.993766 -0.417380 1.500000 1.093766 1.500000 2.451768  -1   0  -1 
2453921.833992 1.704581 0.907755 -2.500000 1.600000 0.247565 -1.511910 -2.994317 -1.017594 1.600000 0.494317 1.600000 2.451768  -1   0  -1 
2453921.835126 1.705715 0.907834 -5.000000 1.300000 0.247565 -1.512698 -2.994884 -3.517814 1.300000 -2.005116 1.300000 2.451768  -1   0  -1 
2453921.836214 1.706803 0.907910 -3.600000 1.100000 0.247565 -1.513453 -2.995427 -2.118026 1.100000 -0.604573 1.100000 2.451768  -1   0  -1 
2453921.837291 1.707880 0.907986 -3.200000 1.000000 0.247565 -1.514200 -2.995965 -1.718235 1.000000 -0.204035 1.000000 2.451768  -1   0  -1 
2453921.838413 1.709002 0.908064 -2.200000 1.000000 0.247565 -1.514978 -2.996525 -0.718453 1.000000 0.796525 1.000000 2.451768  -1   0  -1 
2453921.839467 1.710056 0.908138 -1.600000 1.000000 0.247565 -1.515708 -2.997050 -0.118658 1.000000 1.397050 1.000000 2.451768  -1   0  -1 
2453921.840566 1.711155 0.908215 -2.400000 1.000000 0.247565 -1.516469 -2.997597 -0.918872 1.000000 0.597597 1.000000 2.451768  -1   0  -1 
2453950.742238 2.044588 0.931558 -5.500000 0.400000 0.247565 -1.727591 -4.078622 -3.148969 0.400000 -1.421378 0.400000 2.451768  -1   0  -1 
2453974.597984 -2.667906 0.601646 8.600000 1.100000 0.247565 2.138882 4.009798 6.729084 1.100000 4.590202 1.100000 2.451768  -1   0  -1 
2453974.600009 -2.665881 0.601788 9.400000 0.900000 0.247565 2.138271 4.008447 7.529824 0.900000 5.391553 0.900000 2.451768  -1   0  -1 
2453974.601954 -2.663936 0.601924 11.400000 0.900000 0.247565 2.137682 4.007146 9.530535 0.900000 7.392854 0.900000 2.451768  -1   0  -1 
2453974.603956 -2.661934 0.602064 11.600000 0.900000 0.247565 2.137074 4.005804 9.731269 0.900000 7.594196 0.900000 2.451768  -1   0  -1 
2453976.591620 -0.674270 0.741216 5.100000 0.600000 0.247565 0.738780 1.240254 4.598525 0.600000 3.859746 0.600000 2.451768  -1   0  -1 
2453976.594050 -0.671840 0.741387 3.300000 0.600000 0.247565 0.736360 1.235493 2.800866 0.600000 2.064507 0.600000 2.451768  -1   0  -1 
2453976.596469 -0.669421 0.741556 4.200000 0.600000 0.247565 0.733950 1.230752 3.703197 0.600000 2.969248 0.600000 2.451768  -1   0  -1 
2453976.598980 -0.666910 0.741732 3.300000 0.600000 0.247565 0.731447 1.225829 2.805618 0.600000 2.074171 0.600000 2.451768  -1   0  -1 
2453980.640151 3.374261 0.024645 -3.300000 0.600000 0.247565 -2.141023 -4.532680 -0.908343 0.600000 1.232680 0.600000 2.451768  -1   0  -1 
2453980.643079 3.377189 0.024850 -2.900000 0.600000 0.247565 -2.141153 -4.533502 -0.507652 0.600000 1.633502 0.600000 2.451768  -1   0  -1 
2453980.645938 3.380048 0.025050 -2.300000 0.600000 0.247565 -2.141277 -4.534299 0.093022 0.600000 2.234299 0.600000 2.451768  -1   0  -1 
2453980.648924 3.383034 0.025259 -3.600000 0.600000 0.247565 -2.141404 -4.535127 -1.206277 0.600000 0.935127 0.600000 2.451768  -1   0  -1 
2453981.703761 4.437871 0.099106 -5.800000 0.400000 0.247565 -1.974445 -4.519810 -3.254635 0.400000 -1.280190 0.400000 2.451768  -1   0  -1 
2453981.706284 4.440394 0.099283 -7.100000 0.400000 0.247565 -1.973568 -4.519097 -4.554470 0.400000 -2.580903 0.400000 2.451768  -1   0  -1 
2453981.708796 4.442906 0.099459 -7.600000 0.400000 0.247565 -1.972692 -4.518385 -5.054307 0.400000 -3.081615 0.400000 2.451768  -1   0  -1 
2453981.711342 4.445452 0.099637 -5.800000 0.400000 0.247565 -1.971802 -4.517660 -3.254142 0.400000 -1.282340 0.400000 2.451768  -1   0  -1 
2453982.690997 5.425107 0.168220 -2.900000 0.700000 0.247565 -1.482078 -4.039075 -0.343003 0.700000 1.139075 0.700000 2.451768  -1   0  -1 
2453982.693555 5.427665 0.168400 -2.500000 0.700000 0.247565 -1.480453 -4.037362 0.056909 0.700000 1.537362 0.700000 2.451768  -1   0  -1 
2453982.695997 5.430107 0.168571 -2.100000 0.700000 0.247565 -1.478899 -4.035724 0.456825 0.700000 1.935724 0.700000 2.451768  -1   0  -1 
2453982.698647 5.432757 0.168756 -3.700000 0.700000 0.247565 -1.477212 -4.033944 -1.143267 0.700000 0.333944 0.700000 2.451768  -1   0  -1 
2454292.812219 1.295694 0.879129 -0.700000 0.300000 0.247565 -1.200539 -1.139489 -0.761050 0.300000 0.439489 0.300000 2.451768  -1   0  -1 
2454292.817485 1.300960 0.879498 -0.300000 0.300000 0.247565 -1.204878 -1.142824 -0.362054 0.300000 0.842824 0.300000 2.451768  -1   0  -1 
2454315.727933 -4.356832 0.483408 0.400000 0.800000 0.247565 1.995204 1.021160 1.374044 0.800000 -0.621160 0.800000 2.451768  -1   0  -1 
2454315.732909 -4.351856 0.483757 -1.800000 0.800000 0.247565 1.997394 1.021168 -0.823774 0.800000 -2.821168 0.800000 2.451768  -1   0  -1 
2454953.915075 5.329040 0.161495 -4.800000 0.400000 0.247565 -1.541959 -2.221989 -4.119969 0.400000 -2.578011 0.400000 2.451768  -1   0  -1 
2454953.918663 5.332628 0.161746 -2.900000 0.400000 0.247565 -1.539764 -2.221469 -2.218295 0.400000 -0.678531 0.400000 2.451768  -1   0  -1 
2454953.922240 5.336205 0.161997 -3.700000 0.400000 0.247565 -1.537572 -2.220943 -3.016629 0.400000 -1.479057 0.400000 2.451768  -1   0  -1 
2454954.854520 6.268485 0.227264 -3.300000 0.300000 0.247565 -0.869999 -1.880175 -2.289824 0.300000 -1.419825 0.300000 2.451768  -1   0  -1 
2454954.858270 6.272235 0.227526 -3.500000 0.300000 0.247565 -0.866986 -1.878086 -2.488900 0.300000 -1.621914 0.300000 2.451768  -1   0  -1 
2454954.861812 6.275777 0.227774 -3.200000 0.300000 0.247565 -0.864138 -1.876108 -2.188030 0.300000 -1.323892 0.300000 2.451768  -1   0  -1 
2454955.841317 -7.028838 0.296347 -3.100000 0.400000 0.247565 -0.023223 -1.191782 -1.931441 0.400000 -1.908218 0.400000 2.451768  -1   0  -1 
2454955.845010 -7.025145 0.296606 -2.300000 0.400000 0.247565 -0.019927 -1.188800 -1.131126 0.400000 -1.111200 0.400000 2.451768  -1   0  -1 
2454955.848783 -7.021372 0.296870 -1.400000 0.700000 0.247565 -0.016559 -1.185753 -0.230806 0.700000 -0.214247 0.700000 2.451768  -1   0  -1 
2454956.895780 -5.974375 0.370168 -2.300000 0.500000 0.247565 0.905151 -0.291320 -1.103529 0.500000 -2.008680 0.500000 2.451768  -1   0  -1 
2454956.899345 -5.970810 0.370417 -0.900000 0.400000 0.247565 0.908151 -0.288235 0.296386 0.400000 -0.611765 0.400000 2.451768  -1   0  -1 
2454956.902968 -5.967187 0.370671 -1.700000 0.400000 0.247565 0.911198 -0.285101 -0.503701 0.400000 -1.414899 0.400000 2.451768  -1   0  -1 
2454988.882690 -2.555705 0.609501 0.000000 0.400000 0.247565 2.102128 0.681140 1.420988 0.400000 -0.681140 0.400000 2.451768  -1   0  -1 
2454988.888119 -2.550276 0.609881 0.100000 0.400000 0.247565 2.100201 0.678330 1.521870 0.400000 -0.578330 0.400000 2.451768  -1   0  -1 
2454989.877517 -1.560878 0.679147 -0.100000 0.300000 0.247565 1.534079 0.022652 1.411428 0.300000 -0.122652 0.300000 2.451768  -1   0  -1 
2454989.883200 -1.555195 0.679545 -0.200000 0.300000 0.247565 1.529703 0.018113 1.311590 0.300000 -0.218113 0.300000 2.451768  -1   0  -1 
2454991.889668 0.451273 0.820013 -0.800000 0.400000 0.247565 -0.417786 -1.826342 0.608557 0.400000 1.026342 0.400000 2.451768  -1   0  -1 
2454991.895131 0.456736 0.820396 -1.900000 0.400000 0.247565 -0.423282 -1.831241 -0.492041 0.400000 -0.068759 0.400000 2.451768  -1   0  -1 
2454993.901526 2.463131 0.960859 -5.800000 0.200000 0.247565 -1.933586 -3.060692 -4.672895 0.200000 -2.739308 0.200000 2.451768  -1   0  -1 
2455021.881363 1.874729 0.919666 -1.400000 0.500000 0.247565 -1.625044 -3.136414 0.111371 0.500000 1.736414 0.500000 2.451768  -1   0  -1 
2455021.884638 1.878004 0.919896 -1.500000 0.500000 0.247565 -1.627121 -3.139384 0.012263 0.500000 1.639384 0.500000 2.451768  -1   0  -1 
2455021.887879 1.881245 0.920122 0.300000 0.500000 0.247565 -1.629172 -3.142317 1.813145 0.500000 3.442317 0.500000 2.451768  -1   0  -1 
2455023.870780 3.864146 0.058941 -1.300000 0.700000 0.247565 -2.116416 -3.846548 0.430133 0.700000 2.546548 0.700000 2.451768  -1   0  -1 
2455023.874484 3.867850 0.059200 -2.100000 0.800000 0.247565 -2.115881 -3.845968 -0.369913 0.800000 1.745968 0.800000 2.451768  -1   0  -1 
2455023.878292 3.871658 0.059467 -0.900000 0.700000 0.247565 -2.115325 -3.845365 0.830039 0.700000 2.945365 0.700000 2.451768  -1   0  -1 
2455023.893431 3.886797 0.060527 -2.900000 0.600000 0.247565 -2.113064 -3.842900 -1.170164 0.600000 0.942900 0.600000 2.451768  -1   0  -1 
2455023.897135 3.890501 0.060786 -2.300000 0.600000 0.247565 -2.112498 -3.842281 -0.570217 0.600000 1.542281 0.600000 2.451768  -1   0  -1 
2455023.901151 3.894517 0.061067 -2.000000 0.600000 0.247565 -2.111878 -3.841602 -0.270275 0.600000 1.841602 0.600000 2.451768  -1   0  -1 
2455025.707370 5.700736 0.187517 -3.600000 0.600000 0.247565 -1.298064 -2.892605 -2.005459 0.600000 -0.707395 0.600000 2.451768  -1   0  -1 
2455025.710657 5.704023 0.187747 -2.300000 0.600000 0.247565 -1.295766 -2.889913 -0.705853 0.600000 0.589913 0.600000 2.451768  -1   0  -1 
2455025.713979 5.707345 0.187979 -3.800000 0.600000 0.247565 -1.293442 -2.887189 -2.206252 0.600000 -0.912811 0.600000 2.451768  -1   0  -1 
2455036.781145 2.490391 0.962767 -0.700000 0.800000 0.247565 -1.944628 -1.457934 -1.186694 0.800000 0.757934 0.800000 2.451768  -1   0  -1 
2455036.782916 2.492162 0.962891 1.300000 0.800000 0.247565 -1.945335 -1.458260 0.812925 0.800000 2.758260 0.800000 2.451768  -1   0  -1 
2455036.784721 2.493967 0.963018 -0.000000 0.700000 0.247565 -1.946055 -1.458591 -0.487464 0.700000 1.458591 0.700000 2.451768  -1   0  -1 
2455036.786434 2.495680 0.963138 0.300000 0.700000 0.247565 -1.946736 -1.458904 -0.187832 0.700000 1.758904 0.700000 2.451768  -1   0  -1 
2455036.788217 2.497463 0.963263 1.200000 0.700000 0.247565 -1.947444 -1.459229 0.711784 0.700000 2.659229 0.700000 2.451768  -1   0  -1 
2455036.789988 2.499234 0.963387 0.300000 0.700000 0.247565 -1.948147 -1.459550 -0.188597 0.700000 1.759550 0.700000 2.451768  -1   0  -1 
2455037.797226 3.506472 0.033901 -1.500000 0.700000 0.247565 -2.143541 -1.436001 -2.207540 0.700000 -0.063999 0.700000 2.451768  -1   0  -1 
2455037.799009 3.508255 0.034026 3.000000 0.700000 0.247565 -2.143528 -1.435596 2.292068 0.700000 4.435596 0.700000 2.451768  -1   0  -1 
2455037.800733 3.509979 0.034147 1.300000 0.700000 0.247565 -2.143515 -1.435204 0.591689 0.700000 2.735204 0.700000 2.451768  -1   0  -1 
2455037.802539 3.511785 0.034273 0.200000 0.700000 0.247565 -2.143499 -1.434792 -0.508707 0.700000 1.634792 0.700000 2.451768  -1   0  -1 
2455037.804321 3.513567 0.034398 2.000000 0.700000 0.247565 -2.143482 -1.434384 1.290901 0.700000 3.434384 0.700000 2.451768  -1   0  -1 
2455037.806057 3.515303 0.034519 0.000000 0.700000 0.247565 -2.143465 -1.433985 -0.709480 0.700000 1.433985 0.700000 2.451768  -1   0  -1 
2455039.786805 5.496051 0.173187 2.700000 0.800000 0.247565 -1.436404 -0.282478 1.546075 0.800000 2.982478 0.800000 2.451768  -1   0  -1 
2455039.788332 5.497578 0.173294 3.100000 0.900000 0.247565 -1.435407 -0.281132 1.945725 0.900000 3.381132 0.900000 2.451768  -1   0  -1 
2455039.789964 5.499210 0.173408 3.200000 0.800000 0.247565 -1.434342 -0.279692 2.045351 0.800000 3.479692 0.800000 2.451768  -1   0  -1 
2455039.791550 5.500796 0.173519 1.100000 0.800000 0.247565 -1.433306 -0.278293 -0.055013 0.800000 1.378293 0.800000 2.451768  -1   0  -1 
2455039.793147 5.502393 0.173631 2.400000 0.800000 0.247565 -1.432262 -0.276883 1.244621 0.800000 2.676883 0.800000 2.451768  -1   0  -1 
2455039.794710 5.503956 0.173741 3.300000 0.900000 0.247565 -1.431240 -0.275502 2.144263 0.900000 3.575502 0.900000 2.451768  -1   0  -1 
2455039.796330 5.505576 0.173854 3.700000 0.800000 0.247565 -1.430180 -0.274071 2.543891 0.800000 3.974071 0.800000 2.451768  -1   0  -1 
2455041.699644 -6.875230 0.307101 3.000000 0.400000 0.247565 0.114093 1.714792 1.399301 0.400000 1.285208 0.400000 2.451768  -1   0  -1 
2455041.704829 -6.870045 0.307464 2.700000 0.400000 0.247565 0.118733 1.720663 1.098070 0.400000 0.979337 0.400000 2.451768  -1   0  -1 
2455045.801844 -2.773030 0.594287 1.300000 0.400000 0.247565 2.167967 4.714498 -1.246532 0.400000 -3.414498 0.400000 2.451768  -1   0  -1 
2455046.832613 -1.742261 0.666449 -0.800000 0.400000 0.247565 1.667671 4.390840 -3.523169 0.400000 -5.190840 0.400000 2.451768  -1   0  -1 
2455047.816890 -0.757984 0.735356 -0.900000 0.500000 0.247565 0.821577 3.634048 -3.712470 0.500000 -4.534048 0.500000 2.451768  -1   0  -1 
2455047.821971 -0.752903 0.735712 -1.800000 0.500000 0.247565 0.816585 3.629219 -4.612634 0.500000 -5.429219 0.500000 2.451768  -1   0  -1 
2455066.705240 3.846246 0.057688 -3.800000 0.300000 0.247565 -2.118929 -2.548432 -3.370497 0.300000 -1.251568 0.300000 2.451768  -1   0  -1 
2455067.723686 4.864692 0.128987 -2.600000 0.300000 0.247565 -1.796742 -2.017912 -2.378831 0.300000 -0.582088 0.300000 2.451768  -1   0  -1 
2455068.708996 5.850002 0.197966 -4.000000 0.300000 0.247565 -1.191432 -1.207700 -3.983732 0.300000 -2.792300 0.300000 2.451768  -1   0  -1 
2455069.712847 6.853853 0.268244 -0.800000 0.200000 0.247565 -0.377901 -0.181837 -0.996064 0.200000 -0.618163 0.200000 2.451768  -1   0  -1 
2455072.655300 -4.487813 0.474239 4.100000 0.700000 0.247565 1.934368 2.777117 3.257251 0.700000 1.322883 0.700000 2.451768  -1   0  -1 
2455072.657788 -4.485325 0.474413 4.000000 0.600000 0.247565 1.935580 2.778892 3.156687 0.600000 1.221108 0.600000 2.451768  -1   0  -1 
2455072.660218 -4.482895 0.474583 3.900000 0.600000 0.247565 1.936762 2.780625 3.056137 0.600000 1.119375 0.600000 2.451768  -1   0  -1 
2455072.662649 -4.480464 0.474753 4.900000 0.600000 0.247565 1.937942 2.782356 4.055586 0.600000 2.117644 0.600000 2.451768  -1   0  -1 
2455075.660497 -1.482616 0.684626 4.300000 0.700000 0.247565 1.472835 3.017453 2.755382 0.700000 1.282547 0.700000 2.451768  -1   0  -1 
2455075.662928 -1.480185 0.684796 3.800000 0.600000 0.247565 1.470899 3.016099 2.254800 0.600000 0.783901 0.600000 2.451768  -1   0  -1 
2455075.665358 -1.477755 0.684966 4.700000 0.600000 0.247565 1.468963 3.014744 3.154219 0.600000 1.685256 0.600000 2.451768  -1   0  -1 
2455078.680711 1.537598 0.896064 -1.100000 1.000000 0.247565 -1.391220 0.865031 -3.356251 1.000000 -1.965031 1.000000 2.451768  -1   0  -1 
2455078.683604 1.540491 0.896267 -1.100000 1.100000 0.247565 -1.393390 0.863498 -3.356887 1.100000 -1.963498 1.100000 2.451768  -1   0  -1 
2455078.686092 1.542979 0.896441 1.300000 1.200000 0.247565 -1.395253 0.862181 -0.957434 1.200000 0.437819 1.200000 2.451768  -1   0  -1 
2455078.689171 1.546058 0.896657 1.200000 1.400000 0.247565 -1.397557 0.860554 -1.058111 1.400000 0.339446 1.400000 2.451768  -1   0  -1 
2455109.549819 3.838466 0.057143 -2.200000 0.600000 0.247565 -2.119984 -0.622843 -3.697141 0.600000 -1.577157 0.600000 2.451768  -1   0  -1 
2455109.555767 3.844414 0.057560 -2.400000 0.800000 0.247565 -2.119179 -0.620608 -3.898571 0.800000 -1.779392 0.800000 2.451768  -1   0  -1 
2455110.576472 4.865119 0.129017 -1.900000 0.400000 0.247565 -1.796536 -0.052425 -3.644111 0.400000 -1.847575 0.400000 2.451768  -1   0  -1 
2455110.581946 4.870593 0.129400 -3.000000 0.400000 0.247565 -1.793889 -0.048465 -4.745424 0.400000 -2.951535 0.400000 2.451768  -1   0  -1 
2455112.566577 6.855224 0.268340 0.000000 0.500000 0.247565 -0.376707 1.826213 -2.202920 0.500000 -1.826213 0.500000 2.451768  -1   0  -1 
2455112.571947 6.860594 0.268716 0.700000 0.400000 0.247565 -0.372027 1.832036 -1.504063 0.400000 -1.132036 0.400000 2.451768  -1   0  -1 
2455116.586194 -3.409279 0.549744 0.900000 0.200000 0.247565 2.232981 4.607913 -1.474932 0.200000 -3.707913 0.200000 2.451768  -1   0  -1 
2455121.587607 1.592134 0.899882 -8.100000 0.700000 0.247565 -1.431658 -2.923056 -6.608601 0.700000 -5.176944 0.700000 2.451768  -1   0  -1 
2455121.590037 1.594564 0.900053 -6.900000 0.700000 0.247565 -1.433437 -2.926146 -5.407291 0.700000 -3.973854 0.700000 2.451768  -1   0  -1 
2455121.592479 1.597006 0.900224 -9.400000 0.700000 0.247565 -1.435223 -2.929246 -7.905976 0.700000 -6.470754 0.700000 2.451768  -1   0  -1 
2455121.594956 1.599483 0.900397 -7.500000 0.800000 0.247565 -1.437032 -2.932388 -6.004644 0.800000 -4.567612 0.800000 2.451768  -1   0  -1 
2455121.597456 1.601983 0.900572 -8.700000 0.800000 0.247565 -1.438856 -2.935554 -7.203302 0.800000 -5.764446 0.800000 2.451768  -1   0  -1 
2455122.525933 2.530460 0.965573 -6.400000 0.800000 0.247565 -1.960322 -3.840923 -4.519400 0.800000 -2.559077 0.800000 2.451768  -1   0  -1 
2455122.528352 2.532879 0.965742 -7.000000 0.800000 0.247565 -1.961249 -3.842575 -5.118675 0.800000 -3.157425 0.800000 2.451768  -1   0  -1 
2455122.530794 2.535321 0.965913 -7.600000 0.700000 0.247565 -1.962183 -3.844239 -5.717944 0.700000 -3.755761 0.700000 2.451768  -1   0  -1 
2455122.533248 2.537775 0.966085 -5.800000 0.700000 0.247565 -1.963118 -3.845907 -3.917211 0.700000 -1.954093 0.700000 2.451768  -1   0  -1 
2455122.535701 2.540228 0.966256 -6.300000 0.700000 0.247565 -1.964051 -3.847571 -4.416480 0.700000 -2.452429 0.700000 2.451768  -1   0  -1 
2455124.520796 4.525323 0.105229 -7.500000 0.300000 0.247565 -1.942792 -4.077225 -5.365568 0.300000 -3.422775 0.300000 2.451768  -1   0  -1 
2455124.526421 4.530948 0.105622 -7.500000 0.300000 0.247565 -1.940670 -4.075086 -5.365584 0.300000 -3.424914 0.300000 2.451768  -1   0  -1 
2455127.527559 -6.752034 0.315725 -2.300000 0.300000 0.247565 0.224338 -1.624925 -0.450737 0.300000 -0.675075 0.300000 2.451768  -1   0  -1 
2455127.531367 -6.748226 0.315992 -2.500000 0.300000 0.247565 0.227744 -1.620938 -0.651318 0.300000 -0.879062 0.300000 2.451768  -1   0  -1 
2455127.535232 -6.744361 0.316263 -3.800000 0.300000 0.247565 0.231201 -1.616892 -1.951907 0.300000 -2.183108 0.300000 2.451768  -1   0  -1 
2455129.550559 -4.729034 0.457351 -2.600000 0.300000 0.247565 1.806968 0.300607 -1.093639 0.300000 -2.900607 0.300000 2.451768  -1   0  -1 
2455129.556068 -4.723525 0.457737 -2.600000 0.300000 0.247565 1.810089 0.304732 -1.094643 0.300000 -2.904732 0.300000 2.451768  -1   0  -1 
2455132.521473 -1.758120 0.665338 -1.900000 0.300000 0.247565 1.678772 0.742982 -0.964210 0.300000 -2.642982 0.300000 2.451768  -1   0  -1 
2455134.512800 0.233207 0.804747 -3.100000 0.400000 0.247565 -0.195681 -0.727786 -2.567895 0.400000 -2.372214 0.400000 2.451768  -1   0  -1 
2455134.518436 0.238843 0.805142 -3.700000 0.400000 0.247565 -0.201479 -0.732422 -3.169056 0.400000 -2.967578 0.400000 2.451768  -1   0  -1 
2455135.502747 1.223154 0.874051 -4.500000 0.200000 0.247565 -1.139954 -1.466454 -4.173501 0.200000 -3.033546 0.200000 2.451768  -1   0  -1 
2455135.508279 1.228686 0.874438 -4.200000 0.200000 0.247565 -1.144627 -1.469968 -3.874659 0.200000 -2.730032 0.200000 2.451768  -1   0  -1 
2455136.521235 2.241642 0.945353 -3.400000 0.400000 0.247565 -1.833017 -1.944402 -3.288614 0.400000 -1.455598 0.400000 2.451768  -1   0  -1 
2455139.491913 5.212320 0.153324 -2.200000 0.600000 0.247565 -1.611545 -1.071631 -2.739914 0.600000 -1.128369 0.600000 2.451768  -1   0  -1 
2455139.497642 5.218049 0.153725 -3.600000 0.500000 0.247565 -1.608213 -1.067005 -4.141208 0.500000 -2.532995 0.500000 2.451768  -1   0  -1 
2455142.501946 -6.061766 0.364050 0.300000 0.600000 0.247565 0.831133 2.072591 -0.941458 0.600000 -1.772591 0.600000 2.451768  -1   0  -1 
2455142.508519 -6.055193 0.364510 2.000000 0.900000 0.247565 0.836731 2.079763 0.756968 0.900000 -0.079763 0.900000 2.451768  -1   0  -1 
2455143.500033 -5.063679 0.433923 3.500000 0.500000 0.247565 1.600452 3.081996 2.018456 0.500000 0.418004 0.500000 2.451768  -1   0  -1 
2455143.505160 -5.058552 0.434282 1.900000 0.500000 0.247565 1.603853 3.086634 0.417219 0.500000 -1.186634 0.500000 2.451768  -1   0  -1 
2455370.737660 -6.371969 0.342333 1.200000 1.900000 0.247565 0.562157 -0.255976 2.018133 1.900000 1.455976 1.900000 2.451768  -1   0  -1 
2455370.742139 -6.367490 0.342647 -4.800000 3.200000 0.247565 0.566096 -0.251091 -3.982812 3.200000 -4.548909 3.200000 2.451768  -1   0  -1 
2455372.810565 -4.299064 0.487453 0.700000 0.600000 0.247565 2.020065 1.647174 1.072890 0.600000 -0.947174 0.600000 2.451768  -1   0  -1 
2455372.812926 -4.296703 0.487618 2.600000 0.700000 0.247565 2.021055 1.648681 2.972374 0.700000 0.951319 0.700000 2.451768  -1   0  -1 
2455372.815461 -4.294168 0.487795 -0.200000 0.700000 0.247565 2.022115 1.650296 0.171819 0.700000 -1.850296 0.700000 2.451768  -1   0  -1 
2455372.817961 -4.291668 0.487970 0.000000 0.700000 0.247565 2.023159 1.651887 0.371272 0.700000 -1.651887 0.700000 2.451768  -1   0  -1 
2455372.820334 -4.289295 0.488136 -0.700000 0.700000 0.247565 2.024147 1.653395 -0.329248 0.700000 -2.353395 0.700000 2.451768  -1   0  -1 
2455372.822846 -4.286783 0.488312 -2.000000 0.700000 0.247565 2.025191 1.654989 -1.629798 0.700000 -3.654989 0.700000 2.451768  -1   0  -1 
2455373.787027 -3.322602 0.555813 2.500000 0.700000 0.247565 2.235252 2.078161 2.657091 0.700000 0.421839 0.700000 2.451768  -1   0  -1 
2455373.789654 -3.319975 0.555996 3.200000 0.600000 0.247565 2.235267 2.078762 3.356505 0.600000 1.121238 0.600000 2.451768  -1   0  -1 
2455373.792363 -3.317266 0.556186 5.400000 0.700000 0.247565 2.235279 2.079379 5.555900 0.700000 3.320621 0.700000 2.451768  -1   0  -1 
2455373.795117 -3.314512 0.556379 0.700000 0.700000 0.247565 2.235288 2.080002 0.855285 0.700000 -1.380002 0.700000 2.451768  -1   0  -1 
2455374.782319 -2.327310 0.625491 4.100000 0.800000 0.247565 2.009349 2.076706 4.032643 0.800000 2.023294 0.800000 2.451768  -1   0  -1 
2455374.784842 -2.324787 0.625667 5.300000 0.800000 0.247565 2.008192 2.076124 5.232068 0.800000 3.223876 0.800000 2.451768  -1   0  -1 
2455374.787307 -2.322322 0.625840 2.500000 0.700000 0.247565 2.007058 2.075552 2.431506 0.700000 0.424448 0.700000 2.451768  -1   0  -1 
2455374.789738 -2.319891 0.626010 2.600000 0.800000 0.247565 2.005938 2.074986 2.530952 0.800000 0.525014 0.800000 2.451768  -1   0  -1 
2455375.694460 -1.415169 0.689348 1.100000 0.700000 0.247565 1.418408 1.695650 0.822758 0.700000 -0.595650 0.700000 2.451768  -1   0  -1 
2455375.696914 -1.412715 0.689520 -0.500000 0.700000 0.247565 1.416400 1.694212 -0.777812 0.700000 -2.194212 0.700000 2.451768  -1   0  -1 
2455375.699333 -1.410296 0.689689 1.000000 0.700000 0.247565 1.414418 1.692792 0.721626 0.700000 -0.692792 0.700000 2.451768  -1   0  -1 
2455375.701775 -1.407854 0.689860 0.900000 0.700000 0.247565 1.412416 1.691358 0.621059 0.700000 -0.791358 0.700000 2.451768  -1   0  -1 
2455376.666000 -0.443629 0.757363 2.300000 0.500000 0.247565 0.505601 1.010795 1.794806 0.500000 1.289205 0.500000 2.451768  -1   0  -1 
2455376.671521 -0.438108 0.757750 1.300000 0.500000 0.247565 0.499945 1.006447 0.793498 0.500000 0.293553 0.500000 2.451768  -1   0  -1 
2455396.818485 5.424736 0.168195 -3.000000 0.400000 0.247565 -1.482314 -3.815798 -0.666516 0.400000 0.815798 0.400000 2.451768  -1   0  -1 
2455399.794059 -5.883810 0.376508 -1.600000 0.300000 0.247565 0.980846 -0.809616 0.190462 0.300000 -0.790384 0.300000 2.451768  -1   0  -1 
2455401.724236 -3.953633 0.511635 3.200000 0.500000 0.247565 2.142006 0.735148 4.606858 0.500000 2.464852 0.500000 2.451768  -1   0  -1 
2455403.744580 -1.933289 0.653075 0.800000 0.400000 0.247565 1.794862 0.804061 1.790801 0.400000 -0.004061 0.400000 2.451768  -1   0  -1 
2455407.739517 2.061648 0.932752 0.300000 0.400000 0.247565 -1.737300 -1.862037 0.424737 0.400000 2.162037 0.400000 2.451768  -1   0  -1 
2455407.744366 2.066497 0.933092 -0.200000 0.600000 0.247565 -1.740040 -1.863685 -0.076355 0.600000 1.663685 0.600000 2.451768  -1   0  -1 
2455409.759906 4.082037 0.074195 -0.900000 0.400000 0.247565 -2.076330 -1.736172 -1.240158 0.400000 0.836172 0.400000 2.451768  -1   0  -1 
2455409.765438 4.087569 0.074582 -1.500000 0.400000 0.247565 -2.075086 -1.733629 -1.841458 0.400000 0.233629 0.400000 2.451768  -1   0  -1 
2455411.702076 6.024207 0.210162 1.000000 0.400000 0.247565 -1.061395 -0.256961 0.195566 0.400000 1.256961 0.400000 2.451768  -1   0  -1 
2455411.707608 6.029739 0.210549 1.100000 0.400000 0.247565 -1.057173 -0.251399 0.294226 0.400000 1.351399 0.400000 2.451768  -1   0  -1 
2455413.741738 -6.220250 0.352954 2.500000 0.500000 0.247565 0.694781 1.991737 1.203044 0.500000 0.508263 0.500000 2.451768  -1   0  -1 
2455413.747363 -6.214625 0.353348 3.900000 0.500000 0.247565 0.699663 1.997949 2.601714 0.500000 1.902051 0.500000 2.451768  -1   0  -1 
2455423.671167 3.709179 0.048092 -3.900000 0.600000 0.247565 -2.134174 -4.097369 -1.936805 0.600000 0.197369 0.600000 2.451768  -1   0  -1 
2455423.675010 3.713022 0.048361 -4.000000 0.600000 0.247565 -2.133844 -4.099388 -2.034456 0.600000 0.099388 0.600000 2.451768  -1   0  -1 
2455423.678921 3.716933 0.048635 -4.400000 0.600000 0.247565 -2.133502 -4.101432 -2.432070 0.600000 -0.298568 0.600000 2.451768  -1   0  -1 
2455424.623362 4.661374 0.114753 -4.200000 0.800000 0.247565 -1.888590 -4.307793 -1.780796 0.800000 0.107793 0.800000 2.451768  -1   0  -1 
2455424.627274 4.665286 0.115027 -5.000000 0.700000 0.247565 -1.886943 -4.307532 -2.579412 0.700000 -0.692468 0.700000 2.451768  -1   0  -1 
2455424.631012 4.669024 0.115289 -4.600000 0.700000 0.247565 -1.885366 -4.307273 -2.178092 0.700000 -0.292727 0.700000 2.451768  -1   0  -1 
2455425.571355 5.609367 0.181120 -3.600000 0.500000 0.247565 -1.360988 -4.018978 -0.942010 0.500000 0.418978 0.500000 2.451768  -1   0  -1 
2455425.575244 5.613256 0.181392 -2.900000 0.600000 0.247565 -1.358348 -4.016962 -0.241386 0.600000 1.116962 0.600000 2.451768  -1   0  -1 
2455425.579121 5.617133 0.181664 -3.100000 0.600000 0.247565 -1.355712 -4.014946 -0.440766 0.600000 0.914946 0.600000 2.451768  -1   0  -1 
2455427.718138 -6.527970 0.331412 -2.000000 0.500000 0.247565 0.424202 -2.289816 0.714018 0.500000 0.289816 0.500000 2.451768  -1   0  -1 
2455427.721911 -6.524197 0.331676 -2.400000 0.500000 0.247565 0.427553 -2.286197 0.313750 0.500000 -0.113803 0.500000 2.451768  -1   0  -1 
2455427.725707 -6.520401 0.331942 -0.700000 0.500000 0.247565 0.430924 -2.282555 2.013480 0.500000 1.582555 0.500000 2.451768  -1   0  -1 
2455428.726322 -5.519786 0.401992 -1.000000 0.500000 0.247565 1.272430 -1.343001 1.615431 0.500000 0.343001 0.500000 2.451768  -1   0  -1 
2455428.730153 -5.515955 0.402261 -0.400000 0.400000 0.247565 1.275374 -1.339594 2.214968 0.400000 0.939594 0.400000 2.451768  -1   0  -1 
2455428.733937 -5.512171 0.402526 0.100000 0.500000 0.247565 1.278280 -1.336231 2.714511 0.500000 1.436231 0.500000 2.451768  -1   0  -1 
2455435.654960 1.408852 0.887051 -3.400000 0.600000 0.247565 -1.291975 -2.661820 -2.030155 0.600000 -0.738180 0.600000 2.451768  -1   0  -1 
2455436.663126 2.417018 0.957631 -5.600000 0.300000 0.247565 -1.914237 -3.076107 -4.438130 0.300000 -2.523893 0.300000 2.451768  -1   0  -1 
2455436.668404 2.422296 0.958000 -5.900000 0.300000 0.247565 -1.916494 -3.077267 -4.739227 0.300000 -2.822733 0.300000 2.451768  -1   0  -1 
2455437.672380 3.426272 0.028286 -6.300000 0.300000 0.247565 -2.142834 -3.093104 -5.349731 0.300000 -3.206896 0.300000 2.451768  -1   0  -1 
2455437.677657 3.431549 0.028656 -6.400000 0.300000 0.247565 -2.142958 -3.092112 -5.450846 0.300000 -3.307888 0.300000 2.451768  -1   0  -1 
2455438.708355 4.462247 0.100813 -3.600000 0.300000 0.247565 -1.965877 -2.695240 -2.870638 0.300000 -0.904760 0.300000 2.451768  -1   0  -1 
2455438.713494 4.467386 0.101173 -3.700000 0.300000 0.247565 -1.964046 -2.692303 -2.971743 0.300000 -1.007697 0.300000 2.451768  -1   0  -1 
2455439.730928 5.484820 0.172401 -3.000000 0.300000 0.247565 -1.443715 -1.951071 -2.492644 0.300000 -1.048929 0.300000 2.451768  -1   0  -1 
2455443.710245 -4.819983 0.450984 5.700000 0.400000 0.247565 1.754089 2.155193 5.298896 0.400000 3.544807 0.400000 2.451768  -1   0  -1 
2455444.726089 -3.804139 0.522101 3.700000 0.300000 0.247565 2.179802 2.824692 3.055110 0.300000 0.875308 0.300000 2.451768  -1   0  -1 
2455445.637866 -2.892362 0.585933 6.200000 0.200000 0.247565 2.194672 3.061286 5.333386 0.200000 3.138714 0.200000 2.451768  -1   0  -1 
2455446.658848 -1.871380 0.657409 7.400000 0.500000 0.247565 1.755223 2.870770 6.284453 0.500000 4.529230 0.500000 2.451768  -1   0  -1 
2455446.663928 -1.866300 0.657765 6.100000 0.500000 0.247565 1.751902 2.868682 4.983220 0.500000 3.231318 0.500000 2.451768  -1   0  -1 
2455453.602871 5.072643 0.143545 0.600000 0.400000 0.247565 -1.690045 -0.472247 -0.617798 0.400000 1.072247 0.400000 2.451768  -1   0  -1 
2455453.606447 5.076219 0.143796 0.800000 0.400000 0.247565 -1.688102 -0.472659 -0.415443 0.400000 1.272659 0.400000 2.451768  -1   0  -1 
2455453.610092 5.079864 0.144051 -0.500000 0.400000 0.247565 -1.686118 -0.473079 -1.713039 0.400000 -0.026921 0.400000 2.451768  -1   0  -1 
2455456.539745 -6.274603 0.349149 1.100000 0.500000 0.247565 0.647477 -0.799786 2.547263 0.500000 1.899786 0.500000 2.451768  -1   0  -1 
2455456.543147 -6.271201 0.349388 2.400000 0.500000 0.247565 0.650445 -0.799594 3.850039 0.500000 3.199594 0.500000 2.451768  -1   0  -1 
2455456.546504 -6.267844 0.349623 3.000000 0.600000 0.247565 0.653373 -0.799403 4.452776 0.600000 3.799403 0.600000 2.451768  -1   0  -1 
2455458.640176 -4.174172 0.496196 1.600000 0.400000 0.247565 2.069538 -0.478503 4.148042 0.400000 2.078503 0.400000 2.451768  -1   0  -1 
2455458.645361 -4.168987 0.496559 1.800000 0.400000 0.247565 2.071463 -0.477910 4.349373 0.400000 2.277910 0.400000 2.451768  -1   0  -1 
2455459.533232 -3.281116 0.558717 4.500000 0.300000 0.247565 2.235113 -0.468779 7.203892 0.300000 4.968779 0.300000 2.451768  -1   0  -1 
2455459.538208 -3.276140 0.559065 1.800000 0.300000 0.247565 2.235043 -0.469351 4.504394 0.300000 2.269351 0.300000 2.451768  -1   0  -1 
2455480.529186 3.430719 0.028598 -4.700000 0.500000 0.247565 -2.142940 -0.880780 -5.962160 0.500000 -3.819220 0.500000 2.451768  -1   0  -1 
2455480.532970 3.434503 0.028863 -3.500000 0.400000 0.247565 -2.143023 -0.879928 -4.763095 0.400000 -2.620072 0.400000 2.451768  -1   0  -1 
2455480.536778 3.438311 0.029129 -1.800000 0.500000 0.247565 -2.143101 -0.879065 -3.064036 0.500000 -0.920935 0.500000 2.451768  -1   0  -1 
2455482.554786 5.456319 0.170406 1.700000 0.400000 0.247565 -1.462133 0.271869 -0.034003 0.400000 1.428131 0.400000 2.451768  -1   0  -1 
2455484.542056 -6.840531 0.309530 2.300000 0.500000 0.247565 0.145147 2.162255 0.282892 0.500000 0.137745 0.500000 2.451768  -1   0  -1 
2455484.545828 -6.836759 0.309794 4.700000 0.500000 0.247565 0.148523 2.165795 2.682728 0.500000 2.534205 0.500000 2.451768  -1   0  -1 
2455484.549671 -6.832916 0.310063 3.800000 0.500000 0.247565 0.151962 2.169400 1.782563 0.500000 1.630600 0.500000 2.451768  -1   0  -1 
2455485.527184 -5.855403 0.378497 4.400000 0.400000 0.247565 1.004358 2.981713 2.422645 0.400000 1.418287 0.400000 2.451768  -1   0  -1 
2455485.532971 -5.849616 0.378902 6.100000 0.400000 0.247565 1.009134 2.985676 4.123458 0.400000 3.114324 0.400000 2.451768  -1   0  -1 
2455487.543214 -3.839373 0.519634 4.100000 0.400000 0.247565 2.171742 3.272060 2.999682 0.400000 0.827940 0.400000 2.451768  -1   0  -1 
2455487.548897 -3.833690 0.520032 4.100000 0.400000 0.247565 2.173077 3.269057 3.004020 0.400000 0.830943 0.400000 2.451768  -1   0  -1 
2455493.544252 2.161665 0.939754 -2.300000 0.400000 0.247565 -1.792013 -4.331599 0.239586 0.400000 2.031599 0.400000 2.451768  -1   0  -1 
2455493.550478 2.167891 0.940190 -3.100000 0.400000 0.247565 -1.795293 -4.335086 -0.560207 0.400000 1.235086 0.400000 2.451768  -1   0  -1 
2455495.535877 4.153290 0.079183 -3.000000 0.400000 0.247565 -2.059480 -4.487272 -0.572208 0.400000 1.487272 0.400000 2.451768  -1   0  -1 
2455495.541664 4.159077 0.079588 -3.000000 0.400000 0.247565 -2.058032 -4.485117 -0.572914 0.400000 1.485117 0.400000 2.451768  -1   0  -1 
2455498.517820 7.135233 0.287943 -1.400000 0.700000 0.247565 -0.130129 -2.053770 0.523641 0.700000 0.653770 0.700000 2.451768  -1   0  -1 
2455498.523445 7.140858 0.288336 -0.800000 0.600000 0.247565 -0.125132 -2.047649 1.122517 0.600000 1.247649 0.600000 2.451768  -1   0  -1 
2455500.544007 -5.122700 0.429792 -1.600000 0.300000 0.247565 1.560798 0.063763 -0.102965 0.300000 -1.663763 0.300000 2.451768  -1   0  -1 
2455500.549389 -5.117318 0.430168 -1.600000 0.400000 0.247565 1.564452 0.068597 -0.104145 0.400000 -1.668597 0.400000 2.451768  -1   0  -1 
2455501.547102 -4.119605 0.500016 -1.800000 0.300000 0.247565 2.089271 0.815623 -0.526352 0.300000 -2.615623 0.300000 2.451768  -1   0  -1 
2455501.552738 -4.113969 0.500411 -2.600000 0.300000 0.247565 2.091243 0.818868 -1.327625 0.300000 -3.418868 0.300000 2.451768  -1   0  -1 
2455505.514789 -0.151918 0.777785 -1.300000 0.300000 0.247565 0.203963 -0.127717 -0.968320 0.300000 -1.172283 0.300000 2.451768  -1   0  -1 
2455505.520425 -0.146282 0.778180 -1.000000 0.300000 0.247565 0.198099 -0.132176 -0.669725 0.300000 -0.867824 0.300000 2.451768  -1   0  -1 
2455507.517142 1.850435 0.917966 -4.500000 0.300000 0.247565 -1.609518 -1.428027 -4.681491 0.300000 -3.071973 0.300000 2.451768  -1   0  -1 
2455507.522824 1.856117 0.918363 -6.000000 0.300000 0.247565 -1.613168 -1.430178 -6.182990 0.300000 -4.569822 0.300000 2.451768  -1   0  -1 
2455509.518050 3.851343 0.058045 -3.700000 0.400000 0.247565 -2.118225 -1.391928 -4.426297 0.400000 -2.308072 0.400000 2.451768  -1   0  -1 
2455509.523524 3.856817 0.058428 -3.500000 0.400000 0.247565 -2.117459 -1.389622 -4.227837 0.400000 -2.110378 0.400000 2.451768  -1   0  -1 
2455511.516449 5.849742 0.197948 -2.400000 0.400000 0.247565 -1.191622 0.116126 -3.707748 0.400000 -2.516126 0.400000 2.451768  -1   0  -1 
2455511.521935 5.855228 0.198332 -2.800000 0.400000 0.247565 -1.187617 0.121782 -4.109398 0.400000 -2.921782 0.400000 2.451768  -1   0  -1 
2455513.504562 -6.446265 0.337132 1.000000 0.400000 0.247565 0.496623 2.419710 -0.923087 0.400000 -1.419710 0.400000 2.451768  -1   0  -1 
2455513.510244 -6.440583 0.337529 1.200000 0.400000 0.247565 0.501646 2.426533 -0.724887 0.400000 -1.226533 0.400000 2.451768  -1   0  -1 
2455514.505835 -5.444992 0.407229 0.400000 0.300000 0.247565 1.329386 3.571360 -1.841974 0.300000 -3.171360 0.300000 2.451768  -1   0  -1 
2455514.511356 -5.439471 0.407615 0.800000 0.300000 0.247565 1.333545 3.577280 -1.443735 0.300000 -2.777280 0.300000 2.451768  -1   0  -1 
2455519.503938 -0.446889 0.757135 3.400000 0.500000 0.247565 0.508938 3.797740 0.111198 0.500000 -0.397740 0.500000 2.451768  -1   0  -1 
2455519.508811 -0.442016 0.757476 4.000000 0.500000 0.247565 0.503949 3.792226 0.711723 0.500000 0.207774 0.500000 2.451768  -1   0  -1 
2455523.508036 3.557209 0.037453 1.800000 0.400000 0.247565 -2.142689 -1.209193 0.866504 0.400000 3.009193 0.400000 2.451768  -1   0  -1 
2455523.513036 3.562209 0.037803 2.000000 0.400000 0.247565 -2.142551 -1.212340 1.069789 0.400000 3.212340 0.400000 2.451768  -1   0  -1 
2455524.521481 4.570654 0.108402 1.600000 0.300000 0.247565 -1.925396 -1.508061 1.182665 0.300000 3.108061 0.300000 2.451768  -1   0  -1 
2455524.526446 4.575619 0.108750 2.100000 0.300000 0.247565 -1.923450 -1.507861 1.684411 0.300000 3.607861 0.300000 2.451768  -1   0  -1 
2455653.900831 5.392926 0.165968 -0.800000 0.400000 0.247565 -1.502393 1.510466 -3.812859 0.400000 -2.310466 0.400000 2.451768  -1   0  -1 
2455653.906410 5.398505 0.166358 0.500000 0.400000 0.247565 -1.498889 1.512518 -2.511407 0.400000 -1.012518 0.400000 2.451768  -1   0  -1 
2455654.900357 6.392452 0.235942 0.800000 0.400000 0.247565 -0.769302 1.831829 -1.801132 0.400000 -1.031829 0.400000 2.451768  -1   0  -1 
2455654.905936 6.398031 0.236333 1.300000 0.400000 0.247565 -0.764719 1.833195 -1.297914 0.400000 -0.533195 0.400000 2.451768  -1   0  -1 
2455657.909222 -4.882803 0.446586 -0.300000 0.300000 0.247565 1.716106 1.627413 -0.211306 0.300000 -1.927413 0.300000 2.451768  -1   0  -1 
2455657.914813 -4.877212 0.446978 -0.700000 0.300000 0.247565 1.719534 1.625959 -0.606425 0.300000 -2.325959 0.300000 2.451768  -1   0  -1 
2455659.907949 -2.884076 0.586513 0.500000 0.400000 0.247565 2.193035 0.910315 1.782721 0.400000 -0.410315 0.400000 2.451768  -1   0  -1 
2455659.913540 -2.878485 0.586904 -0.700000 0.400000 0.247565 2.191912 0.907350 0.584563 0.400000 -1.607350 0.400000 2.451768  -1   0  -1 
2455660.901884 -1.890141 0.656096 -0.600000 0.300000 0.247565 1.767398 0.257921 0.909477 0.300000 -0.857921 0.300000 2.451768  -1   0  -1 
2455662.902485 0.110460 0.796154 -0.700000 0.500000 0.247565 -0.068883 -1.618887 0.850003 0.500000 0.918887 0.500000 2.451768  -1   0  -1 
2455662.908180 0.116155 0.796552 -1.100000 0.500000 0.247565 -0.074786 -1.624409 0.449623 0.500000 0.524409 0.500000 2.451768  -1   0  -1 
2455663.839263 1.047238 0.861735 -2.700000 0.900000 0.247565 -0.987053 -2.451316 -1.235737 0.900000 -0.248684 0.900000 2.451768  -1   0  -1 
2455672.897729 -4.178415 0.495899 -0.000000 0.300000 0.247565 2.067955 2.234954 -0.166999 0.300000 -2.234954 0.300000 2.451768  -1   0  -1 
2455672.902775 -4.173369 0.496252 0.100000 0.300000 0.247565 2.069837 2.237874 -0.068037 0.300000 -2.137874 0.300000 2.451768  -1   0  -1 
2455675.905453 -1.170691 0.706463 -2.200000 0.200000 0.247565 1.209339 2.012434 -3.003095 0.200000 -4.212434 0.200000 2.451768  -1   0  -1 
2455679.879903 2.803759 0.984706 -3.400000 0.300000 0.247565 -2.050223 -0.344141 -5.106082 0.300000 -3.055859 0.300000 2.451768  -1   0  -1 
2455679.885123 2.808979 0.985071 -4.100000 0.300000 0.247565 -2.051648 -0.344333 -5.807314 0.300000 -3.755667 0.300000 2.451768  -1   0  -1 
2455712.893679 -7.034825 0.295928 0.600000 0.300000 0.247565 -0.028565 1.369638 -0.798202 0.300000 -0.769638 0.300000 2.451768  -1   0  -1 
2455715.864679 -4.063825 0.503921 4.700000 0.700000 0.247565 2.108230 4.213786 2.594445 0.700000 0.486214 0.700000 2.451768  -1   0  -1 
2455715.867376 -4.061128 0.504110 4.200000 0.700000 0.247565 2.109116 4.215305 2.093810 0.700000 -0.015305 0.700000 2.451768  -1   0  -1 
2455715.869992 -4.058512 0.504293 4.600000 0.700000 0.247565 2.109972 4.216777 2.493195 0.700000 0.383223 0.700000 2.451768  -1   0  -1 
2455715.872747 -4.055757 0.504486 4.200000 0.700000 0.247565 2.110870 4.218323 2.092547 0.700000 -0.018323 0.700000 2.451768  -1   0  -1 
2455735.809170 1.596546 0.900191 -3.700000 0.300000 0.247565 -1.434887 -2.448643 -2.686243 0.300000 -1.251357 0.300000 2.451768  -1   0  -1 
2455754.777241 6.280498 0.228105 2.200000 0.500000 0.247565 -0.860339 1.621890 -0.282230 0.500000 0.578110 0.500000 2.451768  -1   0  -1 
2455755.755721 -7.025142 0.296606 1.000000 0.400000 0.247565 -0.019924 2.036610 -1.056534 0.400000 -1.036610 0.400000 2.451768  -1   0  -1 
2455769.736300 6.955437 0.275356 -1.000000 0.300000 0.247565 -0.289025 -1.358303 0.069279 0.300000 0.358303 0.300000 2.451768  -1   0  -1 
2455769.742075 6.961212 0.275760 -1.400000 0.400000 0.247565 -0.283950 -1.352105 -0.331845 0.400000 -0.047895 0.400000 2.451768  -1   0  -1 
2455776.628483 -0.436500 0.757862 0.200000 0.400000 0.247565 0.498298 0.857289 -0.158991 0.400000 -0.657289 0.400000 2.451768  -1   0  -1 
2455782.624998 5.560015 0.177665 1.200000 0.400000 0.247565 -1.394198 0.363350 -0.557548 0.400000 0.836650 0.400000 2.451768  -1   0  -1 
2455784.737667 -6.611436 0.325568 4.400000 0.300000 0.247565 0.349921 2.586611 2.163310 0.300000 1.813389 0.300000 2.451768  -1   0  -1 
2455801.526698 -4.106524 0.500932 0.600000 0.600000 0.247565 2.093828 0.579820 2.114007 0.600000 0.020180 0.600000 2.451768  -1   0  -1 
2455801.531628 -4.101594 0.501277 -0.100000 0.600000 0.247565 2.095528 0.582424 1.413104 0.600000 -0.682424 0.600000 2.451768  -1   0  -1 
2455804.632333 -1.000889 0.718351 -1.800000 0.600000 0.247565 1.054451 0.140000 -0.885549 0.600000 -1.940000 0.600000 2.451768  -1   0  -1 
2455804.637669 -0.995553 0.718724 -1.100000 0.500000 0.247565 1.049470 0.136087 -0.186617 0.500000 -1.236087 0.500000 2.451768  -1   0  -1 
2455807.626267 1.993045 0.927949 0.400000 0.500000 0.247565 -1.697596 -1.997393 0.699797 0.500000 2.397393 0.500000 2.451768  -1   0  -1 
2455807.631162 1.997940 0.928292 0.500000 0.400000 0.247565 -1.700487 -1.999254 0.798767 0.400000 2.499254 0.400000 2.451768  -1   0  -1 
2455810.581550 4.948328 0.134842 -2.800000 0.400000 0.247565 -1.755336 -1.416535 -3.138801 0.400000 -1.383465 0.400000 2.451768  -1   0  -1 
2455810.586723 4.953501 0.135204 -1.900000 0.400000 0.247565 -1.752708 -1.412756 -2.239952 0.400000 -0.487244 0.400000 2.451768  -1   0  -1 
2455816.587002 -3.330340 0.555271 1.700000 0.500000 0.247565 2.235190 3.983138 -0.047948 0.500000 -2.283138 0.500000 2.451768  -1   0  -1 
2455816.590578 -3.326764 0.555521 2.400000 0.400000 0.247565 2.235222 3.984019 0.651203 0.400000 -1.584019 0.400000 2.451768  -1   0  -1 
2455816.594154 -3.323188 0.555771 1.900000 0.400000 0.247565 2.235249 3.984895 0.150354 0.400000 -2.084895 0.400000 2.451768  -1   0  -1 
2455834.622073 0.420611 0.817867 -2.700000 0.300000 0.247565 -0.386870 -2.082211 -1.004659 0.300000 -0.617789 0.300000 2.451768  -1   0  -1 
2455834.627593 0.426131 0.818253 -3.600000 0.300000 0.247565 -0.392444 -2.086799 -1.905645 0.300000 -1.513201 0.300000 2.451768  -1   0  -1 
2455836.585712 2.384250 0.955337 -4.400000 0.300000 0.247565 -1.899977 -3.228068 -3.071909 0.300000 -1.171932 0.300000 2.451768  -1   0  -1 
2455836.591440 2.389978 0.955738 -5.300000 0.300000 0.247565 -1.902500 -3.229482 -3.973018 0.300000 -2.070518 0.300000 2.451768  -1   0  -1 
2455839.585007 5.383545 0.165311 -3.100000 0.500000 0.247565 -1.508267 -2.237081 -2.371185 0.500000 -0.862919 0.500000 2.451768  -1   0  -1 
2455839.590794 5.389332 0.165716 -2.800000 0.500000 0.247565 -1.504646 -2.232273 -2.072373 0.500000 -0.567727 0.500000 2.451768  -1   0  -1 
2455842.549547 -5.936035 0.372852 2.500000 0.500000 0.247565 0.937328 0.831698 2.605630 0.500000 1.668302 0.500000 2.451768  -1   0  -1 
2455842.555033 -5.930549 0.373236 2.700000 0.400000 0.247565 0.941917 0.837470 2.804447 0.400000 1.862530 0.400000 2.451768  -1   0  -1 
2455845.575633 -2.909949 0.584701 5.300000 0.500000 0.247565 2.198040 2.764954 4.733086 0.500000 2.535046 0.500000 2.451768  -1   0  -1 
2455845.581258 -2.904324 0.585095 5.100000 0.500000 0.247565 2.196979 2.765183 4.531796 0.500000 2.334817 0.500000 2.451768  -1   0  -1 
2455870.498785 -6.555036 0.329517 -3.100000 0.400000 0.247565 0.400143 -0.947920 -1.751937 0.400000 -2.152080 0.400000 2.451768  -1   0  -1 
2455870.504422 -6.549399 0.329911 -2.300000 0.400000 0.247565 0.405156 -0.941805 -0.953038 0.400000 -1.358195 0.400000 2.451768  -1   0  -1 
2455874.532217 -2.521604 0.611889 1.300000 0.500000 0.247565 2.089797 1.560540 1.829257 0.500000 -0.260540 0.500000 2.451768  -1   0  -1 
2455874.537437 -2.516384 0.612254 3.300000 0.700000 0.247565 2.087862 1.559700 3.828162 0.700000 1.740300 0.700000 2.451768  -1   0  -1 
2455878.549549 1.495728 0.893133 3.500000 0.700000 0.247565 -1.359520 -1.014084 3.154564 0.700000 4.514084 0.700000 2.451768  -1   0  -1 
2455878.554965 1.501144 0.893512 5.200000 0.700000 0.247565 -1.363652 -1.016989 4.853337 0.700000 6.216989 0.700000 2.451768  -1   0  -1 
2456020.892743 0.997724 0.858269 3.600000 0.400000 0.247565 -0.942582 0.949647 1.707771 0.400000 2.650353 0.400000 2.451768  -1   0  -1 
2456020.898160 1.003141 0.858648 3.600000 0.400000 0.247565 -0.947477 0.945581 1.706942 0.400000 2.654419 0.400000 2.451768  -1   0  -1 
2456022.889397 2.994378 0.998050 -0.500000 0.500000 0.247565 -2.095119 -0.118936 -2.476182 0.500000 -0.381064 0.500000 2.451768  -1   0  -1 
2456022.894884 2.999865 0.998435 -1.400000 0.600000 0.247565 -2.096194 -0.120668 -3.375526 0.600000 -1.279332 0.600000 2.451768  -1   0  -1 
2456024.891353 4.996334 0.138203 -3.100000 0.400000 0.247565 -1.730646 -0.559035 -4.271611 0.400000 -2.540965 0.400000 2.451768  -1   0  -1 
2456024.897048 5.002029 0.138602 -2.600000 0.400000 0.247565 -1.727673 -0.560201 -3.767472 0.400000 -2.039799 0.400000 2.451768  -1   0  -1 
2456028.922257 -5.256882 0.420398 0.500000 0.300000 0.247565 1.467385 -0.718259 2.685645 0.300000 1.218259 0.300000 2.451768  -1   0  -1 
2456029.892891 -4.286248 0.488350 0.500000 0.500000 0.247565 2.025413 -0.485086 3.010499 0.500000 0.985086 0.500000 2.451768  -1   0  -1 
2456029.898354 -4.280785 0.488732 0.000000 0.500000 0.247565 2.027674 -0.484067 2.511741 0.500000 0.484067 0.500000 2.451768  -1   0  -1 
2456031.852968 -2.326171 0.625570 1.300000 0.400000 0.247565 2.008827 -0.658238 3.967066 0.400000 1.958238 0.400000 2.451768  -1   0  -1 
2456052.857065 4.393806 0.096021 -2.600000 0.400000 0.247565 -1.989429 -0.467790 -4.121639 0.400000 -2.132210 0.400000 2.451768  -1   0  -1 
2456052.862482 4.399223 0.096401 -1.800000 0.400000 0.247565 -1.987622 -0.464775 -3.322847 0.400000 -1.335225 0.400000 2.451768  -1   0  -1 
2456053.851639 5.388380 0.165649 -3.000000 0.400000 0.247565 -1.505242 0.223980 -4.729222 0.400000 -3.223980 0.400000 2.451768  -1   0  -1 
2456053.857114 5.393855 0.166033 0.900000 0.400000 0.247565 -1.501810 0.228453 -0.830263 0.400000 0.671547 0.400000 2.451768  -1   0  -1 
2456054.839916 6.376657 0.234836 -2.200000 0.300000 0.247565 -0.782254 1.106261 -4.088515 0.300000 -3.306261 0.300000 2.451768  -1   0  -1 
2456055.886865 -6.860514 0.308131 -0.400000 0.300000 0.247565 0.127263 2.085829 -2.358566 0.300000 -2.485829 0.300000 2.451768  -1   0  -1 
2456056.818146 -5.929233 0.373328 2.000000 0.400000 0.247565 0.943017 2.813776 0.129241 0.400000 -0.813776 0.400000 2.451768  -1   0  -1 
2456056.823714 -5.923665 0.373718 1.800000 0.400000 0.247565 0.947669 2.817319 -0.069649 0.400000 -1.017319 0.400000 2.451768  -1   0  -1 
2456078.843392 1.811894 0.915267 2.600000 0.300000 0.247565 -1.584453 -1.891240 2.906787 0.300000 4.491240 0.300000 2.451768  -1   0  -1 
2456078.849075 1.817577 0.915665 2.300000 0.300000 0.247565 -1.588183 -1.893708 2.605526 0.300000 4.193708 0.300000 2.451768  -1   0  -1 
2456081.832748 4.801250 0.124546 0.600000 0.400000 0.247565 -1.826762 -1.449161 0.222399 0.400000 2.049161 0.400000 2.451768  -1   0  -1 
2456081.838651 4.807153 0.124959 0.300000 0.300000 0.247565 -1.824020 -1.445025 -0.078995 0.300000 1.745025 0.300000 2.451768  -1   0  -1 
2456085.820521 -5.495097 0.403721 3.400000 0.400000 0.247565 1.291354 2.627998 2.063356 0.400000 0.772002 0.400000 2.451768  -1   0  -1 
2456085.826250 -5.489368 0.404122 4.100000 0.500000 0.247565 1.295728 2.633715 2.762013 0.500000 1.466285 0.500000 2.451768  -1   0  -1 
2456088.742747 -2.572871 0.608300 5.500000 0.300000 0.247565 2.108131 3.991936 3.616195 0.300000 1.508064 0.300000 2.451768  -1   0  -1 
2456092.900369 1.584751 0.899366 -0.000000 0.300000 0.247565 -1.426240 -1.037657 -0.388583 0.300000 1.037657 0.300000 2.451768  -1   0  -1 
2456115.815540 -4.068318 0.503607 3.600000 0.400000 0.247565 2.106749 2.566600 3.140149 0.400000 1.033400 0.400000 2.451768  -1   0  -1 
2456118.809984 -1.073874 0.713241 6.100000 0.300000 0.247565 1.121909 2.310355 4.911554 0.300000 3.789645 0.300000 2.451768  -1   0  -1 
2456121.820367 1.936509 0.923991 2.900000 0.700000 0.247565 -1.663567 0.159487 1.076946 0.700000 2.740513 0.700000 2.451768  -1   0  -1 
2456149.686124 1.234027 0.874812 -1.200000 0.400000 0.247565 -1.149130 -0.497681 -1.851449 0.400000 -0.702319 0.400000 2.451768  -1   0  -1 
2456154.723489 6.271392 0.227467 5.400000 0.400000 0.247565 -0.867664 1.014280 3.518056 0.400000 4.385720 0.400000 2.451768  -1   0  -1 
2456154.728442 6.276345 0.227814 6.200000 0.600000 0.247565 -0.863681 1.019254 4.317065 0.600000 5.180746 0.600000 2.451768  -1   0  -1 
2456166.527551 3.791334 0.053844 -4.500000 0.300000 0.247565 -2.125889 -4.439714 -2.186175 0.300000 -0.060286 0.300000 2.451768  -1   0  -1 
2456168.609469 5.873252 0.199594 -4.900000 0.500000 0.247565 -1.174414 -3.192235 -2.882179 0.500000 -1.707765 0.500000 2.451768  -1   0  -1 
2456168.615105 5.878888 0.199989 -4.000000 0.400000 0.247565 -1.170273 -3.187057 -1.983216 0.400000 -0.812943 0.400000 2.451768  -1   0  -1 
2456171.510563 -5.509774 0.402693 1.200000 0.300000 0.247565 1.280119 -0.116078 2.596197 0.300000 1.316078 0.300000 2.451768  -1   0  -1 
2456173.694840 -3.325497 0.555610 5.800000 0.400000 0.247565 2.235232 1.380318 6.654914 0.400000 4.419682 0.400000 2.451768  -1   0  -1 
2456181.612869 4.592532 0.109934 2.900000 0.300000 0.247565 -1.916761 -0.373693 1.356932 0.300000 3.273693 0.300000 2.451768  -1   0  -1 
2456186.623747 -4.680710 0.460734 7.200000 0.300000 0.247565 1.834016 5.443206 3.590810 0.300000 1.756794 0.300000 2.451768  -1   0  -1 
2456189.666838 -1.637619 0.673775 6.100000 0.900000 0.247565 1.592061 6.540469 1.151592 0.900000 -0.440469 0.900000 2.451768  -1   0  -1 
2456190.592865 -0.711592 0.738604 3.100000 0.400000 0.247565 0.775833 6.012128 -2.136295 0.400000 -2.912128 0.400000 2.451768  -1   0  -1 
2456190.598548 -0.705909 0.739001 2.100000 0.400000 0.247565 0.770205 6.007861 -3.137656 0.400000 -3.907861 0.400000 2.451768  -1   0  -1 
2456195.586272 4.281815 0.088181 1.700000 0.500000 0.247565 -2.024541 1.262254 -1.586795 0.500000 0.437746 0.500000 2.451768  -1   0  -1 
2456195.591793 4.287336 0.088568 1.200000 0.500000 0.247565 -2.022911 1.260440 -2.083351 0.500000 -0.060440 0.500000 2.451768  -1   0  -1 
2456198.564091 -7.024485 0.296652 8.300000 0.600000 0.247565 -0.019338 2.336454 5.944208 0.600000 5.963546 0.600000 2.451768  -1   0  -1 
2456198.569866 -7.018710 0.297056 8.700000 0.600000 0.247565 -0.014183 2.341173 6.344644 0.600000 6.358827 0.600000 2.451768  -1   0  -1 
2456204.547188 -1.041388 0.715515 3.800000 0.400000 0.247565 1.092042 3.658003 1.234038 0.400000 0.141997 0.400000 2.451768  -1   0  -1 
2456205.523197 -0.065379 0.783844 0.900000 0.200000 0.247565 0.113889 2.752224 -1.738335 0.200000 -1.852224 0.200000 2.451768  -1   0  -1 
2456208.615737 3.027161 0.000345 -0.500000 0.500000 0.247565 -2.101363 0.801424 -3.402787 0.500000 -1.301424 0.500000 2.451768  -1   0  -1 
2456209.540800 3.952224 0.065107 2.500000 0.500000 0.247565 -2.102312 0.891698 -0.494011 0.500000 1.608302 0.500000 2.451768  -1   0  -1 
2456210.532155 4.943579 0.134510 2.300000 0.400000 0.247565 -1.757742 1.341073 -0.798815 0.400000 0.958927 0.400000 2.451768  -1   0  -1 
2456212.523498 6.934922 0.273919 7.600000 0.200000 0.247565 -0.307033 3.026086 4.266880 0.200000 4.573914 0.200000 2.451768  -1   0  -1 
2456217.523649 -2.349047 0.623969 8.100000 0.400000 0.247565 2.019203 6.092497 4.026706 0.400000 2.007503 0.400000 2.451768  -1   0  -1 
2456217.529482 -2.343214 0.624377 9.800000 0.400000 0.247565 2.016580 6.090859 5.725721 0.400000 3.709141 0.400000 2.451768  -1   0  -1 
2456218.587951 -1.284745 0.698478 9.400000 0.400000 0.247565 1.309073 5.565218 5.143855 0.400000 3.834782 0.400000 2.451768  -1   0  -1 
2456219.500319 -0.372377 0.762351 8.400000 0.200000 0.247565 0.432414 4.848114 3.984300 0.200000 3.551886 0.200000 2.451768  -1   0  -1 
2456220.491327 0.618631 0.831730 6.000000 0.400000 0.247565 -0.584225 4.001819 1.413956 0.400000 1.998181 0.400000 2.451768  -1   0  -1 
2456220.514069 0.641373 0.833322 5.400000 0.300000 0.247565 -0.606507 3.983337 0.810156 0.300000 1.416663 0.300000 2.451768  -1   0  -1 
2456409.867093 4.300840 0.089513 2.600000 0.600000 0.247565 -2.018880 -2.636305 3.217425 0.600000 5.236305 0.600000 2.451768  -1   0  -1 
2456409.872719 4.306466 0.089907 2.400000 0.600000 0.247565 -2.017181 -2.633474 3.016292 0.600000 5.033474 0.600000 2.451768  -1   0  -1 
2456410.795661 5.229408 0.154520 4.100000 3.300000 0.247565 -1.601581 -2.030622 4.529041 3.300000 6.130622 3.300000 2.451768  -1   0  -1 
2456410.804261 5.238008 0.155122 8.100000 2.400000 0.247565 -1.596536 -2.023819 8.527283 2.400000 10.123819 2.400000 2.451768  -1   0  -1 
2456416.824768 -3.025605 0.576605 5.500000 0.600000 0.247565 2.216544 3.088400 4.628144 0.600000 2.411600 0.600000 2.451768  -1   0  -1 
2456416.828565 -3.021808 0.576870 7.100000 0.500000 0.247565 2.216037 3.088762 6.227274 0.500000 4.011238 0.500000 2.451768  -1   0  -1 
2456416.832443 -3.017930 0.577142 6.300000 0.600000 0.247565 2.215512 3.089126 5.426386 0.600000 3.210874 0.600000 2.451768  -1   0  -1 
2456432.884915 -1.249578 0.700940 3.100000 0.400000 0.247565 1.278715 -0.610869 4.989584 0.400000 3.710869 0.400000 2.451768  -1   0  -1 
2456432.890124 -1.244369 0.701305 2.800000 0.500000 0.247565 1.274188 -0.616725 4.690913 0.500000 3.416725 0.500000 2.451768  -1   0  -1 
2456433.905268 -0.229225 0.772373 5.500000 0.700000 0.247565 0.284316 -1.772420 7.556736 0.700000 7.272420 0.700000 2.451768  -1   0  -1 
2456433.910395 -0.224098 0.772732 3.600000 0.800000 0.247565 0.278993 -1.778172 5.657165 0.800000 5.378172 0.800000 2.451768  -1   0  -1 
2456434.892458 0.757965 0.841484 2.200000 0.500000 0.247565 -0.719301 -2.802627 4.283326 0.500000 5.002627 0.500000 2.451768  -1   0  -1 
2456434.898129 0.763636 0.841881 3.800000 0.500000 0.247565 -0.724722 -2.807922 5.883200 0.500000 6.607922 0.500000 2.451768  -1   0  -1 
2456437.889188 3.754695 0.051279 0.400000 0.400000 0.247565 -2.129900 -3.898875 2.168975 0.400000 4.298875 0.400000 2.451768  -1   0  -1 
2456437.894720 3.760227 0.051666 0.800000 0.400000 0.247565 -2.129327 -3.897435 2.568108 0.400000 4.697435 0.400000 2.451768  -1   0  -1 
2456438.860772 4.726279 0.119297 0.900000 0.300000 0.247565 -1.860655 -3.469036 2.508381 0.300000 4.369036 0.300000 2.451768  -1   0  -1 
2456441.860316 -6.558297 0.329289 0.200000 0.400000 0.247565 0.397243 -0.652154 1.249397 0.400000 0.852154 0.400000 2.451768  -1   0  -1 
2456454.832361 6.413748 0.237433 2.300000 0.400000 0.247565 -0.751786 1.057985 0.490229 0.400000 1.242015 0.400000 2.451768  -1   0  -1 
2456454.837894 6.419281 0.237820 3.200000 0.400000 0.247565 -0.747225 1.063860 1.388915 0.400000 2.136140 0.400000 2.451768  -1   0  -1 
2456467.823190 5.120457 0.146893 -0.600000 0.600000 0.247565 -1.663773 -3.842999 1.579226 0.600000 3.242999 0.600000 2.451768  -1   0  -1 
2456467.826929 5.124196 0.147154 1.000000 0.600000 0.247565 -1.661692 -3.841079 3.179387 0.600000 4.841079 0.600000 2.451768  -1   0  -1 
2456467.830702 5.127969 0.147419 0.400000 0.600000 0.247565 -1.659589 -3.839136 2.579548 0.600000 4.239136 0.600000 2.451768  -1   0  -1 
2456473.860840 -3.126012 0.569575 1.900000 0.500000 0.247565 2.227492 0.773339 3.354153 0.500000 1.126661 0.500000 2.451768  -1   0  -1 
2456473.864821 -3.122031 0.569854 1.400000 0.500000 0.247565 2.227149 0.773740 2.853409 0.500000 0.626260 0.500000 2.451768  -1   0  -1 
2456473.868595 -3.118257 0.570118 0.700000 0.500000 0.247565 2.226816 0.774114 2.152702 0.500000 -0.074114 0.500000 2.451768  -1   0  -1 
2456480.776552 3.789700 0.053729 0.100000 0.500000 0.247565 -2.126079 -2.179077 0.152998 0.500000 2.279077 0.500000 2.451768  -1   0  -1 
2456480.782281 3.795429 0.054130 -1.300000 0.500000 0.247565 -2.125409 -2.177174 -1.248235 0.500000 0.877174 0.500000 2.451768  -1   0  -1 
2456481.631506 4.644654 0.113583 -1.100000 0.600000 0.247565 -1.895571 -1.763065 -1.232506 0.600000 0.663065 0.600000 2.451768  -1   0  -1 
2456481.637189 4.650337 0.113981 -1.400000 0.600000 0.247565 -1.893208 -1.759459 -1.533749 0.600000 0.359459 0.600000 2.451768  -1   0  -1 
2456501.599929 -3.955163 0.511528 5.300000 0.300000 0.247565 2.141571 -0.133605 7.575176 0.300000 5.433605 0.300000 2.451768  -1   0  -1 
2456523.744316 3.905104 0.061808 1.600000 0.300000 0.247565 -2.110215 -0.089185 -0.421031 0.300000 1.689185 0.300000 2.451768  -1   0  -1 
2456524.691276 4.852064 0.128103 2.200000 0.400000 0.247565 -1.802814 0.393809 0.003377 0.400000 1.806191 0.400000 2.451768  -1   0  -1 
2456524.696693 4.857481 0.128482 1.600000 0.400000 0.247565 -1.800215 0.397272 -0.597487 0.400000 1.202728 0.400000 2.451768  -1   0  -1 
2456525.743740 5.904528 0.201784 1.700000 0.300000 0.247565 -1.151354 1.166761 -0.618114 0.300000 0.533239 0.300000 2.451768  -1   0  -1 
2456569.534062 6.842491 0.267448 1.500000 0.500000 0.247565 -0.387794 -2.809591 3.921798 0.500000 4.309591 0.500000 2.451768  -1   0  -1 
2456585.564665 -5.695146 0.389716 4.800000 0.400000 0.247565 1.134734 1.744411 4.190323 0.400000 3.055589 0.400000 2.451768  -1   0  -1 
2456585.568473 -5.691338 0.389983 3.600000 0.400000 0.247565 1.137782 1.748351 2.989431 0.400000 1.851649 0.400000 2.451768  -1   0  -1 
2456585.572350 -5.687461 0.390254 3.900000 0.400000 0.247565 1.140883 1.752360 3.288523 0.400000 2.147640 0.400000 2.451768  -1   0  -1 
2456586.547688 -4.712123 0.458535 3.500000 0.500000 0.247565 1.816518 2.658605 2.657913 0.500000 0.841395 0.500000 2.451768  -1   0  -1 
2456586.551530 -4.708281 0.458804 3.300000 0.500000 0.247565 1.818675 2.661678 2.456997 0.500000 0.638322 0.500000 2.451768  -1   0  -1 
2456586.555442 -4.704369 0.459078 2.500000 0.500000 0.247565 1.820866 2.664802 1.656064 0.500000 -0.164802 0.500000 2.451768  -1   0  -1 
2456590.510961 -0.748850 0.735995 4.600000 0.700000 0.247565 0.812599 2.595553 2.817046 0.700000 2.004447 0.700000 2.451768  -1   0  -1 
2456590.514943 -0.744868 0.736274 6.200000 0.800000 0.247565 0.808681 2.592506 4.416174 0.800000 3.607494 0.800000 2.451768  -1   0  -1 
2456590.518611 -0.741200 0.736531 5.400000 0.600000 0.247565 0.805069 2.589697 3.615372 0.600000 2.810303 0.600000 2.451768  -1   0  -1 
2456765.917789 3.248541 0.015844 -0.600000 0.400000 0.247565 -2.132219 -2.884886 0.152667 0.400000 2.284886 0.400000 2.451768  -1   0  -1 
2456765.923021 3.253773 0.016210 -1.300000 0.400000 0.247565 -2.132711 -2.890493 -0.542217 0.400000 1.590493 0.400000 2.451768  -1   0  -1 
2456789.854143 -1.383345 0.691576 6.600000 0.400000 0.247565 1.392216 2.392061 5.600155 0.400000 4.207939 0.400000 2.451768  -1   0  -1 
2456789.859722 -1.377766 0.691966 6.500000 0.400000 0.247565 1.387592 2.388809 5.498783 0.400000 4.111191 0.400000 2.451768  -1   0  -1 
2456806.890179 1.368572 0.884231 0.300000 0.400000 0.247565 -1.259867 -3.683816 2.723950 0.400000 3.983816 0.400000 2.451768  -1   0  -1 
2456829.893363 -4.196484 0.494634 2.700000 0.300000 0.247565 2.061136 4.221528 0.539608 0.300000 -1.521528 0.300000 2.451768  -1   0  -1 
2456857.748704 -4.909383 0.444725 3.900000 0.500000 0.247565 1.699687 7.449891 -1.850204 0.500000 -3.549891 0.500000 2.451768  -1   0  -1 
2456857.754433 -4.903654 0.445127 4.500000 0.400000 0.247565 1.703244 7.456138 -1.252894 0.400000 -2.956138 0.400000 2.451768  -1   0  -1 
2456866.784629 4.126542 0.077311 -1.700000 0.400000 0.247565 -2.066018 1.835127 -5.601145 0.400000 -3.535127 0.400000 2.451768  -1   0  -1 
2456896.727940 5.501614 0.173577 1.700000 0.500000 0.247565 -1.432771 2.918040 -2.650811 0.500000 -1.218040 0.500000 2.451768  -1   0  -1 
2456896.733287 5.506961 0.173951 2.200000 0.700000 0.247565 -1.429273 2.920188 -2.149461 0.700000 -0.720188 0.700000 2.451768  -1   0  -1 
2457146.919889 -1.420593 0.688968 2.200000 0.300000 16.548495 1.422840 16.471435 -12.848595 0.300000 -14.271435 0.300000 2.451768  -1   1  -1 
2457176.844500 -0.064222 0.783925 13.800000 0.200000 16.548495 0.112684 14.416534 -0.503851 0.200000 -0.616534 0.200000 2.451768  -1   1  -1 
2457180.950532 4.041810 0.071379 9.400000 0.300000 16.548495 -2.085037 12.963688 -5.648725 0.300000 -3.563688 0.300000 2.451768  -1   1  -1 
2457180.956053 4.047331 0.071765 8.200000 0.300000 16.548495 -2.083876 12.965934 -6.849810 0.300000 -4.765934 0.300000 2.451768  -1   1  -1 
2457257.708144 -4.905297 0.445012 19.900000 0.500000 16.548495 1.702225 18.657799 2.944426 0.500000 1.242201 0.500000 2.451768  -1   1  -1 
2457257.713815 -4.899626 0.445409 19.800000 0.500000 16.548495 1.705738 18.662648 2.843090 0.500000 1.137352 0.500000 2.451768  -1   1  -1 
2457307.523708 2.057908 0.932490 17.100000 0.300000 16.548495 -1.735181 11.994693 3.370126 0.300000 5.105307 0.300000 2.451768  -1   1  -1 
2457307.529113 2.063313 0.932869 16.800000 0.300000 16.548495 -1.738242 11.991315 3.070443 0.300000 4.808685 0.300000 2.451768  -1   1  -1 
2457675.588735 -1.264179 0.699918 22.800000 0.300000 16.548495 1.291363 16.120639 7.970724 0.300000 6.679361 0.300000 2.451768  -1   1  -1 
2457879.840329 3.009738 0.999126 14.300000 0.400000 16.548495 -2.098098 11.822290 0.379611 0.400000 2.477710 0.400000 2.451768  -1   1  -1 
2457943.770578 -4.480612 0.474743 20.000000 0.200000 16.548495 1.937870 16.181228 5.756642 0.200000 3.818772 0.200000 2.451768  -1   1  -1 
2457968.637355 6.102045 0.215611 16.000000 0.400000 16.548495 -1.001493 17.143771 -2.145264 0.400000 -1.143771 0.400000 2.451768  -1   1  -1 
