# time Tc_folded Tref_folded model 
2449300.559923 -5.798798 0.382459     1.050862
2449313.101259 6.742538 0.260451    -0.474346
2449325.642595 4.999754 0.138442    -1.728862
2449338.183931 3.256971 0.016434    -2.133006
2449350.725267 1.514187 0.894426    -1.373565
2449363.266603 -0.228597 0.772417     0.283664
2449375.807939 -1.971381 0.650409     1.818477
2449388.349275 -3.714165 0.528400     2.197968
2449400.890611 -5.456948 0.406392     1.320357
2449413.431947 7.084388 0.284383    -0.175237
2449425.973283 5.341604 0.162375    -1.534259
2449438.514619 3.598820 0.040366    -2.141244
2449451.055955 1.856037 0.918358    -1.613117
2449463.597291 0.113253 0.796349    -0.071778
2449476.138627 -1.629531 0.674341     1.586049
2449488.679963 -3.372315 0.552332     2.234372
2449501.221299 -5.115099 0.430324     1.565956
2449513.762635 -6.857882 0.308315     0.129618
2449526.303971 5.683454 0.186307    -1.310106
2449538.845307 3.940670 0.064298    -2.104326
2449551.386643 2.197886 0.942290    -1.810888
2449563.927979 0.455102 0.820281    -0.421638
2449576.469315 -1.287681 0.698273     1.311591
2449589.010651 -3.030465 0.576264     2.217183
2449601.551987 -4.773249 0.454256     1.781578
2449614.093323 -6.516033 0.332247     0.434803
2449626.634659 6.025303 0.210239    -1.060559
2449639.175995 4.282520 0.088230    -2.024333
2449651.717331 2.539736 0.966222    -1.963864
2449664.258667 0.796952 0.844213    -0.756443
2449676.800003 -0.945832 0.722205     1.002742
2449689.341339 -2.688615 0.600197     2.145022
2449701.882675 -4.431399 0.478188     1.961318
2449714.424011 -6.174183 0.356180     0.734671
2449726.965347 6.367153 0.234171    -0.790030
2449739.506684 4.624369 0.112163    -1.903921
2449752.048020 2.881586 0.990154    -2.070324
2449764.589356 1.138802 0.868146    -1.067661
2449777.130692 -0.603982 0.746137     0.668432
2449789.672028 -2.346766 0.624129     2.018178
2449802.213364 -4.089549 0.502120     2.099640
2449814.754700 -5.832333 0.380112     1.023368
2449827.296036 6.709003 0.258103    -0.503182
2449839.837372 4.966219 0.136095    -1.746212
2449852.378708 3.223435 0.014086    -2.129707
2449864.920044 1.480652 0.892078    -1.347968
2449877.461380 -0.262132 0.770069     0.318457
2449890.002716 -2.004916 0.648061     1.838773
2449902.544052 -3.747700 0.526052     2.191606
2449915.085388 -5.490483 0.404044     1.294877
2449927.626724 7.050853 0.282035    -0.204919
2449940.168060 5.308069 0.160027    -1.554721
2449952.709396 3.565285 0.038018    -2.142461
2449965.250732 1.822501 0.916010    -1.591405
2449977.792068 0.079718 0.794001    -0.036996
2449990.333404 -1.663066 0.671993     1.610820
2450002.874740 -3.405850 0.549985     2.233137
2450015.416076 -5.148634 0.427976     1.543092
2450027.957412 -6.891417 0.305968     0.099608
2450040.498748 5.649919 0.183959    -1.333288
2450053.040084 3.907135 0.061951    -2.109892
2450065.581420 2.164351 0.939942    -1.793430
2450078.122756 0.421567 0.817934    -0.387836
2450090.664092 -1.321216 0.695925     1.340171
2450103.205428 -3.064000 0.573917     2.221291
2450115.746764 -4.806784 0.451908     1.761920
2450128.288100 -6.549568 0.329900     0.405007
2450140.829436 5.991768 0.207891    -1.086041
2450153.370772 4.248985 0.085883    -2.034016
2450165.912109 2.506201 0.963874    -1.950897
2450178.453445 0.763417 0.841866    -0.724513
2450190.994781 -0.979367 0.719857     1.034319
2450203.536117 -2.722150 0.597849     2.154538
2450216.077453 -4.464934 0.475840     1.945432
2450228.618789 -6.207718 0.353832     0.705653
2450241.160125 6.333618 0.231823    -0.817368
2450253.701461 4.590834 0.109815    -1.917437
2450266.242797 2.848051 0.987806    -2.061963
2450278.784133 1.105267 0.865798    -1.038390
2450291.325469 -0.637517 0.743789     0.702084
2450303.866805 -2.380301 0.621781     2.032996
2450316.408141 -4.123084 0.499772     2.088048
2450328.949477 -5.865868 0.377764     0.995710
2450341.490813 6.675468 0.255756    -0.531907
2450354.032149 4.932684 0.133747    -1.763237
2450366.573485 3.189900 0.011739    -2.125959
2450379.114821 1.447117 0.889730    -1.322016
2450391.656157 -0.295667 0.767722     0.353197
2450404.197493 -2.038451 0.645713     1.858599
2450416.738829 -3.781235 0.523705     2.184757
2450429.280165 -5.524018 0.401696     1.269174
2450441.821501 7.017318 0.279688    -0.234541
2450454.362837 5.274534 0.157679    -1.574895
2450466.904173 3.531750 0.035671    -2.143242
2450479.445509 1.788966 0.913662    -1.569293
2450491.986845 0.046183 0.791654    -0.002170
2450504.528181 -1.696601 0.669645     1.635179
2450517.069517 -3.439385 0.547637     2.231386
2450529.610853 -5.182169 0.425628     1.519944
2450542.152189 -6.924952 0.303620     0.069606
2450554.693525 5.616384 0.181611    -1.356221
2450567.234861 3.873600 0.059603    -2.115040
2450579.776197 2.130816 0.937594    -1.775542
2450592.317534 0.388032 0.815586    -0.353897
2450604.858870 -1.354751 0.693577     1.368412
2450617.400206 -3.097535 0.571569     2.224869
2450629.941542 -4.840319 0.449560     1.741921
2450642.482878 -6.583103 0.327552     0.375165
2450655.024214 5.958233 0.205544    -1.111316
2450667.565550 4.215450 0.083535    -2.043306
2450680.106886 2.472666 0.961527    -1.937482
2450692.648222 0.729882 0.839518    -0.692363
2450705.189558 -1.012902 0.717510     1.065641
2450717.730894 -2.755685 0.595501     2.163526
2450730.272230 -4.498469 0.473493     1.929153
2450742.813566 -6.241253 0.351484     0.676532
2450755.354902 6.300083 0.229476    -0.844544
2450767.896238 4.557299 0.107467    -1.930590
2450780.437574 2.814516 0.985459    -2.053147
2450792.978910 1.071732 0.863450    -1.008827
2450805.520246 -0.671052 0.741442     0.735575
2450818.061582 -2.413836 0.619433     2.047303
2450830.602918 -4.156619 0.497425     2.076012
2450843.144254 -5.899403 0.375416     0.967891
2450855.685590 6.641933 0.253408    -0.560518
2450868.226926 4.899149 0.131399    -1.779933
2450880.768262 3.156365 0.009391    -2.121760
2450893.309598 1.413582 0.887382    -1.295713
2450905.850934 -0.329202 0.765374     0.387875
2450918.392270 -2.071986 0.643365     1.877953
2450930.933606 -3.814770 0.521357     2.177426
2450943.474942 -5.557553 0.399348     1.243252
2450956.016278 6.983783 0.277340    -0.264097
2450968.557614 5.240999 0.155331    -1.594777
2450981.098950 3.498215 0.033323    -2.143585
2450993.640286 1.755431 0.911315    -1.546786
2451006.181622 0.012648 0.789306     0.032691
2451018.722959 -1.730136 0.667298     1.659119
2451031.264295 -3.472920 0.545289     2.229123
2451043.805631 -5.215704 0.423281     1.496519
2451056.346967 -6.958487 0.301272     0.039619
2451068.888303 5.582849 0.179264    -1.378902
2451081.429639 3.840065 0.057255    -2.119769
2451093.970975 2.097281 0.935247    -1.757227
2451106.512311 0.354497 0.813238    -0.319830
2451119.053647 -1.388286 0.691230     1.396304
2451131.594983 -3.131070 0.569221     2.227919
2451144.136319 -4.873854 0.447213     1.721588
2451156.677655 -6.616638 0.325204     0.345283
2451169.218991 5.924698 0.203196    -1.136381
2451181.760327 4.181915 0.081187    -2.052201
2451194.301663 2.439131 0.959179    -1.923621
2451206.842999 0.696347 0.837170    -0.660000
2451219.384335 -1.046437 0.715162     1.096700
2451231.925671 -2.789220 0.593153     2.171984
2451244.467007 -4.532004 0.471145     1.912484
2451257.008343 -6.274788 0.349136     0.647315
2451269.549679 6.266548 0.227128    -0.871554
2451282.091015 4.523764 0.105119    -1.943379
2451294.632351 2.780981 0.983111    -2.043878
2451307.173687 1.038197 0.861102    -0.978978
2451319.715023 -0.704587 0.739094     0.768896
2451332.256359 -2.447371 0.617086     2.061097
2451344.797695 -4.190154 0.495077     2.063539
2451357.339031 -5.932938 0.373069     0.939919
2451369.880367 6.608398 0.251060    -0.589010
2451382.421703 4.865614 0.129052    -1.796297
2451394.963039 3.122830 0.007043    -2.117111
2451407.504375 1.380047 0.885035    -1.269064
2451420.045711 -0.362737 0.763026     0.422481
2451432.587047 -2.105521 0.641018     1.896828
2451445.128384 -3.848305 0.519009     2.169615
2451457.669720 -5.591088 0.397001     1.217118
2451470.211056 6.950248 0.274992    -0.293582
2451482.752392 5.207464 0.152984    -1.614363
2451495.293728 3.464680 0.030975    -2.143488
2451507.835064 1.721896 0.908967    -1.523886
2451520.376400 -0.020887 0.786958     0.067579
2451532.917736 -1.763671 0.664950     1.682635
2451545.459072 -3.506455 0.542941     2.226350
2451558.000408 -5.249239 0.420933     1.472823
2451570.541744 -6.992022 0.298924     0.009650
2451583.083080 5.549314 0.176916    -1.401326
2451595.624416 3.806530 0.054907    -2.124076
2451608.165752 2.063746 0.932899    -1.738487
2451620.707088 0.320962 0.810890    -0.285643
2451633.248424 -1.421821 0.688882     1.423842
2451645.789760 -3.164605 0.566874     2.230440
2451658.331096 -4.907389 0.444865     1.700926
2451670.872432 -6.650173 0.322857     0.315366
2451683.413768 5.891163 0.200848    -1.161231
2451695.955104 4.148380 0.078840    -2.060699
2451708.496440 2.405596 0.956831    -1.909314
2451721.037776 0.662812 0.834823    -0.627432
2451733.579112 -1.079972 0.712814     1.127486
2451746.120448 -2.822755 0.590806     2.179912
2451758.661784 -4.565539 0.468797     1.895431
2451771.203120 -6.308323 0.346789     0.618008
2451783.744456 6.233013 0.224780    -0.898393
2451796.285792 4.490229 0.102772    -1.955798
2451808.827128 2.747446 0.980763    -2.034155
2451821.368464 1.004662 0.858755    -0.948850
2451833.909800 -0.738122 0.736746     0.802037
2451846.451136 -2.480906 0.614738     2.074377
2451858.992472 -4.223689 0.492729     2.050633
2451871.533809 -5.966473 0.370721     0.911798
2451884.075145 6.574863 0.248712    -0.617377
2451896.616481 4.832079 0.126704    -1.812326
2451909.157817 3.089295 0.004695    -2.112010
2451921.699153 1.346512 0.882687    -1.242074
2451934.240489 -0.396272 0.760678     0.457005
2451946.781825 -2.139056 0.638670     1.915222
2451959.323161 -3.881840 0.516661     2.161328
2451971.864497 -5.624623 0.394653     1.190777
2451984.405833 6.916713 0.272645    -0.322993
2451996.947169 5.173929 0.150636    -1.633650
2452009.488505 3.431145 0.028628    -2.142949
2452022.029841 1.688361 0.906619    -1.500599
2452034.571177 -0.054422 0.784611     0.102483
2452047.112513 -1.797206 0.662602     1.705720
2452059.653849 -3.539990 0.540594     2.223069
2452072.195185 -5.282774 0.418585     1.448862
2452084.736521 -7.025557 0.296577    -0.020295
2452097.277857 5.515779 0.174568    -1.423489
2452109.819193 3.772995 0.052560    -2.127960
2452122.360529 2.030211 0.930551    -1.719324
2452134.901865 0.287427 0.808543    -0.251345
2452147.443201 -1.455356 0.686534     1.451017
2452159.984537 -3.198140 0.564526     2.232434
2452172.525873 -4.940924 0.442517     1.679940
2452185.067209 -6.683708 0.320509     0.285420
2452197.608545 5.857628 0.198500    -1.185862
2452210.149881 4.114845 0.076492    -2.068797
2452222.691217 2.372061 0.954483    -1.894565
2452235.232553 0.629277 0.832475    -0.594667
2452247.773889 -1.113507 0.710466     1.157992
2452260.315225 -2.856290 0.588458     2.187309
2452272.856561 -4.599074 0.466449     1.878000
2452285.397897 -6.341858 0.344441     0.588616
2452297.939234 6.199478 0.222433    -0.925057
2452310.480570 4.456694 0.100424    -1.967847
2452323.021906 2.713911 0.978416    -2.023980
2452335.563242 0.971127 0.856407    -0.918449
2452348.104578 -0.771657 0.734399     0.834989
2452360.645914 -2.514441 0.612390     2.087138
2452373.187250 -4.257225 0.490382     2.037297
2452385.728586 -6.000008 0.368373     0.883535
2452398.269922 6.541328 0.246365    -0.645616
2452410.811258 4.798544 0.124356    -1.828015
2452423.352594 3.055760 0.002348    -2.106456
2452435.893930 1.312977 0.880339    -1.214750
2452448.435266 -0.429807 0.758331     0.491438
2452460.976602 -2.172591 0.636322     1.933130
2452473.517938 -3.915375 0.514314     2.152570
2452486.059274 -5.658159 0.392305     1.164235
2452498.600610 6.883178 0.270297    -0.352323
2452511.141946 5.140394 0.148288    -1.652633
2452523.683282 3.397610 0.026280    -2.141968
2452536.224618 1.654826 0.904271    -1.476927
2452548.765954 -0.087958 0.782263     0.137394
2452561.307290 -1.830741 0.660254     1.728369
2452573.848626 -3.573525 0.538246     2.219283
2452586.389962 -5.316309 0.416237     1.424640
2452598.931298 -7.059093 0.294229    -0.050210
2452611.472634 5.482243 0.172220    -1.445388
2452624.013970 3.739460 0.050212    -2.131418
2452636.555306 1.996676 0.928204    -1.699742
2452649.096642 0.253892 0.806195    -0.216946
2452661.637978 -1.488892 0.684187     1.477822
2452674.179314 -3.231675 0.562178     2.233903
2452686.720650 -4.974459 0.440170     1.658636
2452699.261986 -6.717243 0.318161     0.255450
2452711.803322 5.824093 0.196153    -1.210270
2452724.344658 4.081309 0.074144    -2.076492
2452736.885995 2.338526 0.952136    -1.879373
2452749.427331 0.595742 0.830127    -0.561713
2452761.968667 -1.147042 0.708119     1.188209
2452774.510003 -2.889826 0.586110     2.194175
2452787.051339 -4.632609 0.464102     1.860195
2452799.592675 -6.375393 0.342093     0.559144
2452812.134011 6.165943 0.220085    -0.951542
2452824.675347 4.423159 0.098076    -1.979520
2452837.216683 2.680375 0.976068    -2.013351
2452849.758019 0.937592 0.854059    -0.887783
2452862.299355 -0.805192 0.732051     0.867744
2452874.840691 -2.547976 0.610042     2.099380
2452887.382027 -4.290760 0.488034     2.023537
2452899.923363 -6.033543 0.366025     0.855136
2452912.464699 6.507793 0.244017    -0.673721
2452925.006035 4.765009 0.122008    -1.843362
2452937.547371 3.022225 1.000000    -2.100450
2452950.088707 1.279441 0.877992    -1.187096
2452962.630043 -0.463342 0.755983     0.525769
2452975.171379 -2.206126 0.633975     1.950548
2452987.712715 -3.948910 0.511966     2.143343
2453000.254051 -5.691694 0.389958     1.137497
2453012.795387 6.849642 0.267949    -0.381568
2453025.336723 5.106859 0.145941    -1.671310
2453037.878059 3.364075 0.023932    -2.140543
2453050.419395 1.621291 0.901924    -1.452875
2453062.960731 -0.121493 0.779915     0.172302
2453075.502067 -1.864276 0.657907     1.750576
2453088.043403 -3.607060 0.535898     2.214995
2453100.584739 -5.349844 0.413890     1.400164
2453113.126075 -7.092628 0.291881    -0.080091
2453125.667411 5.448708 0.169873    -1.467018
2453138.208747 3.705925 0.047864    -2.134449
2453150.750083 1.963141 0.925856    -1.679743
2453163.291420 0.220357 0.803847    -0.182454
2453175.832756 -1.522427 0.681839     1.504250
2453188.374092 -3.265210 0.559830     2.234848
2453200.915428 -5.007994 0.437822     1.637020
2453213.456764 -6.750778 0.315813     0.225461
2453225.998100 5.790558 0.193805    -1.234450
2453238.539436 4.047774 0.071796    -2.083783
2453251.080772 2.304991 0.949788    -1.863741
2453263.622108 0.562207 0.827779    -0.528579
2453276.163444 -1.180577 0.705771     1.218127
2453288.704780 -2.923361 0.583763     2.200509
2453301.246116 -4.666144 0.461754     1.842022
2453313.787452 -6.408928 0.339746     0.529598
2453326.328788 6.132408 0.217737    -0.977843
2453338.870124 4.389624 0.095729    -1.990817
2453351.411460 2.646840 0.973720    -2.002271
2453363.952796 0.904057 0.851712    -0.856859
2453376.494132 -0.838727 0.729703     0.900290
2453389.035468 -2.581511 0.607695     2.111101
2453401.576804 -4.324295 0.485686     2.009358
2453414.118140 -6.067078 0.363678     0.826605
2453426.659476 6.474258 0.241669    -0.701688
2453439.200812 4.731474 0.119661    -1.858363
2453451.742148 2.988690 0.997652    -2.093991
2453464.283484 1.245906 0.875644    -1.159118
2453476.824820 -0.496877 0.753635     0.559990
2453489.366156 -2.239661 0.631627     1.967472
2453501.907492 -3.982445 0.509618     2.133652
2453514.448828 -5.725229 0.387610     1.110570
2453526.990164 6.816107 0.265601    -0.410724
2453539.531500 5.073324 0.143593    -1.689676
2453552.072836 3.330540 0.021584    -2.138673
2453564.614172 1.587756 0.899576    -1.428448
2453577.155508 -0.155028 0.777567     0.207198
2453589.696845 -1.897811 0.655559     1.772335
2453602.238181 -3.640595 0.533551     2.210207
2453614.779517 -5.383379 0.411542     1.375439
2453627.320853 -7.126163 0.289534    -0.109933
2453639.862189 5.415173 0.167525    -1.488376
2453652.403525 3.672390 0.045517    -2.137050
2453664.944861 1.929606 0.923508    -1.659331
2453677.486197 0.186822 0.801500    -0.147878
2453690.027533 -1.555962 0.679491     1.530294
2453702.568869 -3.298745 0.557483     2.235270
2453715.110205 -5.041529 0.435474     1.615097
2453727.651541 -6.784313 0.313466     0.195459
2453740.192877 5.757023 0.191457    -1.258399
2453752.734213 4.014239 0.069449    -2.090665
2453765.275549 2.271456 0.947440    -1.847670
2453777.816885 0.528672 0.825432    -0.495271
2453790.358221 -1.214112 0.703423     1.247740
2453802.899557 -2.956896 0.581415     2.206313
2453815.440893 -4.699679 0.459406     1.823487
2453827.982229 -6.442463 0.337398     0.499984
2453840.523565 6.098873 0.215389    -1.003955
2453853.064901 4.356089 0.093381    -2.001732
2453865.606237 2.613305 0.971372    -1.990740
2453878.147573 0.870522 0.849364    -0.825683
2453890.688909 -0.872262 0.727355     0.932620
2453903.230245 -2.615046 0.605347     2.122298
2453915.771581 -4.357830 0.483338     1.994764
2453928.312917 -6.100613 0.361330     0.797949
2453940.854253 6.440723 0.239322    -0.729512
2453953.395589 4.697939 0.117313    -1.873015
2453965.936925 2.955155 0.995305    -2.087079
2453978.478261 1.212371 0.873296    -1.130822
2453991.019597 -0.530412 0.751288     0.594091
2454003.560933 -2.273196 0.629279     1.983899
2454016.102270 -4.015980 0.507271     2.123501
2454028.643606 -5.758764 0.385262     1.083459
2454041.184942 6.782572 0.263254    -0.439784
2454053.726278 5.039789 0.141245    -1.707727
2454066.267614 3.297005 0.019237    -2.136357
2454078.808950 1.554221 0.897228    -1.403649
2454091.350286 -0.188563 0.775220     0.242073
2454103.891622 -1.931346 0.653211     1.793642
2454116.432958 -3.674130 0.531203     2.204923
2454128.974294 -5.416914 0.409194     1.350472
2454141.515630 7.124422 0.287186    -0.139730
2454154.056966 5.381638 0.165177    -1.509458
2454166.598302 3.638855 0.043169    -2.139220
2454179.139638 1.896071 0.921160    -1.638508
2454191.680974 0.153287 0.799152    -0.113228
2454204.222310 -1.589497 0.677143     1.555947
2454216.763646 -3.332280 0.555135     2.235170
2454229.304982 -5.075064 0.433126     1.592873
2454241.846318 -6.817848 0.311118     0.165448
2454254.387654 5.723488 0.189109    -1.282112
2454266.928990 3.980704 0.067101    -2.097138
2454279.470326 2.237921 0.945093    -1.831163
2454292.011662 0.495137 0.823084    -0.461800
2454304.552998 -1.247647 0.701076     1.277038
2454317.094334 -2.990431 0.579067     2.211585
2454329.635670 -4.733214 0.457059     1.804593
2454342.177006 -6.475998 0.335050     0.470307
2454354.718342 6.065338 0.213042    -1.029874
2454367.259678 4.322554 0.091033    -2.012265
2454379.801014 2.579770 0.969025    -1.978757
2454392.342350 0.836987 0.847016    -0.794262
2454404.883686 -0.905797 0.725008     0.964725
2454417.425022 -2.648581 0.602999     2.132971
2454429.966358 -4.391365 0.480991     1.979760
2454442.507695 -6.134148 0.358982     0.769173
2454455.049031 6.407188 0.236974    -0.757189
2454467.590367 4.664404 0.114965    -1.887315
2454480.131703 2.921620 0.992957    -2.079713
2454492.673039 1.178836 0.870948    -1.102214
2454505.214375 -0.563947 0.748940     0.628061
2454517.755711 -2.306731 0.626931     1.999825
2454530.297047 -4.049515 0.504923     2.112894
2454542.838383 -5.792299 0.382914     1.056171
2454555.379719 6.749037 0.260906    -0.468745
2454567.921055 5.006254 0.138897    -1.725462
2454580.462391 3.263470 0.016889    -2.133594
2454593.003727 1.520686 0.894881    -1.378484
2454605.545063 -0.222098 0.772872     0.276916
2454618.086399 -1.964881 0.650864     1.814490
2454630.627735 -3.707665 0.528855     2.199145
2454643.169071 -5.450449 0.406847     1.325268
2454655.710407 7.090887 0.284838    -0.169478
2454668.251743 5.348103 0.162830    -1.530260
2454680.793079 3.605320 0.040821    -2.140957
2454693.334415 1.862536 0.918813    -1.617278
2454705.875751 0.119752 0.796804    -0.078512
2454718.417087 -1.623032 0.674796     1.581201
2454730.958423 -3.365815 0.552787     2.234552
2454743.499759 -5.108599 0.430779     1.570354
2454756.041095 -6.851383 0.308770     0.135435
2454768.582431 5.689953 0.186762    -1.305585
2454781.123767 3.947169 0.064753    -2.103199
2454793.665103 2.204386 0.942745    -1.814221
2454806.206439 0.461602 0.820736    -0.428173
2454818.747775 -1.281182 0.698728     1.306013
2454831.289111 -3.023966 0.576719     2.216326
2454843.830447 -4.766749 0.454711     1.785348
2454856.371783 -6.509533 0.332702     0.440572
2454868.913120 6.031803 0.210694    -1.055597
2454881.454456 4.289019 0.088685    -2.022412
2454893.995792 2.546235 0.966677    -1.966326
2454906.537128 0.803452 0.844668    -0.762605
2454919.078464 -0.939332 0.722660     0.996594
2454931.619800 -2.682116 0.600652     2.143117
2454944.161136 -4.424900 0.478643     1.964351
2454956.702472 -6.167683 0.356635     0.740283
2454969.243808 6.373653 0.234626    -0.784714
2454981.785144 4.630869 0.112618    -1.901259
2454994.326480 2.888085 0.990609    -2.071892
2455006.867816 1.145301 0.868601    -1.073300
2455019.409152 -0.597482 0.746592     0.661892
2455031.950488 -2.340266 0.624584     2.015248
2455044.491824 -4.083050 0.502575     2.101836
2455057.033160 -5.825834 0.380567     1.028710
2455069.574496 6.715502 0.258558    -0.497602
2455082.115832 4.972719 0.136550    -1.742875
2455094.657168 3.229935 0.014541    -2.130382
2455107.198504 1.487151 0.892533    -1.352957
2455119.739840 -0.255633 0.770524     0.311718
2455132.281176 -1.998416 0.648516     1.834876
2455144.822512 -3.741200 0.526507     2.192877
2455157.363848 -5.483984 0.404499     1.299833
2455169.905184 7.057352 0.282490    -0.199171
2455182.446520 5.314568 0.160482    -1.550778
2455194.987856 3.571785 0.038473    -2.142259
2455207.529192 1.829001 0.916465    -1.595644
2455220.070528 0.086217 0.794456    -0.043741
2455232.611864 -1.656567 0.672448     1.606051
2455245.153200 -3.399350 0.550440     2.233416
2455257.694536 -5.142134 0.428431     1.547545
2455270.235872 -6.884918 0.306423     0.105424
2455282.777208 5.656418 0.184414    -1.328815
2455295.318545 3.913634 0.062406    -2.108845
2455307.859881 2.170851 0.940397    -1.796847
2455320.401217 0.428067 0.818389    -0.394398
2455332.942553 -1.314717 0.696380     1.334659
2455345.483889 -3.057501 0.574372     2.220536
2455358.025225 -4.800285 0.452363     1.765756
2455370.566561 -6.543068 0.330355     0.410785
2455383.107897 5.998268 0.208346    -1.081118
2455395.649233 4.255484 0.086338    -2.032170
2455408.190569 2.512700 0.964329    -1.953445
2455420.731905 0.769917 0.842321    -0.730719
2455433.273241 -0.972867 0.720312     1.028219
2455445.814577 -2.715651 0.598304     2.152735
2455458.355913 -4.458435 0.476295     1.948542
2455470.897249 -6.201219 0.354287     0.711285
2455483.438585 6.340118 0.232278    -0.812082
2455495.979921 4.597334 0.110270    -1.914845
2455508.521257 2.854550 0.988261    -2.063619
2455521.062593 1.111766 0.866253    -1.044086
2455533.603929 -0.631018 0.744244     0.695574
2455546.145265 -2.373801 0.622236     2.030164
2455558.686601 -4.116585 0.500227     2.090329
2455571.227937 -5.859369 0.378219     1.001083
2455583.769273 6.681967 0.256211    -0.526349
2455596.310609 4.939183 0.134202    -1.759963
2455608.851945 3.196400 0.012194    -2.126721
2455621.393281 1.453616 0.890185    -1.327073
2455633.934617 -0.289168 0.768177     0.346469
2455646.475953 -2.031952 0.646168     1.854794
2455659.017289 -3.774735 0.524160     2.186122
2455671.558625 -5.517519 0.402151     1.274173
2455684.099961 7.023817 0.280143    -0.228805
2455696.641297 5.281033 0.158134    -1.571008
2455709.182633 3.538249 0.036126    -2.143125
2455721.723970 1.795466 0.914117    -1.573610
2455734.265306 0.052682 0.792109    -0.008923
2455746.806642 -1.690102 0.670100     1.630491
2455759.347978 -3.432886 0.548092     2.231765
2455771.889314 -5.175669 0.426083     1.524452
2455784.430650 -6.918453 0.304075     0.075420
2455796.971986 5.622883 0.182066    -1.351796
2455809.513322 3.880099 0.060058    -2.114075
2455822.054658 2.137315 0.938049    -1.779042
2455834.595994 0.394532 0.816041    -0.360485
2455847.137330 -1.348252 0.694032     1.362965
2455859.678666 -3.091036 0.572024     2.224217
2455872.220002 -4.833820 0.450015     1.745823
2455884.761338 -6.576603 0.328007     0.380952
2455897.302674 5.964733 0.205999    -1.106434
2455909.844010 4.221949 0.083990    -2.041536
2455922.385346 2.479165 0.961982    -1.940117
2455934.926682 0.736381 0.839973    -0.698611
2455947.468018 -1.006402 0.717965     1.059591
2455960.009354 -2.749186 0.595956     2.161826
2455972.550690 -4.491970 0.473948     1.932338
2455985.092026 -6.234754 0.351939     0.682183
2455997.633362 6.306582 0.229931    -0.839290
2456010.174698 4.563799 0.107922    -1.928069
2456022.716034 2.821015 0.985914    -2.054891
2456035.257370 1.078231 0.863905    -1.014579
2456047.798706 -0.664553 0.741897     0.729097
2456060.340042 -2.407336 0.619888     2.044570
2456072.881378 -4.150120 0.497880     2.078379
2456085.422714 -5.892904 0.375871     0.973295
2456097.964050 6.648432 0.253863    -0.554983
2456110.505386 4.905648 0.131854    -1.776723
2456123.046722 3.162865 0.009846    -2.122609
2456135.588058 1.420081 0.887837    -1.300838
2456148.129394 -0.322703 0.765829     0.381159
2456160.670731 -2.065487 0.643820     1.874239
2456173.212067 -3.808270 0.521812     2.178884
2456185.753403 -5.551054 0.399803     1.248293
2456198.294739 6.990282 0.277795    -0.258374
2456210.836075 5.247498 0.155786    -1.590947
2456223.377411 3.504714 0.033778    -2.143553
2456235.918747 1.761931 0.911770    -1.551179
2456248.460083 0.019147 0.789761     0.025932
2456261.001419 -1.723637 0.667753     1.654513
2456273.542755 -3.466421 0.545744     2.229602
2456286.084091 -5.209204 0.423736     1.501081
2456298.625427 -6.951988 0.301727     0.045429
2456311.166763 5.589348 0.179719    -1.374526
2456323.708099 3.846564 0.057710    -2.118885
2456336.249435 2.103780 0.935702    -1.760810
2456348.790771 0.360997 0.813693    -0.326442
2456361.332107 -1.381787 0.691685     1.390926
2456373.873443 -3.124571 0.569676     2.227369
2456386.414779 -4.867355 0.447668     1.725555
2456398.956115 -6.610138 0.325659     0.351077
2456411.497451 5.931198 0.203651    -1.131540
2456424.038787 4.188414 0.081642    -2.050508
2456436.580123 2.445630 0.959634    -1.926342
2456449.121459 0.702846 0.837625    -0.666288
2456461.662795 -1.039937 0.715617     1.090701
2456474.204131 -2.782721 0.593608     2.170386
2456486.745467 -4.525505 0.471600     1.915744
2456499.286803 -6.268289 0.349591     0.652985
2456511.828139 6.273047 0.227583    -0.866333
2456524.369475 4.530264 0.105574    -1.940929
2456536.910811 2.787480 0.983566    -2.045710
2456549.452147 1.044696 0.861558    -0.984785
2456561.993483 -0.698088 0.739549     0.762451
2456574.534819 -2.440871 0.617541     2.058464
2456587.076156 -4.183655 0.495532     2.065991
2456599.617492 -5.926439 0.373524     0.945352
2456612.158828 6.614897 0.251515    -0.583498
2456624.700164 4.872113 0.129507    -1.793152
2456637.241500 3.129330 0.007498    -2.118047
2456649.782836 1.386546 0.885490    -1.274255
2456662.324172 -0.356238 0.763481     0.415780
2456674.865508 -2.099022 0.641473     1.893208
2456687.406844 -3.841805 0.519464     2.171166
2456699.948180 -5.584589 0.397456     1.222199
2456712.489516 6.956747 0.275447    -0.287874
2456725.030852 5.213963 0.153439    -1.610591
2456737.572188 3.471179 0.031430    -2.143541
2456750.113524 1.728396 0.909422    -1.528355
2456762.654860 -0.014388 0.787413     0.060816
2456775.196196 -1.757172 0.665405     1.678111
2456787.737532 -3.499956 0.543396     2.226927
2456800.278868 -5.242739 0.421388     1.477437
2456812.820204 -6.985523 0.299379     0.015456
2456825.361540 5.555813 0.177371    -1.397000
2456837.902876 3.813029 0.055362    -2.123275
2456850.444212 2.070245 0.933354    -1.742152
2456862.985548 0.327462 0.811345    -0.292277
2456875.526884 -1.415322 0.689337     1.418533
2456888.068220 -3.158106 0.567329     2.229992
2456900.609556 -4.900890 0.445320     1.704956
2456913.150892 -6.643673 0.323312     0.321167
2456925.692228 5.897663 0.201303    -1.156432
2456938.233564 4.154879 0.079295    -2.059083
2456950.774900 2.412095 0.957286    -1.912122
2456963.316236 0.669311 0.835278    -0.633759
2456975.857572 -1.073472 0.713269     1.121541
2456988.398908 -2.816256 0.591261     2.178417
2457000.940244 -4.559040 0.469252     1.898766
2457013.481581 -6.301824 0.347244     0.623695
2457026.022917 6.239512 0.225235    -0.893205
2457038.564253 4.496729 0.103227    -1.953420
2457051.105589 2.753945 0.981218    -2.036075
2457063.646925 1.011161 0.859210    -0.954710
2457076.188261 -0.731623 0.737201     0.795628
2457088.729597 -2.474406 0.615193     2.071843
2457101.270933 -4.217190 0.493184     2.053168
2457113.812269 -5.959974 0.371176     0.917260
2457126.353605 6.581362 0.249167    -0.611889
2457138.894941 4.838578 0.127159    -1.809246
2457151.436277 3.095795 0.005150    -2.113034
2457163.977613 1.353011 0.883142    -1.247331
2457176.518949 -0.389773 0.761133     0.450321
2457189.060285 -2.132557 0.639125     1.911695
2457201.601621 -3.875340 0.517116     2.162971
2457214.142957 -5.618124 0.395108     1.195898
2457226.684293 6.923212 0.273100    -0.317299
2457239.225629 5.180428 0.151091    -1.629935
2457251.766965 3.437644 0.029083    -2.143088
2457264.308301 1.694861 0.907074    -1.505142
2457276.849637 -0.047923 0.785066     0.095717
2457289.390973 -1.790707 0.663057     1.701280
2457301.932309 -3.533491 0.541049     2.223744
2457314.473645 -5.276274 0.419040     1.453526
2457327.014981 -7.019058 0.297032    -0.014493
2457339.556317 5.522278 0.175023    -1.419214
2457352.097653 3.779494 0.053015    -2.127241
2457364.638989 2.036710 0.931006    -1.723071
2457377.180325 0.293927 0.808998    -0.258001
2457389.721661 -1.448857 0.686989     1.445779
2457402.262997 -3.191641 0.564981     2.232089
2457414.804333 -4.934425 0.442972     1.684032
2457427.345669 -6.677208 0.320964     0.291226
2457439.887006 5.864128 0.198955    -1.181106
2457452.428342 4.121344 0.076947    -2.067259
2457464.969678 2.378560 0.954938    -1.897458
2457477.511014 0.635776 0.832930    -0.601032
2457490.052350 -1.107007 0.710921     1.152102
2457502.593686 -2.849791 0.588913     2.185917
2457515.135022 -4.592575 0.466904     1.881407
2457527.676358 -6.335359 0.344896     0.594319
2457540.217694 6.205977 0.222888    -0.919904
2457552.759030 4.463194 0.100879    -1.965541
2457565.300366 2.720410 0.978871    -2.025987
2457577.841702 0.977626 0.856862    -0.924362
2457590.383038 -0.765158 0.734854     0.828618
2457602.924374 -2.507941 0.612845     2.084705
2457615.465710 -4.250725 0.490837     2.039915
2457628.007046 -5.993509 0.368828     0.889024
2457640.548382 6.547827 0.246820    -0.640153
2457653.089718 4.805043 0.124811    -1.825001
2457665.631054 3.062260 0.002803    -2.107568
2457678.172390 1.319476 0.880794    -1.220071
2457690.713726 -0.423308 0.758786     0.484772
2457703.255062 -2.166092 0.636777     1.929697
2457715.796398 -3.908875 0.514769     2.154304
2457728.337734 -5.651659 0.392760     1.169394
2457740.879070 6.889677 0.270752    -0.346645
2457753.420406 5.146893 0.148743    -1.648978
2457765.961742 3.404109 0.026735    -2.142193
2457778.503078 1.661326 0.904726    -1.481544
2457791.044414 -0.081458 0.782718     0.130627
2457803.585750 -1.824242 0.660709     1.724014
2457816.127086 -3.567026 0.538701     2.220056
2457828.668422 -5.309809 0.416692     1.429354
2457841.209758 -7.052593 0.294684    -0.044415
2457853.751094 5.488743 0.172675    -1.441165
2457866.292431 3.745959 0.050667    -2.130782
2457878.833767 2.003175 0.928659    -1.703570
2457891.375103 0.260392 0.806650    -0.223620
2457903.916439 -1.482392 0.684642     1.472657
2457916.457775 -3.225176 0.562633     2.233659
2457928.999111 -4.967960 0.440625     1.662790
2457941.540447 -6.710743 0.318616     0.261260
2457954.081783 5.830593 0.196608    -1.205557
2457966.623119 4.087809 0.074599    -2.075032
2457979.164455 2.345025 0.952591    -1.882352
2457991.705791 0.602241 0.830582    -0.568114
2458004.247127 -1.140542 0.708574     1.182375
2458016.788463 -2.883326 0.586565     2.192886
2458029.329799 -4.626110 0.464557     1.863675
2458041.871135 -6.368894 0.342548     0.564862
2458054.412471 6.172442 0.220540    -0.946423
2458066.953807 4.429659 0.098531    -1.977287
2458079.495143 2.686875 0.976523    -2.015446
2458092.036479 0.944091 0.854514    -0.893747
2458104.577815 -0.798693 0.732506     0.861412
2458117.119151 -2.541476 0.610497     2.097048
2458129.660487 -4.284260 0.488489     2.026237
2458142.201823 -6.027044 0.366480     0.860650
2458154.743159 6.514292 0.244472    -0.668284
2458167.284495 4.771508 0.122463    -1.840414
2458179.825831 3.028725 0.000455    -2.101650
2458192.367167 1.285941 0.878447    -1.192481
2458204.908503 -0.456843 0.756438     0.519124
2458217.449839 -2.199627 0.634430     1.947210
2458229.991175 -3.942410 0.512421     2.145168
2458242.532511 -5.685194 0.390413     1.142694
2458255.073847 6.856142 0.268404    -0.375907
2458267.615183 5.113358 0.146396    -1.667714
2458280.156519 3.370574 0.024387    -2.140854
2458292.697856 1.627791 0.902379    -1.457566
2458305.239192 -0.114993 0.780370     0.165537
2458317.780528 -1.857777 0.658362     1.746307
2458330.321864 -3.600561 0.536353     2.215865
2458342.863200 -5.343345 0.414345     1.404927
2458355.404536 -7.086128 0.292336    -0.074303
2458367.945872 5.455208 0.170328    -1.462847
2458380.487208 3.712424 0.048319    -2.133895
2458393.028544 1.969640 0.926311    -1.683652
2458405.569880 0.226857 0.804302    -0.189145
2458418.111216 -1.515927 0.682294     1.499158
2458430.652552 -3.258711 0.560285     2.234705
2458443.193888 -5.001495 0.438277     1.641234
2458455.735224 -6.744279 0.316268     0.231274
2458468.276560 5.797058 0.194260    -1.229782
2458480.817896 4.054274 0.072251    -2.082401
2458493.359232 2.311490 0.950243    -1.866805
2458505.900568 0.568706 0.828234    -0.535014
2458518.441904 -1.174078 0.706226     1.212352
2458530.983240 -2.916861 0.584218     2.199323
2458543.524576 -4.659645 0.462209     1.845573
2458556.065912 -6.402429 0.340201     0.535330
2458568.607248 6.138907 0.218192    -0.972760
2458581.148584 4.396123 0.096184    -1.988657
2458593.689920 2.653340 0.974175    -2.004454
2458606.231256 0.910556 0.852167    -0.862872
2458618.772592 -0.832228 0.730158     0.893999
2458631.313928 -2.575012 0.608150     2.108870
2458643.855264 -4.317795 0.486141     2.012139
2458656.396600 -6.060579 0.364133     0.832144
2458668.937936 6.480757 0.242124    -0.696278
2458681.479272 4.737973 0.120116    -1.855483
2458694.020608 2.995189 0.998107    -2.095279
2458706.561944 1.252406 0.876099    -1.164565
2458719.103281 -0.490378 0.754090     0.553367
2458731.644617 -2.233162 0.632082     1.964231
2458744.185953 -3.975946 0.510073     2.135567
2458756.727289 -5.718729 0.388065     1.115803
2458769.268625 6.822607 0.266056    -0.405080
2458781.809961 5.079823 0.144048    -1.686141
2458794.351297 3.337039 0.022039    -2.139071
2458806.892633 1.594255 0.900031    -1.433211
2458819.433969 -0.148528 0.778022     0.200436
2458831.975305 -1.891312 0.656014     1.768153
2458844.516641 -3.634096 0.534006     2.211174
2458857.057977 -5.376880 0.411997     1.380250
2458869.599313 -7.119663 0.289989    -0.104153
2458882.140649 5.421673 0.167980    -1.484258
2458894.681985 3.678889 0.045972    -2.136580
2458907.223321 1.936105 0.923963    -1.663319
2458919.764657 0.193321 0.801955    -0.154585
2458932.305993 -1.549462 0.679946     1.525277
2458944.847329 -3.292246 0.557938     2.235229
2458957.388665 -5.035030 0.435929     1.619370
2458969.930001 -6.777814 0.313921     0.201274
2458982.471337 5.763522 0.191912    -1.253776
2458995.012673 4.020739 0.069904    -2.089363
2459007.554009 2.277955 0.947895    -1.850819
2459020.095345 0.535171 0.825887    -0.501740
2459032.636681 -1.207613 0.703878     1.242025
2459045.178017 -2.950396 0.581870     2.205229
2459057.719353 -4.693180 0.459861     1.827107
2459070.260689 -6.435964 0.337853     0.505728
2459082.802025 6.105372 0.215844    -0.998909
2459095.343361 4.362588 0.093836    -1.999647
2459107.884697 2.619805 0.971827    -1.993010
2459120.426033 0.877021 0.849819    -0.831744
2459132.967369 -0.865763 0.727810     0.926372
2459145.508706 -2.608547 0.605802     2.120169
2459158.050042 -4.351330 0.483793     1.997625
2459170.591378 -6.094114 0.361785     0.803512
2459183.132714 6.447222 0.239777    -0.724131
2459195.674050 4.704438 0.117768    -1.870203
2459208.215386 2.961654 0.995760    -2.088454
2459220.756722 1.218871 0.873751    -1.136330
2459233.298058 -0.523913 0.751743     0.587492
2459245.839394 -2.266697 0.629734     1.980754
2459258.380730 -4.009481 0.507726     2.125504
2459270.922066 -5.752264 0.385717     1.088728
2459283.463402 6.789072 0.263709    -0.434160
2459296.004738 5.046288 0.141700    -1.704254
2459308.546074 3.303504 0.019692    -2.136841
2459321.087410 1.560720 0.897683    -1.408484
2459333.628746 -0.182063 0.775675     0.235316
2459346.170082 -1.924847 0.653666     1.789548
2459358.711418 -3.667631 0.531658     2.205985
2459371.252754 -5.410415 0.409649     1.355330
2459383.794090 7.130921 0.287641    -0.133959
2459396.335426 5.388138 0.165632    -1.505394
2459408.876762 3.645354 0.043624    -2.138834
2459421.418098 1.902570 0.921615    -1.642576
2459433.959434 0.159786 0.799607    -0.119949
2459446.500770 -1.582997 0.677598     1.551006
2459459.042106 -3.325781 0.555590     2.235230
2459471.583442 -5.068565 0.433581     1.597204
2459484.124778 -6.811349 0.311573     0.171265
2459496.666114 5.729987 0.189565    -1.277535
2459509.207450 3.987204 0.067556    -2.095916
2459521.748786 2.244420 0.945548    -1.834396
2459534.290122 0.501636 0.823539    -0.468300
2459546.831458 -1.241148 0.701531     1.271384
2459559.372794 -2.983931 0.579522     2.210604
2459571.914130 -4.726715 0.457514     1.808283
2459584.455467 -6.469499 0.335505     0.476063
2459596.996803 6.071837 0.213497    -1.024866
2459609.538139 4.329053 0.091488    -2.010254
2459622.079475 2.586270 0.969480    -1.981115
2459634.620811 0.843486 0.847471    -0.800371
2459647.162147 -0.899298 0.725463     0.958521
2459659.703483 -2.642082 0.603454     2.130943
2459672.244819 -4.384865 0.481446     1.982700
2459684.786155 -6.127649 0.359437     0.774759
2459697.327491 6.413687 0.237429    -0.751836
2459709.868827 4.670903 0.115420    -1.884571
2459722.410163 2.928119 0.993412    -2.081176
2459734.951499 1.185336 0.871403    -1.107782
2459747.492835 -0.557448 0.749395     0.621488
2459760.034171 -2.300232 0.627386     1.996778
2459772.575507 -4.043016 0.505378     2.114986
2459785.116843 -5.785799 0.383369     1.061473
2459797.658179 6.755537 0.261361    -0.463140
2459810.199515 5.012753 0.139352    -1.722050
2459822.740851 3.269969 0.017344    -2.134164
2459835.282187 1.527185 0.895336    -1.383390
2459847.823523 -0.215598 0.773327     0.270166
2459860.364859 -1.958382 0.651319     1.810486
2459872.906195 -3.701166 0.529310     2.200303
2459885.447531 -5.443950 0.407302     1.330171
2459897.988867 7.097386 0.285293    -0.163717
2459910.530203 5.354603 0.163285    -1.526250
2459923.071539 3.611819 0.041276    -2.140655
2459935.612875 1.869035 0.919268    -1.621424
2459948.154211 0.126251 0.797259    -0.085245
2459960.695547 -1.616532 0.675251     1.576338
2459973.236883 -3.359316 0.553242     2.234712
2459985.778219 -5.102100 0.431234     1.574741
2459998.319555 -6.844884 0.309225     0.141251
2460010.860892 5.696452 0.187217    -1.301055
2460023.402228 3.953669 0.065208    -2.102057
2460035.943564 2.210885 0.943200    -1.817539
2460048.484900 0.468101 0.821191    -0.434702
2460061.026236 -1.274683 0.699183     1.300423
2460073.567572 -3.017466 0.577174     2.215448
2460086.108908 -4.760250 0.455166     1.789105
2460098.650244 -6.503034 0.333157     0.446339
2460111.191580 6.038302 0.211149    -1.050627
2460123.732916 4.295518 0.089140    -2.020476
2460136.274252 2.552735 0.967132    -1.968770
2460148.815588 0.809951 0.845123    -0.768759
2460161.356924 -0.932833 0.723115     0.990436
2460173.898260 -2.675617 0.601107     2.141191
2460186.439596 -4.418400 0.479098     1.967369
2460198.980932 -6.161184 0.357090     0.745891
2460211.522268 6.380152 0.235081    -0.779391
2460224.063604 4.637368 0.113073    -1.898585
2460236.604940 2.894584 0.991064    -2.073444
2460249.146276 1.151801 0.869056    -1.078927
2460261.687612 -0.590983 0.747047     0.655347
2460274.228948 -2.333767 0.625039     2.012298
2460286.770284 -4.076551 0.503030     2.104014
2460299.311620 -5.819334 0.381022     1.034045
2460311.852956 6.722002 0.259013    -0.492017
2460324.394292 4.979218 0.137005    -1.739525
2460336.935628 3.236434 0.014996    -2.131039
2460349.476964 1.493650 0.892988    -1.357932
2460362.018300 -0.249133 0.770979     0.304976
2460374.559636 -1.991917 0.648971     1.830961
2460387.100972 -3.734701 0.526962     2.194130
2460399.642308 -5.477485 0.404954     1.304780
2460412.183644 7.063851 0.282945    -0.193421
2460424.724980 5.321068 0.160937    -1.546823
2460437.266317 3.578284 0.038928    -2.142041
2460449.807653 1.835500 0.916920    -1.599868
2460462.348989 0.092716 0.794911    -0.050484
2460474.890325 -1.650067 0.672903     1.601267
2460487.431661 -3.392851 0.550895     2.233677
2460499.972997 -5.135635 0.428886     1.551988
2460512.514333 -6.878419 0.306878     0.111239
2460525.055669 5.662917 0.184869    -1.324332
2460537.597005 3.920134 0.062861    -2.107784
2460550.138341 2.177350 0.940852    -1.800248
2460562.679677 0.434566 0.818844    -0.400955
2460575.221013 -1.308218 0.696835     1.329133
2460587.762349 -3.051001 0.574827     2.219762
2460600.303685 -4.793785 0.452818     1.769580
2460612.845021 -6.536569 0.330810     0.416562
2460625.386357 6.004767 0.208801    -1.076188
2460637.927693 4.261983 0.086793    -2.030309
2460650.469029 2.519200 0.964784    -1.955976
2460663.010365 0.776416 0.842776    -0.736916
2460675.551701 -0.966368 0.720767     1.022109
2460688.093037 -2.709152 0.598759     2.150912
2460700.634373 -4.451935 0.476750     1.951637
2460713.175709 -6.194719 0.354742     0.716913
2460725.717045 6.346617 0.232733    -0.806791
2460738.258381 4.603833 0.110725    -1.912240
2460750.799717 2.861049 0.988716    -2.065258
2460763.341053 1.118266 0.866708    -1.049771
2460775.882389 -0.624518 0.744699     0.689058
2460788.423725 -2.367302 0.622691     2.027313
2460800.965061 -4.110086 0.500682     2.092594
2460813.506397 -5.852869 0.378674     1.006450
2460826.047733 6.688467 0.256666    -0.520786
2460838.589069 4.945683 0.134657    -1.756677
2460851.130405 3.202899 0.012649    -2.127465
2460863.671742 1.460115 0.890640    -1.332118
2460876.213078 -0.282668 0.768632     0.339738
2460888.754414 -2.025452 0.646623     1.850970
2460901.295750 -3.768236 0.524615     2.187469
2460913.837086 -5.511020 0.402606     1.279163
2460926.378422 7.030316 0.280598    -0.223066
2460938.919758 5.287533 0.158589    -1.567110
2460951.461094 3.544749 0.036581    -2.142991
2460964.002430 1.801965 0.914572    -1.577911
2460976.543766 0.059181 0.792564    -0.015674
2460989.085102 -1.683602 0.670555     1.625787
2461001.626438 -3.426386 0.548547     2.232126
2461014.167774 -5.169170 0.426538     1.528950
2461026.709110 -6.911954 0.304530     0.081234
2461039.250446 5.629382 0.182521    -1.347362
2461051.791782 3.886599 0.060513    -2.113094
2461064.333118 2.143815 0.938504    -1.782526
2461076.874454 0.401031 0.816496    -0.367068
2461089.415790 -1.341753 0.694487     1.357506
2461101.957126 -3.084536 0.572479     2.223545
2461114.498462 -4.827320 0.450470     1.749713
2461127.039798 -6.570104 0.328462     0.386737
2461139.581134 5.971232 0.206454    -1.101544
2461152.122470 4.228448 0.084445    -2.039751
2461164.663806 2.485665 0.962437    -1.942735
2461177.205142 0.742881 0.840428    -0.704850
2461189.746478 -0.999903 0.718420     1.053531
2461202.287814 -2.742687 0.596411     2.160105
2461214.829150 -4.485470 0.474403     1.935509
2461227.370486 -6.228254 0.352394     0.687831
2461239.911822 6.313082 0.230386    -0.834030
2461252.453158 4.570298 0.108377    -1.925535
2461264.994494 2.827514 0.986369    -2.056618
2461277.535830 1.084731 0.864360    -1.020320
2461290.077167 -0.658053 0.742352     0.722613
2461302.618503 -2.400837 0.620343     2.041818
2461315.159839 -4.143621 0.498335     2.080730
2461327.701175 -5.886405 0.376326     0.978692
2461340.242511 6.654932 0.254318    -0.549442
2461352.783847 4.912148 0.132309    -1.773501
2461365.325183 3.169364 0.010301    -2.123441
2461377.866519 1.426580 0.888292    -1.305950
2461390.407855 -0.316203 0.766284     0.374441
2461402.949191 -2.058987 0.644275     1.870507
2461415.490527 -3.801771 0.522267     2.180324
2461428.031863 -5.544555 0.400258     1.253326
2461440.573199 6.996781 0.278250    -0.252648
2461453.114535 5.253998 0.156241    -1.587105
2461465.655871 3.511214 0.034233    -2.143504
2461478.197207 1.768430 0.912225    -1.555557
2461490.738543 0.025646 0.790216     0.019175
2461503.279879 -1.717138 0.668208     1.649890
2461515.821215 -3.459921 0.546199     2.230061
2461528.362551 -5.202705 0.424191     1.505632
2461540.903887 -6.945489 0.302182     0.051240
2461553.445223 5.595847 0.180174    -1.370141
2461565.986559 3.853063 0.058165    -2.117986
2461578.527895 2.110280 0.936157    -1.764377
2461591.069231 0.367496 0.814148    -0.333050
2461603.610567 -1.375288 0.692140     1.385535
2461616.151903 -3.118072 0.570131     2.226799
2461628.693239 -4.860855 0.448123     1.729509
2461641.234575 -6.603639 0.326114     0.356870
2461653.775911 5.937697 0.204106    -1.126691
2461666.317247 4.194913 0.082097    -2.048800
2461678.858583 2.452129 0.960089    -1.929046
2461691.399919 0.709346 0.838080    -0.672569
2461703.941255 -1.033438 0.716072     1.084693
2461716.482592 -2.776222 0.594063     2.168769
2461729.023928 -4.519006 0.472055     1.918991
2461741.565264 -6.261789 0.350046     0.658651
2461754.106600 6.279547 0.228038    -0.861105
2461766.647936 4.536763 0.106029    -1.938465
2461779.189272 2.793979 0.984021    -2.047524
2461791.730608 1.051195 0.862013    -0.990581
2461804.271944 -0.691588 0.740004     0.756001
2461816.813280 -2.434372 0.617996     2.055811
2461829.354616 -4.177156 0.495987     2.068426
2461841.895952 -5.919940 0.373979     0.950779
2461854.437288 6.621396 0.251970    -0.577981
2461866.978624 4.878613 0.129962    -1.789994
2461879.519960 3.135829 0.007953    -2.118967
2461892.061296 1.393045 0.885945    -1.279434
2461904.602632 -0.349739 0.763936     0.409076
2461917.143968 -2.092522 0.641928     1.889569
2461929.685304 -3.835306 0.519919     2.172699
2461942.226640 -5.578090 0.397911     1.227273
2461954.767976 6.963246 0.275902    -0.282162
2461967.309312 5.220462 0.153894    -1.606807
2461979.850648 3.477679 0.031885    -2.143578
2461992.391984 1.734895 0.909877    -1.532809
2462004.933320 -0.007889 0.787868     0.054053
2462017.474656 -1.750673 0.665860     1.673571
2462030.015992 -3.493456 0.543851     2.227485
2462042.557328 -5.236240 0.421843     1.482040
2462055.098664 -6.979024 0.299834     0.021264
2462067.640000 5.562312 0.177826    -1.392665
2462080.181336 3.819528 0.055817    -2.122457
2462092.722672 2.076745 0.933809    -1.745801
2462105.264008 0.333961 0.811800    -0.298908
2462117.805344 -1.408823 0.689792     1.413211
2462130.346680 -3.151607 0.567784     2.229525
2462142.888017 -4.894390 0.445775     1.708974
2462155.429353 -6.637174 0.323767     0.326966
2462167.970689 5.904162 0.201758    -1.151625
2462180.512025 4.161378 0.079750    -2.057452
2462193.053361 2.418594 0.957741    -1.914912
2462205.594697 0.675811 0.835733    -0.640079
2462218.136033 -1.066973 0.713724     1.115586
2462230.677369 -2.809757 0.591716     2.176902
2462243.218705 -4.552541 0.469707     1.902086
2462255.760041 -6.295324 0.347699     0.629378
2462268.301377 6.246012 0.225690    -0.888011
2462280.842713 4.503228 0.103682    -1.951028
2462293.384049 2.760444 0.981673    -2.037978
2462305.925385 1.017660 0.859665    -0.960560
2462318.466721 -0.725123 0.737656     0.789213
2462331.008057 -2.467907 0.615648     2.069291
2462343.549393 -4.210691 0.493639     2.055687
2462356.090729 -5.953475 0.371631     0.922715
2462368.632065 6.587861 0.249622    -0.606397
2462381.173401 4.845078 0.127614    -1.806153
2462393.714737 3.102294 0.005605    -2.114041
2462406.256073 1.359510 0.883597    -1.252576
2462418.797409 -0.383274 0.761588     0.443633
2462431.338745 -2.126057 0.639580     1.908150
2462443.880081 -3.868841 0.517571     2.164596
2462456.421417 -5.611625 0.395563     1.201011
2462468.962753 6.929711 0.273555    -0.311602
2462481.504089 5.186927 0.151546    -1.626210
2462494.045425 3.444144 0.029538    -2.143210
2462506.586761 1.701360 0.907529    -1.509671
2462519.128097 -0.041424 0.785521     0.088952
2462531.669433 -1.784208 0.663512     1.696824
2462544.210769 -3.526991 0.541504     2.224401
2462556.752105 -5.269775 0.419495     1.458181
2462569.293442 -7.012559 0.297487    -0.008691
2462581.834778 5.528777 0.175478    -1.414929
2462594.376114 3.785993 0.053470    -2.126505
2462606.917450 2.043210 0.931461    -1.726802
2462619.458786 0.300426 0.809453    -0.264652
2462632.000122 -1.442358 0.687444     1.440527
2462644.541458 -3.185142 0.565436     2.231724
2462657.082794 -4.927925 0.443427     1.688112
2462669.624130 -6.670709 0.321419     0.297031
2462682.165466 5.870627 0.199410    -1.176341
2462694.706802 4.127843 0.077402    -2.065706
2462707.248138 2.385059 0.955393    -1.900334
2462719.789474 0.642276 0.833385    -0.607390
2462732.330810 -1.100508 0.711376     1.146202
2462744.872146 -2.843292 0.589368     2.184505
2462757.413482 -4.586076 0.467359     1.884801
2462769.954818 -6.328859 0.345351     0.600018
2462782.496154 6.212477 0.223343    -0.914743
2462795.037490 4.469693 0.101334    -1.963221
2462807.578826 2.726909 0.979326    -2.027977
2462820.120162 0.984125 0.857317    -0.930265
2462832.661498 -0.758658 0.735309     0.822240
2462845.202834 -2.501442 0.613300     2.082253
2462857.744170 -4.244226 0.491292     2.042517
2462870.285506 -5.987010 0.369283     0.894507
2462882.826842 6.554326 0.247275    -0.634686
2462895.368178 4.811543 0.125266    -1.821974
2462907.909514 3.068759 0.003258    -2.108663
2462920.450850 1.325975 0.881249    -1.225380
2462932.992186 -0.416809 0.759241     0.478103
2462945.533522 -2.159592 0.637232     1.926246
2462958.074858 -3.902376 0.515224     2.156020
2462970.616194 -5.645160 0.393215     1.174546
2462983.157530 6.896176 0.271207    -0.340964
2462995.698866 5.153392 0.149198    -1.645311
2463008.240203 3.410609 0.027190    -2.142401
2463020.781539 1.667825 0.905181    -1.486148
2463033.322875 -0.074959 0.783173     0.123861
2463045.864211 -1.817743 0.661164     1.719642
2463058.405547 -3.560526 0.539156     2.220810
2463070.946883 -5.303310 0.417147     1.434059
2463083.488219 -7.046094 0.295139    -0.038618
2463096.029555 5.495242 0.173130    -1.436931
2463108.570891 3.752458 0.051122    -2.130129
2463121.112227 2.009675 0.929114    -1.707382
2463133.653563 0.266891 0.807105    -0.230291
2463146.194899 -1.475893 0.685097     1.467477
2463158.736235 -3.218677 0.563088     2.233396
2463171.277571 -4.961460 0.441080     1.666931
2463183.818907 -6.704244 0.319071     0.267069
2463196.360243 5.837092 0.197063    -1.200836
2463208.901579 4.094308 0.075054    -2.073557
2463221.442915 2.351524 0.953046    -1.885314
2463233.984251 0.608741 0.831037    -0.574508
2463246.525587 -1.134043 0.709029     1.176531
2463259.066923 -2.876827 0.587020     2.191577
2463271.608259 -4.619611 0.465012     1.867140
2463284.149595 -6.362394 0.343003     0.570577
2463296.690931 6.178942 0.220995    -0.941298
2463309.232267 4.436158 0.098986    -1.975040
2463321.773603 2.693374 0.976978    -2.017525
2463334.314939 0.950590 0.854969    -0.899701
2463346.856275 -0.792193 0.732961     0.855072
2463359.397611 -2.534977 0.610952     2.094697
2463371.938947 -4.277761 0.488944     2.028921
2463384.480283 -6.020545 0.366935     0.866160
2463397.021619 6.520791 0.244927    -0.662843
2463409.562955 4.778008 0.122918    -1.837454
2463422.104291 3.035224 0.000910    -2.102832
2463434.645628 1.292440 0.878902    -1.197853
2463447.186964 -0.450344 0.756893     0.512475
2463459.728300 -2.193127 0.634885     1.943855
2463472.269636 -3.935911 0.512876     2.146975
2463484.810972 -5.678695 0.390868     1.147884
2463497.352308 6.862641 0.268859    -0.370243
2463509.893644 5.119857 0.146851    -1.664107
2463522.434980 3.377074 0.024842    -2.141148
2463534.976316 1.634290 0.902834    -1.462243
2463547.517652 -0.108494 0.780825     0.158772
2463560.058988 -1.851278 0.658817     1.742021
2463572.600324 -3.594061 0.536808     2.216716
2463585.141660 -5.336845 0.414800     1.409681
2463597.682996 -7.079629 0.292791    -0.068513
2463610.224332 5.461707 0.170783    -1.458666
2463622.765668 3.718923 0.048774    -2.133325
2463635.307004 1.976140 0.926766    -1.687544
2463647.848340 0.233356 0.804757    -0.195834
2463660.389676 -1.509428 0.682749     1.494052
2463672.931012 -3.252212 0.560740     2.234544
2463685.472348 -4.994995 0.438732     1.645436
2463698.013684 -6.737779 0.316723     0.237087
2463710.555020 5.803557 0.194715    -1.225105
2463723.096356 4.060773 0.072706    -2.081005
2463735.637692 2.317989 0.950698    -1.869852
2463748.179028 0.575206 0.828689    -0.541443
2463760.720364 -1.167578 0.706681     1.206566
2463773.261700 -2.910362 0.584673     2.198117
2463785.803036 -4.653146 0.462664     1.849110
2463798.344372 -6.395929 0.340656     0.541059
2463810.885708 6.145407 0.218647    -0.967670
2463823.427044 4.402623 0.096639    -1.986483
2463835.968380 2.659839 0.974630    -2.006620
