# Tc_folded model 
-1.500000 0.064214 
-1.499000 0.073367 
-1.498000 0.082517 
-1.497000 0.091664 
-1.496000 0.100808 
-1.495000 0.109949 
-1.494000 0.119086 
-1.493000 0.128220 
-1.492000 0.137351 
-1.491000 0.146478 
-1.490000 0.155601 
-1.489000 0.164720 
-1.488000 0.173835 
-1.487000 0.182946 
-1.486000 0.192053 
-1.485000 0.201156 
-1.484000 0.210254 
-1.483000 0.219348 
-1.482000 0.228437 
-1.481000 0.237521 
-1.480000 0.246600 
-1.479000 0.255675 
-1.478000 0.264744 
-1.477000 0.273808 
-1.476000 0.282867 
-1.475000 0.291921 
-1.474000 0.300969 
-1.473000 0.310011 
-1.472000 0.319048 
-1.471000 0.328078 
-1.470000 0.337103 
-1.469000 0.346122 
-1.468000 0.355135 
-1.467000 0.364141 
-1.466000 0.373141 
-1.465000 0.382135 
-1.464000 0.391122 
-1.463000 0.400102 
-1.462000 0.409075 
-1.461000 0.418042 
-1.460000 0.427001 
-1.459000 0.435953 
-1.458000 0.444898 
-1.457000 0.453836 
-1.456000 0.462766 
-1.455000 0.471688 
-1.454000 0.480602 
-1.453000 0.489509 
-1.452000 0.498408 
-1.451000 0.507299 
-1.450000 0.516181 
-1.449000 0.525055 
-1.448000 0.533921 
-1.447000 0.542778 
-1.446000 0.551627 
-1.445000 0.560466 
-1.444000 0.569297 
-1.443000 0.578119 
-1.442000 0.586931 
-1.441000 0.595734 
-1.440000 0.604528 
-1.439000 0.613313 
-1.438000 0.622087 
-1.437000 0.630852 
-1.436000 0.639607 
-1.435000 0.648352 
-1.434000 0.657087 
-1.433000 0.665812 
-1.432000 0.674526 
-1.431000 0.683229 
-1.430000 0.691923 
-1.429000 0.700605 
-1.428000 0.709276 
-1.427000 0.717936 
-1.426000 0.726586 
-1.425000 0.735223 
-1.424000 0.743850 
-1.423000 0.752465 
-1.422000 0.761068 
-1.421000 0.769659 
-1.420000 0.778238 
-1.419000 0.786806 
-1.418000 0.795361 
-1.417000 0.803903 
-1.416000 0.812434 
-1.415000 0.820951 
-1.414000 0.829456 
-1.413000 0.837948 
-1.412000 0.846426 
-1.411000 0.854892 
-1.410000 0.863344 
-1.409000 0.871783 
-1.408000 0.880208 
-1.407000 0.888619 
-1.406000 0.897017 
-1.405000 0.905400 
-1.404000 0.913769 
-1.403000 0.922124 
-1.402000 0.930464 
-1.401000 0.938789 
-1.400000 0.947100 
-1.399000 0.955396 
-1.398000 0.963676 
-1.397000 0.971942 
-1.396000 0.980191 
-1.395000 0.988426 
-1.394000 0.996644 
-1.393000 1.004847 
-1.392000 1.013033 
-1.391000 1.021203 
-1.390000 1.029357 
-1.389000 1.037495 
-1.388000 1.045615 
-1.387000 1.053719 
-1.386000 1.061805 
-1.385000 1.069875 
-1.384000 1.077927 
-1.383000 1.085961 
-1.382000 1.093978 
-1.381000 1.101977 
-1.380000 1.109958 
-1.379000 1.117920 
-1.378000 1.125864 
-1.377000 1.133789 
-1.376000 1.141696 
-1.375000 1.149584 
-1.374000 1.157452 
-1.373000 1.165301 
-1.372000 1.173131 
-1.371000 1.180941 
-1.370000 1.188731 
-1.369000 1.196501 
-1.368000 1.204251 
-1.367000 1.211980 
-1.366000 1.219688 
-1.365000 1.227376 
-1.364000 1.235043 
-1.363000 1.242688 
-1.362000 1.250312 
-1.361000 1.257915 
-1.360000 1.265495 
-1.359000 1.273054 
-1.358000 1.280590 
-1.357000 1.288104 
-1.356000 1.295595 
-1.355000 1.303063 
-1.354000 1.310508 
-1.353000 1.317930 
-1.352000 1.325328 
-1.351000 1.332703 
-1.350000 1.340054 
-1.349000 1.347380 
-1.348000 1.354682 
-1.347000 1.361960 
-1.346000 1.369213 
-1.345000 1.376440 
-1.344000 1.383643 
-1.343000 1.390820 
-1.342000 1.397971 
-1.341000 1.405096 
-1.340000 1.412195 
-1.339000 1.419268 
-1.338000 1.426314 
-1.337000 1.433333 
-1.336000 1.440324 
-1.335000 1.447289 
-1.334000 1.454225 
-1.333000 1.461134 
-1.332000 1.468015 
-1.331000 1.474867 
-1.330000 1.481691 
-1.329000 1.488486 
-1.328000 1.495251 
-1.327000 1.501988 
-1.326000 1.508694 
-1.325000 1.515371 
-1.324000 1.522017 
-1.323000 1.528633 
-1.322000 1.535218 
-1.321000 1.541772 
-1.320000 1.548295 
-1.319000 1.554786 
-1.318000 1.561245 
-1.317000 1.567673 
-1.316000 1.574068 
-1.315000 1.580430 
-1.314000 1.586759 
-1.313000 1.593055 
-1.312000 1.599317 
-1.311000 1.605546 
-1.310000 1.611740 
-1.309000 1.617900 
-1.308000 1.624026 
-1.307000 1.630116 
-1.306000 1.636171 
-1.305000 1.642190 
-1.304000 1.648173 
-1.303000 1.654120 
-1.302000 1.660031 
-1.301000 1.665904 
-1.300000 1.671740 
-1.299000 1.677539 
-1.298000 1.683300 
-1.297000 1.689023 
-1.296000 1.694707 
-1.295000 1.700353 
-1.294000 1.705959 
-1.293000 1.711526 
-1.292000 1.717053 
-1.291000 1.722539 
-1.290000 1.727985 
-1.289000 1.733391 
-1.288000 1.738755 
-1.287000 1.744078 
-1.286000 1.749358 
-1.285000 1.754597 
-1.284000 1.759792 
-1.283000 1.764945 
-1.282000 1.770055 
-1.281000 1.775120 
-1.280000 1.780142 
-1.279000 1.785119 
-1.278000 1.790052 
-1.277000 1.794939 
-1.276000 1.799781 
-1.275000 1.804576 
-1.274000 1.809326 
-1.273000 1.814028 
-1.272000 1.818684 
-1.271000 1.823292 
-1.270000 1.827852 
-1.269000 1.832364 
-1.268000 1.836827 
-1.267000 1.841241 
-1.266000 1.845606 
-1.265000 1.849921 
-1.264000 1.854185 
-1.263000 1.858399 
-1.262000 1.862561 
-1.261000 1.866673 
-1.260000 1.870732 
-1.259000 1.874738 
-1.258000 1.878692 
-1.257000 1.882593 
-1.256000 1.886440 
-1.255000 1.890233 
-1.254000 1.893971 
-1.253000 1.897655 
-1.252000 1.901282 
-1.251000 1.904855 
-1.250000 1.908370 
-1.249000 1.911829 
-1.248000 1.915231 
-1.247000 1.918576 
-1.246000 1.921862 
-1.245000 1.925089 
-1.244000 1.928258 
-1.243000 1.931367 
-1.242000 1.934416 
-1.241000 1.937404 
-1.240000 1.940332 
-1.239000 1.943198 
-1.238000 1.946003 
-1.237000 1.948745 
-1.236000 1.951424 
-1.235000 1.954040 
-1.234000 1.956593 
-1.233000 1.959081 
-1.232000 1.961504 
-1.231000 1.963862 
-1.230000 1.966154 
-1.229000 1.968380 
-1.228000 1.970539 
-1.227000 1.972631 
-1.226000 1.974656 
-1.225000 1.976612 
-1.224000 1.978499 
-1.223000 1.980317 
-1.222000 1.982065 
-1.221000 1.983743 
-1.220000 1.985350 
-1.219000 1.986885 
-1.218000 1.988349 
-1.217000 1.989741 
-1.216000 1.991059 
-1.215000 1.992304 
-1.214000 1.993475 
-1.213000 1.994572 
-1.212000 1.995593 
-1.211000 1.996539 
-1.210000 1.997409 
-1.209000 1.998203 
-1.208000 1.998919 
-1.207000 1.999557 
-1.206000 2.000117 
-1.205000 2.000598 
-1.204000 2.001000 
-1.203000 2.001323 
-1.202000 2.001564 
-1.201000 2.001725 
-1.200000 2.001804 
-1.199000 2.001801 
-1.198000 2.001716 
-1.197000 2.001547 
-1.196000 2.001295 
-1.195000 2.000958 
-1.194000 2.000537 
-1.193000 2.000030 
-1.192000 1.999437 
-1.191000 1.998758 
-1.190000 1.997992 
-1.189000 1.997138 
-1.188000 1.996196 
-1.187000 1.995166 
-1.186000 1.994046 
-1.185000 1.992836 
-1.184000 1.991536 
-1.183000 1.990145 
-1.182000 1.988663 
-1.181000 1.987089 
-1.180000 1.985422 
-1.179000 1.983662 
-1.178000 1.981809 
-1.177000 1.979861 
-1.176000 1.977818 
-1.175000 1.975681 
-1.174000 1.973447 
-1.173000 1.971117 
-1.172000 1.968691 
-1.171000 1.966166 
-1.170000 1.963544 
-1.169000 1.960824 
-1.168000 1.958004 
-1.167000 1.955085 
-1.166000 1.952066 
-1.165000 1.948946 
-1.164000 1.945725 
-1.163000 1.942402 
-1.162000 1.938978 
-1.161000 1.935450 
-1.160000 1.931820 
-1.159000 1.928086 
-1.158000 1.924248 
-1.157000 1.920305 
-1.156000 1.916257 
-1.155000 1.912104 
-1.154000 1.907844 
-1.153000 1.903478 
-1.152000 1.899005 
-1.151000 1.894424 
-1.150000 1.889735 
-1.149000 1.884938 
-1.148000 1.880032 
-1.147000 1.875017 
-1.146000 1.869892 
-1.145000 1.864657 
-1.144000 1.859312 
-1.143000 1.853855 
-1.142000 1.848287 
-1.141000 1.842608 
-1.140000 1.836816 
-1.139000 1.830911 
-1.138000 1.824894 
-1.137000 1.818763 
-1.136000 1.812518 
-1.135000 1.806160 
-1.134000 1.799687 
-1.133000 1.793099 
-1.132000 1.786397 
-1.131000 1.779579 
-1.130000 1.772645 
-1.129000 1.765596 
-1.128000 1.758430 
-1.127000 1.751147 
-1.126000 1.743748 
-1.125000 1.736232 
-1.124000 1.728598 
-1.123000 1.720847 
-1.122000 1.712979 
-1.121000 1.704992 
-1.120000 1.696887 
-1.119000 1.688664 
-1.118000 1.680322 
-1.117000 1.671862 
-1.116000 1.663283 
-1.115000 1.654585 
-1.114000 1.645768 
-1.113000 1.636831 
-1.112000 1.627776 
-1.111000 1.618601 
-1.110000 1.609307 
-1.109000 1.599893 
-1.108000 1.590360 
-1.107000 1.580707 
-1.106000 1.570935 
-1.105000 1.561043 
-1.104000 1.551032 
-1.103000 1.540902 
-1.102000 1.530652 
-1.101000 1.520283 
-1.100000 1.509795 
-1.099000 1.499188 
-1.098000 1.488462 
-1.097000 1.477617 
-1.096000 1.466654 
-1.095000 1.455572 
-1.094000 1.444372 
-1.093000 1.433054 
-1.092000 1.421619 
-1.091000 1.410066 
-1.090000 1.398395 
-1.089000 1.386608 
-1.088000 1.374705 
-1.087000 1.362685 
-1.086000 1.350549 
-1.085000 1.338298 
-1.084000 1.325932 
-1.083000 1.313451 
-1.082000 1.300856 
-1.081000 1.288147 
-1.080000 1.275325 
-1.079000 1.262391 
-1.078000 1.249344 
-1.077000 1.236185 
-1.076000 1.222916 
-1.075000 1.209536 
-1.074000 1.196046 
-1.073000 1.182446 
-1.072000 1.168739 
-1.071000 1.154923 
-1.070000 1.141000 
-1.069000 1.126971 
-1.068000 1.112836 
-1.067000 1.098596 
-1.066000 1.084252 
-1.065000 1.069805 
-1.064000 1.055255 
-1.063000 1.040604 
-1.062000 1.025852 
-1.061000 1.011000 
-1.060000 0.996049 
-1.059000 0.981000 
-1.058000 0.965855 
-1.057000 0.950614 
-1.056000 0.935277 
-1.055000 0.919847 
-1.054000 0.904324 
-1.053000 0.888710 
-1.052000 0.873005 
-1.051000 0.857210 
-1.050000 0.841327 
-1.049000 0.825357 
-1.048000 0.809302 
-1.047000 0.793162 
-1.046000 0.776938 
-1.045000 0.760632 
-1.044000 0.744246 
-1.043000 0.727780 
-1.042000 0.711236 
-1.041000 0.694615 
-1.040000 0.677918 
-1.039000 0.661148 
-1.038000 0.644305 
-1.037000 0.627391 
-1.036000 0.610408 
-1.035000 0.593356 
-1.034000 0.576238 
-1.033000 0.559054 
-1.032000 0.541807 
-1.031000 0.524497 
-1.030000 0.507128 
-1.029000 0.489699 
-1.028000 0.472213 
-1.027000 0.454672 
-1.026000 0.437076 
-1.025000 0.419429 
-1.024000 0.401730 
-1.023000 0.383983 
-1.022000 0.366188 
-1.021000 0.348348 
-1.020000 0.330464 
-1.019000 0.312538 
-1.018000 0.294572 
-1.017000 0.276568 
-1.016000 0.258527 
-1.015000 0.240451 
-1.014000 0.222342 
-1.013000 0.204201 
-1.012000 0.186032 
-1.011000 0.167834 
-1.010000 0.149612 
-1.009000 0.131365 
-1.008000 0.113097 
-1.007000 0.094808 
-1.006000 0.076502 
-1.005000 0.058179 
-1.004000 0.039842 
-1.003000 0.021492 
-1.002000 0.003132 
-1.001000 -0.015236 
-1.000000 -0.033611 
-0.999000 -0.051991 
-0.998000 -0.070374 
-0.997000 -0.088757 
-0.996000 -0.107139 
-0.995000 -0.125518 
-0.994000 -0.143892 
-0.993000 -0.162259 
-0.992000 -0.180617 
-0.991000 -0.198965 
-0.990000 -0.217299 
-0.989000 -0.235620 
-0.988000 -0.253923 
-0.987000 -0.272207 
-0.986000 -0.290471 
-0.985000 -0.308712 
-0.984000 -0.326929 
-0.983000 -0.345120 
-0.982000 -0.363282 
-0.981000 -0.381415 
-0.980000 -0.399515 
-0.979000 -0.417581 
-0.978000 -0.435612 
-0.977000 -0.453604 
-0.976000 -0.471558 
-0.975000 -0.489469 
-0.974000 -0.507338 
-0.973000 -0.525162 
-0.972000 -0.542938 
-0.971000 -0.560666 
-0.970000 -0.578344 
-0.969000 -0.595969 
-0.968000 -0.613540 
-0.967000 -0.631055 
-0.966000 -0.648513 
-0.965000 -0.665911 
-0.964000 -0.683248 
-0.963000 -0.700523 
-0.962000 -0.717733 
-0.961000 -0.734877 
-0.960000 -0.751954 
-0.959000 -0.768961 
-0.958000 -0.785897 
-0.957000 -0.802761 
-0.956000 -0.819550 
-0.955000 -0.836264 
-0.954000 -0.852901 
-0.953000 -0.869459 
-0.952000 -0.885936 
-0.951000 -0.902332 
-0.950000 -0.918645 
-0.949000 -0.934873 
-0.948000 -0.951015 
-0.947000 -0.967070 
-0.946000 -0.983036 
-0.945000 -0.998911 
-0.944000 -1.014695 
-0.943000 -1.030387 
-0.942000 -1.045984 
-0.941000 -1.061486 
-0.940000 -1.076892 
-0.939000 -1.092199 
-0.938000 -1.107408 
-0.937000 -1.122516 
-0.936000 -1.137523 
-0.935000 -1.152428 
-0.934000 -1.167229 
-0.933000 -1.181926 
-0.932000 -1.196517 
-0.931000 -1.211001 
-0.930000 -1.225378 
-0.929000 -1.239645 
-0.928000 -1.253804 
-0.927000 -1.267851 
-0.926000 -1.281788 
-0.925000 -1.295612 
-0.924000 -1.309322 
-0.923000 -1.322919 
-0.922000 -1.336401 
-0.921000 -1.349767 
-0.920000 -1.363017 
-0.919000 -1.376150 
-0.918000 -1.389165 
-0.917000 -1.402061 
-0.916000 -1.414838 
-0.915000 -1.427496 
-0.914000 -1.440033 
-0.913000 -1.452449 
-0.912000 -1.464743 
-0.911000 -1.476915 
-0.910000 -1.488965 
-0.909000 -1.500891 
-0.908000 -1.512694 
-0.907000 -1.524373 
-0.906000 -1.535927 
-0.905000 -1.547356 
-0.904000 -1.558660 
-0.903000 -1.569838 
-0.902000 -1.580891 
-0.901000 -1.591817 
-0.900000 -1.602616 
-0.899000 -1.613288 
-0.898000 -1.623834 
-0.897000 -1.634252 
-0.896000 -1.644542 
-0.895000 -1.654705 
-0.894000 -1.664739 
-0.893000 -1.674646 
-0.892000 -1.684424 
-0.891000 -1.694074 
-0.890000 -1.703596 
-0.889000 -1.712989 
-0.888000 -1.722254 
-0.887000 -1.731390 
-0.886000 -1.740397 
-0.885000 -1.749276 
-0.884000 -1.758026 
-0.883000 -1.766648 
-0.882000 -1.775141 
-0.881000 -1.783506 
-0.880000 -1.791742 
-0.879000 -1.799850 
-0.878000 -1.807831 
-0.877000 -1.815683 
-0.876000 -1.823407 
-0.875000 -1.831004 
-0.874000 -1.838474 
-0.873000 -1.845816 
-0.872000 -1.853031 
-0.871000 -1.860120 
-0.870000 -1.867082 
-0.869000 -1.873917 
-0.868000 -1.880627 
-0.867000 -1.887211 
-0.866000 -1.893670 
-0.865000 -1.900003 
-0.864000 -1.906212 
-0.863000 -1.912296 
-0.862000 -1.918256 
-0.861000 -1.924092 
-0.860000 -1.929806 
-0.859000 -1.935396 
-0.858000 -1.940863 
-0.857000 -1.946208 
-0.856000 -1.951432 
-0.855000 -1.956534 
-0.854000 -1.961515 
-0.853000 -1.966376 
-0.852000 -1.971117 
-0.851000 -1.975738 
-0.850000 -1.980240 
-0.849000 -1.984624 
-0.848000 -1.988889 
-0.847000 -1.993037 
-0.846000 -1.997068 
-0.845000 -2.000982 
-0.844000 -2.004780 
-0.843000 -2.008463 
-0.842000 -2.012030 
-0.841000 -2.015483 
-0.840000 -2.018822 
-0.839000 -2.022048 
-0.838000 -2.025160 
-0.837000 -2.028161 
-0.836000 -2.031050 
-0.835000 -2.033827 
-0.834000 -2.036495 
-0.833000 -2.039052 
-0.832000 -2.041500 
-0.831000 -2.043839 
-0.830000 -2.046069 
-0.829000 -2.048193 
-0.828000 -2.050209 
-0.827000 -2.052119 
-0.826000 -2.053923 
-0.825000 -2.055622 
-0.824000 -2.057217 
-0.823000 -2.058707 
-0.822000 -2.060095 
-0.821000 -2.061379 
-0.820000 -2.062562 
-0.819000 -2.063643 
-0.818000 -2.064624 
-0.817000 -2.065504 
-0.816000 -2.066285 
-0.815000 -2.066967 
-0.814000 -2.067551 
-0.813000 -2.068037 
-0.812000 -2.068427 
-0.811000 -2.068720 
-0.810000 -2.068917 
-0.809000 -2.069020 
-0.808000 -2.069028 
-0.807000 -2.068943 
-0.806000 -2.068764 
-0.805000 -2.068493 
-0.804000 -2.068131 
-0.803000 -2.067677 
-0.802000 -2.067133 
-0.801000 -2.066499 
-0.800000 -2.065776 
-0.799000 -2.064964 
-0.798000 -2.064065 
-0.797000 -2.063078 
-0.796000 -2.062005 
-0.795000 -2.060846 
-0.794000 -2.059602 
-0.793000 -2.058273 
-0.792000 -2.056860 
-0.791000 -2.055363 
-0.790000 -2.053784 
-0.789000 -2.052123 
-0.788000 -2.050380 
-0.787000 -2.048557 
-0.786000 -2.046654 
-0.785000 -2.044670 
-0.784000 -2.042608 
-0.783000 -2.040468 
-0.782000 -2.038250 
-0.781000 -2.035955 
-0.780000 -2.033584 
-0.779000 -2.031137 
-0.778000 -2.028614 
-0.777000 -2.026017 
-0.776000 -2.023347 
-0.775000 -2.020602 
-0.774000 -2.017786 
-0.773000 -2.014897 
-0.772000 -2.011936 
-0.771000 -2.008905 
-0.770000 -2.005803 
-0.769000 -2.002631 
-0.768000 -1.999391 
-0.767000 -1.996081 
-0.766000 -1.992704 
-0.765000 -1.989260 
-0.764000 -1.985749 
-0.763000 -1.982171 
-0.762000 -1.978528 
-0.761000 -1.974820 
-0.760000 -1.971047 
-0.759000 -1.967211 
-0.758000 -1.963311 
-0.757000 -1.959348 
-0.756000 -1.955323 
-0.755000 -1.951236 
-0.754000 -1.947089 
-0.753000 -1.942880 
-0.752000 -1.938612 
-0.751000 -1.934284 
-0.750000 -1.929898 
-0.749000 -1.925452 
-0.748000 -1.920949 
-0.747000 -1.916389 
-0.746000 -1.911772 
-0.745000 -1.907098 
-0.744000 -1.902369 
-0.743000 -1.897584 
-0.742000 -1.892745 
-0.741000 -1.887852 
-0.740000 -1.882904 
-0.739000 -1.877904 
-0.738000 -1.872851 
-0.737000 -1.867745 
-0.736000 -1.862588 
-0.735000 -1.857380 
-0.734000 -1.852121 
-0.733000 -1.846812 
-0.732000 -1.841453 
-0.731000 -1.836044 
-0.730000 -1.830587 
-0.729000 -1.825082 
-0.728000 -1.819528 
-0.727000 -1.813927 
-0.726000 -1.808279 
-0.725000 -1.802585 
-0.724000 -1.796845 
-0.723000 -1.791059 
-0.722000 -1.785228 
-0.721000 -1.779352 
-0.720000 -1.773432 
-0.719000 -1.767468 
-0.718000 -1.761461 
-0.717000 -1.755411 
-0.716000 -1.749318 
-0.715000 -1.743184 
-0.714000 -1.737007 
-0.713000 -1.730790 
-0.712000 -1.724531 
-0.711000 -1.718232 
-0.710000 -1.711894 
-0.709000 -1.705515 
-0.708000 -1.699098 
-0.707000 -1.692641 
-0.706000 -1.686146 
-0.705000 -1.679614 
-0.704000 -1.673043 
-0.703000 -1.666436 
-0.702000 -1.659791 
-0.701000 -1.653111 
-0.700000 -1.646394 
-0.699000 -1.639641 
-0.698000 -1.632853 
-0.697000 -1.626030 
-0.696000 -1.619173 
-0.695000 -1.612281 
-0.694000 -1.605356 
-0.693000 -1.598397 
-0.692000 -1.591405 
-0.691000 -1.584380 
-0.690000 -1.577323 
-0.689000 -1.570234 
-0.688000 -1.563113 
-0.687000 -1.555961 
-0.686000 -1.548777 
-0.685000 -1.541563 
-0.684000 -1.534319 
-0.683000 -1.527044 
-0.682000 -1.519740 
-0.681000 -1.512406 
-0.680000 -1.505044 
-0.679000 -1.497652 
-0.678000 -1.490233 
-0.677000 -1.482785 
-0.676000 -1.475309 
-0.675000 -1.467806 
-0.674000 -1.460276 
-0.673000 -1.452718 
-0.672000 -1.445135 
-0.671000 -1.437525 
-0.670000 -1.429889 
-0.669000 -1.422227 
-0.668000 -1.414540 
-0.667000 -1.406828 
-0.666000 -1.399091 
-0.665000 -1.391330 
-0.664000 -1.383544 
-0.663000 -1.375735 
-0.662000 -1.367902 
-0.661000 -1.360045 
-0.660000 -1.352165 
-0.659000 -1.344263 
-0.658000 -1.336338 
-0.657000 -1.328390 
-0.656000 -1.320421 
-0.655000 -1.312430 
-0.654000 -1.304417 
-0.653000 -1.296383 
-0.652000 -1.288328 
-0.651000 -1.280253 
-0.650000 -1.272156 
-0.649000 -1.264040 
-0.648000 -1.255904 
-0.647000 -1.247748 
-0.646000 -1.239572 
-0.645000 -1.231377 
-0.644000 -1.223163 
-0.643000 -1.214930 
-0.642000 -1.206679 
-0.641000 -1.198410 
-0.640000 -1.190122 
-0.639000 -1.181817 
-0.638000 -1.173494 
-0.637000 -1.165153 
-0.636000 -1.156796 
-0.635000 -1.148421 
-0.634000 -1.140030 
-0.633000 -1.131622 
-0.632000 -1.123198 
-0.631000 -1.114758 
-0.630000 -1.106302 
-0.629000 -1.097830 
-0.628000 -1.089343 
-0.627000 -1.080841 
-0.626000 -1.072324 
-0.625000 -1.063792 
-0.624000 -1.055245 
-0.623000 -1.046684 
-0.622000 -1.038109 
-0.621000 -1.029520 
-0.620000 -1.020917 
-0.619000 -1.012300 
-0.618000 -1.003670 
-0.617000 -0.995027 
-0.616000 -0.986370 
-0.615000 -0.977701 
-0.614000 -0.969020 
-0.613000 -0.960325 
-0.612000 -0.951619 
-0.611000 -0.942900 
-0.610000 -0.934170 
-0.609000 -0.925428 
-0.608000 -0.916674 
-0.607000 -0.907909 
-0.606000 -0.899132 
-0.605000 -0.890345 
-0.604000 -0.881547 
-0.603000 -0.872738 
-0.602000 -0.863919 
-0.601000 -0.855089 
-0.600000 -0.846249 
-0.599000 -0.837399 
-0.598000 -0.828540 
-0.597000 -0.819671 
-0.596000 -0.810792 
-0.595000 -0.801904 
-0.594000 -0.793006 
-0.593000 -0.784100 
-0.592000 -0.775185 
-0.591000 -0.766261 
-0.590000 -0.757329 
-0.589000 -0.748388 
-0.588000 -0.739440 
-0.587000 -0.730483 
-0.586000 -0.721518 
-0.585000 -0.712545 
-0.584000 -0.703565 
-0.583000 -0.694578 
-0.582000 -0.685583 
-0.581000 -0.676581 
-0.580000 -0.667571 
-0.579000 -0.658556 
-0.578000 -0.649533 
-0.577000 -0.640504 
-0.576000 -0.631468 
-0.575000 -0.622426 
-0.574000 -0.613378 
-0.573000 -0.604324 
-0.572000 -0.595264 
-0.571000 -0.586198 
-0.570000 -0.577127 
-0.569000 -0.568050 
-0.568000 -0.558968 
-0.567000 -0.549881 
-0.566000 -0.540789 
-0.565000 -0.531692 
-0.564000 -0.522590 
-0.563000 -0.513484 
-0.562000 -0.504373 
-0.561000 -0.495257 
-0.560000 -0.486138 
-0.559000 -0.477014 
-0.558000 -0.467886 
-0.557000 -0.458754 
-0.556000 -0.449619 
-0.555000 -0.440480 
-0.554000 -0.431338 
-0.553000 -0.422192 
-0.552000 -0.413043 
-0.551000 -0.403891 
-0.550000 -0.394736 
-0.549000 -0.385578 
-0.548000 -0.376417 
-0.547000 -0.367254 
-0.546000 -0.358088 
-0.545000 -0.348920 
-0.544000 -0.339750 
-0.543000 -0.330578 
-0.542000 -0.321403 
-0.541000 -0.312227 
-0.540000 -0.303049 
-0.539000 -0.293869 
-0.538000 -0.284688 
-0.537000 -0.275505 
-0.536000 -0.266321 
-0.535000 -0.257136 
-0.534000 -0.247949 
-0.533000 -0.238762 
-0.532000 -0.229574 
-0.531000 -0.220385 
-0.530000 -0.211196 
-0.529000 -0.202006 
-0.528000 -0.192816 
-0.527000 -0.183625 
-0.526000 -0.174435 
-0.525000 -0.165244 
-0.524000 -0.156053 
-0.523000 -0.146863 
-0.522000 -0.137673 
-0.521000 -0.128483 
-0.520000 -0.119294 
-0.519000 -0.110105 
-0.518000 -0.100917 
-0.517000 -0.091730 
-0.516000 -0.082544 
-0.515000 -0.073359 
-0.514000 -0.064175 
-0.513000 -0.054993 
-0.512000 -0.045812 
-0.511000 -0.036632 
-0.510000 -0.027454 
-0.509000 -0.018278 
-0.508000 -0.009103 
-0.507000 0.000069 
-0.506000 0.009240 
-0.505000 0.018408 
-0.504000 0.027574 
-0.503000 0.036738 
-0.502000 0.045899 
-0.501000 0.055058 
-0.500000 0.064214 
-0.499000 0.073367 
-0.498000 0.082517 
-0.497000 0.091664 
-0.496000 0.100808 
-0.495000 0.109949 
-0.494000 0.119086 
-0.493000 0.128220 
-0.492000 0.137351 
-0.491000 0.146478 
-0.490000 0.155601 
-0.489000 0.164720 
-0.488000 0.173835 
-0.487000 0.182946 
-0.486000 0.192053 
-0.485000 0.201156 
-0.484000 0.210254 
-0.483000 0.219348 
-0.482000 0.228437 
-0.481000 0.237521 
-0.480000 0.246600 
-0.479000 0.255675 
-0.478000 0.264744 
-0.477000 0.273808 
-0.476000 0.282867 
-0.475000 0.291921 
-0.474000 0.300969 
-0.473000 0.310011 
-0.472000 0.319048 
-0.471000 0.328078 
-0.470000 0.337103 
-0.469000 0.346122 
-0.468000 0.355135 
-0.467000 0.364141 
-0.466000 0.373141 
-0.465000 0.382135 
-0.464000 0.391122 
-0.463000 0.400102 
-0.462000 0.409075 
-0.461000 0.418042 
-0.460000 0.427001 
-0.459000 0.435953 
-0.458000 0.444898 
-0.457000 0.453836 
-0.456000 0.462766 
-0.455000 0.471688 
-0.454000 0.480602 
-0.453000 0.489509 
-0.452000 0.498408 
-0.451000 0.507299 
-0.450000 0.516181 
-0.449000 0.525055 
-0.448000 0.533921 
-0.447000 0.542778 
-0.446000 0.551627 
-0.445000 0.560466 
-0.444000 0.569297 
-0.443000 0.578119 
-0.442000 0.586931 
-0.441000 0.595734 
-0.440000 0.604528 
-0.439000 0.613313 
-0.438000 0.622087 
-0.437000 0.630852 
-0.436000 0.639607 
-0.435000 0.648352 
-0.434000 0.657087 
-0.433000 0.665812 
-0.432000 0.674526 
-0.431000 0.683229 
-0.430000 0.691923 
-0.429000 0.700605 
-0.428000 0.709276 
-0.427000 0.717936 
-0.426000 0.726586 
-0.425000 0.735223 
-0.424000 0.743850 
-0.423000 0.752465 
-0.422000 0.761068 
-0.421000 0.769659 
-0.420000 0.778238 
-0.419000 0.786806 
-0.418000 0.795361 
-0.417000 0.803903 
-0.416000 0.812434 
-0.415000 0.820951 
-0.414000 0.829456 
-0.413000 0.837948 
-0.412000 0.846426 
-0.411000 0.854892 
-0.410000 0.863344 
-0.409000 0.871783 
-0.408000 0.880208 
-0.407000 0.888619 
-0.406000 0.897017 
-0.405000 0.905400 
-0.404000 0.913769 
-0.403000 0.922124 
-0.402000 0.930464 
-0.401000 0.938789 
-0.400000 0.947100 
-0.399000 0.955396 
-0.398000 0.963676 
-0.397000 0.971942 
-0.396000 0.980191 
-0.395000 0.988426 
-0.394000 0.996644 
-0.393000 1.004847 
-0.392000 1.013033 
-0.391000 1.021203 
-0.390000 1.029357 
-0.389000 1.037495 
-0.388000 1.045615 
-0.387000 1.053719 
-0.386000 1.061805 
-0.385000 1.069875 
-0.384000 1.077927 
-0.383000 1.085961 
-0.382000 1.093978 
-0.381000 1.101977 
-0.380000 1.109958 
-0.379000 1.117920 
-0.378000 1.125864 
-0.377000 1.133789 
-0.376000 1.141696 
-0.375000 1.149584 
-0.374000 1.157452 
-0.373000 1.165301 
-0.372000 1.173131 
-0.371000 1.180941 
-0.370000 1.188731 
-0.369000 1.196501 
-0.368000 1.204251 
-0.367000 1.211980 
-0.366000 1.219688 
-0.365000 1.227376 
-0.364000 1.235043 
-0.363000 1.242688 
-0.362000 1.250312 
-0.361000 1.257915 
-0.360000 1.265495 
-0.359000 1.273054 
-0.358000 1.280590 
-0.357000 1.288104 
-0.356000 1.295595 
-0.355000 1.303063 
-0.354000 1.310508 
-0.353000 1.317930 
-0.352000 1.325328 
-0.351000 1.332703 
-0.350000 1.340054 
-0.349000 1.347380 
-0.348000 1.354682 
-0.347000 1.361960 
-0.346000 1.369213 
-0.345000 1.376440 
-0.344000 1.383643 
-0.343000 1.390820 
-0.342000 1.397971 
-0.341000 1.405096 
-0.340000 1.412195 
-0.339000 1.419268 
-0.338000 1.426314 
-0.337000 1.433333 
-0.336000 1.440324 
-0.335000 1.447289 
-0.334000 1.454225 
-0.333000 1.461134 
-0.332000 1.468015 
-0.331000 1.474867 
-0.330000 1.481691 
-0.329000 1.488486 
-0.328000 1.495251 
-0.327000 1.501988 
-0.326000 1.508694 
-0.325000 1.515371 
-0.324000 1.522017 
-0.323000 1.528633 
-0.322000 1.535218 
-0.321000 1.541772 
-0.320000 1.548295 
-0.319000 1.554786 
-0.318000 1.561245 
-0.317000 1.567673 
-0.316000 1.574068 
-0.315000 1.580430 
-0.314000 1.586759 
-0.313000 1.593055 
-0.312000 1.599317 
-0.311000 1.605546 
-0.310000 1.611740 
-0.309000 1.617900 
-0.308000 1.624026 
-0.307000 1.630116 
-0.306000 1.636171 
-0.305000 1.642190 
-0.304000 1.648173 
-0.303000 1.654120 
-0.302000 1.660031 
-0.301000 1.665904 
-0.300000 1.671740 
-0.299000 1.677539 
-0.298000 1.683300 
-0.297000 1.689023 
-0.296000 1.694707 
-0.295000 1.700353 
-0.294000 1.705959 
-0.293000 1.711526 
-0.292000 1.717053 
-0.291000 1.722539 
-0.290000 1.727985 
-0.289000 1.733391 
-0.288000 1.738755 
-0.287000 1.744078 
-0.286000 1.749358 
-0.285000 1.754597 
-0.284000 1.759792 
-0.283000 1.764945 
-0.282000 1.770055 
-0.281000 1.775120 
-0.280000 1.780142 
-0.279000 1.785119 
-0.278000 1.790052 
-0.277000 1.794939 
-0.276000 1.799781 
-0.275000 1.804576 
-0.274000 1.809326 
-0.273000 1.814028 
-0.272000 1.818684 
-0.271000 1.823292 
-0.270000 1.827852 
-0.269000 1.832364 
-0.268000 1.836827 
-0.267000 1.841241 
-0.266000 1.845606 
-0.265000 1.849921 
-0.264000 1.854185 
-0.263000 1.858399 
-0.262000 1.862561 
-0.261000 1.866673 
-0.260000 1.870732 
-0.259000 1.874738 
-0.258000 1.878692 
-0.257000 1.882593 
-0.256000 1.886440 
-0.255000 1.890233 
-0.254000 1.893971 
-0.253000 1.897655 
-0.252000 1.901282 
-0.251000 1.904855 
-0.250000 1.908370 
-0.249000 1.911829 
-0.248000 1.915231 
-0.247000 1.918576 
-0.246000 1.921862 
-0.245000 1.925089 
-0.244000 1.928258 
-0.243000 1.931367 
-0.242000 1.934416 
-0.241000 1.937404 
-0.240000 1.940332 
-0.239000 1.943198 
-0.238000 1.946003 
-0.237000 1.948745 
-0.236000 1.951424 
-0.235000 1.954040 
-0.234000 1.956593 
-0.233000 1.959081 
-0.232000 1.961504 
-0.231000 1.963862 
-0.230000 1.966154 
-0.229000 1.968380 
-0.228000 1.970539 
-0.227000 1.972631 
-0.226000 1.974656 
-0.225000 1.976612 
-0.224000 1.978499 
-0.223000 1.980317 
-0.222000 1.982065 
-0.221000 1.983743 
-0.220000 1.985350 
-0.219000 1.986885 
-0.218000 1.988349 
-0.217000 1.989741 
-0.216000 1.991059 
-0.215000 1.992304 
-0.214000 1.993475 
-0.213000 1.994572 
-0.212000 1.995593 
-0.211000 1.996539 
-0.210000 1.997409 
-0.209000 1.998203 
-0.208000 1.998919 
-0.207000 1.999557 
-0.206000 2.000117 
-0.205000 2.000598 
-0.204000 2.001000 
-0.203000 2.001323 
-0.202000 2.001564 
-0.201000 2.001725 
-0.200000 2.001804 
-0.199000 2.001801 
-0.198000 2.001716 
-0.197000 2.001547 
-0.196000 2.001295 
-0.195000 2.000958 
-0.194000 2.000537 
-0.193000 2.000030 
-0.192000 1.999437 
-0.191000 1.998758 
-0.190000 1.997992 
-0.189000 1.997138 
-0.188000 1.996196 
-0.187000 1.995166 
-0.186000 1.994046 
-0.185000 1.992836 
-0.184000 1.991536 
-0.183000 1.990145 
-0.182000 1.988663 
-0.181000 1.987089 
-0.180000 1.985422 
-0.179000 1.983662 
-0.178000 1.981809 
-0.177000 1.979861 
-0.176000 1.977818 
-0.175000 1.975681 
-0.174000 1.973447 
-0.173000 1.971117 
-0.172000 1.968691 
-0.171000 1.966166 
-0.170000 1.963544 
-0.169000 1.960824 
-0.168000 1.958004 
-0.167000 1.955085 
-0.166000 1.952066 
-0.165000 1.948946 
-0.164000 1.945725 
-0.163000 1.942402 
-0.162000 1.938978 
-0.161000 1.935450 
-0.160000 1.931820 
-0.159000 1.928086 
-0.158000 1.924248 
-0.157000 1.920305 
-0.156000 1.916257 
-0.155000 1.912104 
-0.154000 1.907844 
-0.153000 1.903478 
-0.152000 1.899005 
-0.151000 1.894424 
-0.150000 1.889735 
-0.149000 1.884938 
-0.148000 1.880032 
-0.147000 1.875017 
-0.146000 1.869892 
-0.145000 1.864657 
-0.144000 1.859312 
-0.143000 1.853855 
-0.142000 1.848287 
-0.141000 1.842608 
-0.140000 1.836816 
-0.139000 1.830911 
-0.138000 1.824894 
-0.137000 1.818763 
-0.136000 1.812518 
-0.135000 1.806160 
-0.134000 1.799687 
-0.133000 1.793099 
-0.132000 1.786397 
-0.131000 1.779579 
-0.130000 1.772645 
-0.129000 1.765596 
-0.128000 1.758430 
-0.127000 1.751147 
-0.126000 1.743748 
-0.125000 1.736232 
-0.124000 1.728598 
-0.123000 1.720847 
-0.122000 1.712979 
-0.121000 1.704992 
-0.120000 1.696887 
-0.119000 1.688664 
-0.118000 1.680322 
-0.117000 1.671862 
-0.116000 1.663283 
-0.115000 1.654585 
-0.114000 1.645768 
-0.113000 1.636831 
-0.112000 1.627776 
-0.111000 1.618601 
-0.110000 1.609307 
-0.109000 1.599893 
-0.108000 1.590360 
-0.107000 1.580707 
-0.106000 1.570935 
-0.105000 1.561043 
-0.104000 1.551032 
-0.103000 1.540902 
-0.102000 1.530652 
-0.101000 1.520283 
-0.100000 1.509795 
-0.099000 1.499188 
-0.098000 1.488462 
-0.097000 1.477617 
-0.096000 1.466654 
-0.095000 1.455572 
-0.094000 1.444372 
-0.093000 1.433054 
-0.092000 1.421619 
-0.091000 1.410066 
-0.090000 1.398395 
-0.089000 1.386608 
-0.088000 1.374705 
-0.087000 1.362685 
-0.086000 1.350549 
-0.085000 1.338298 
-0.084000 1.325932 
-0.083000 1.313451 
-0.082000 1.300856 
-0.081000 1.288147 
-0.080000 1.275325 
-0.079000 1.262391 
-0.078000 1.249344 
-0.077000 1.236185 
-0.076000 1.222916 
-0.075000 1.209536 
-0.074000 1.196046 
-0.073000 1.182446 
-0.072000 1.168739 
-0.071000 1.154923 
-0.070000 1.141000 
-0.069000 1.126971 
-0.068000 1.112836 
-0.067000 1.098596 
-0.066000 1.084252 
-0.065000 1.069805 
-0.064000 1.055255 
-0.063000 1.040604 
-0.062000 1.025852 
-0.061000 1.011000 
-0.060000 0.996049 
-0.059000 0.981000 
-0.058000 0.965855 
-0.057000 0.950614 
-0.056000 0.935277 
-0.055000 0.919847 
-0.054000 0.904324 
-0.053000 0.888710 
-0.052000 0.873005 
-0.051000 0.857210 
-0.050000 0.841327 
-0.049000 0.825357 
-0.048000 0.809302 
-0.047000 0.793162 
-0.046000 0.776938 
-0.045000 0.760632 
-0.044000 0.744246 
-0.043000 0.727780 
-0.042000 0.711236 
-0.041000 0.694615 
-0.040000 0.677918 
-0.039000 0.661148 
-0.038000 0.644305 
-0.037000 0.627391 
-0.036000 0.610408 
-0.035000 0.593356 
-0.034000 0.576238 
-0.033000 0.559054 
-0.032000 0.541807 
-0.031000 0.524497 
-0.030000 0.507128 
-0.029000 0.489699 
-0.028000 0.472213 
-0.027000 0.454672 
-0.026000 0.437076 
-0.025000 0.419429 
-0.024000 0.401730 
-0.023000 0.383983 
-0.022000 0.366188 
-0.021000 0.348348 
-0.020000 0.330464 
-0.019000 0.312538 
-0.018000 0.294572 
-0.017000 0.276568 
-0.016000 0.258527 
-0.015000 0.240451 
-0.014000 0.222342 
-0.013000 0.204201 
-0.012000 0.186032 
-0.011000 0.167834 
-0.010000 0.149612 
-0.009000 0.131365 
-0.008000 0.113097 
-0.007000 0.094808 
-0.006000 0.076502 
-0.005000 0.058179 
-0.004000 0.039842 
-0.003000 0.021492 
-0.002000 0.003132 
-0.001000 -0.015236 
-0.000000 -0.033611 
0.001000 -0.051991 
0.002000 -0.070374 
0.003000 -0.088757 
0.004000 -0.107139 
0.005000 -0.125518 
0.006000 -0.143892 
0.007000 -0.162259 
0.008000 -0.180617 
0.009000 -0.198965 
0.010000 -0.217299 
0.011000 -0.235620 
0.012000 -0.253923 
0.013000 -0.272207 
0.014000 -0.290471 
0.015000 -0.308712 
0.016000 -0.326929 
0.017000 -0.345120 
0.018000 -0.363282 
0.019000 -0.381415 
0.020000 -0.399515 
0.021000 -0.417581 
0.022000 -0.435612 
0.023000 -0.453604 
0.024000 -0.471558 
0.025000 -0.489469 
0.026000 -0.507338 
0.027000 -0.525162 
0.028000 -0.542938 
0.029000 -0.560666 
0.030000 -0.578344 
0.031000 -0.595969 
0.032000 -0.613540 
0.033000 -0.631055 
0.034000 -0.648513 
0.035000 -0.665911 
0.036000 -0.683248 
0.037000 -0.700523 
0.038000 -0.717733 
0.039000 -0.734877 
0.040000 -0.751954 
0.041000 -0.768961 
0.042000 -0.785897 
0.043000 -0.802761 
0.044000 -0.819550 
0.045000 -0.836264 
0.046000 -0.852901 
0.047000 -0.869459 
0.048000 -0.885936 
0.049000 -0.902332 
0.050000 -0.918645 
0.051000 -0.934873 
0.052000 -0.951015 
0.053000 -0.967070 
0.054000 -0.983036 
0.055000 -0.998911 
0.056000 -1.014695 
0.057000 -1.030387 
0.058000 -1.045984 
0.059000 -1.061486 
0.060000 -1.076892 
0.061000 -1.092199 
0.062000 -1.107408 
0.063000 -1.122516 
0.064000 -1.137523 
0.065000 -1.152428 
0.066000 -1.167229 
0.067000 -1.181926 
0.068000 -1.196517 
0.069000 -1.211001 
0.070000 -1.225378 
0.071000 -1.239645 
0.072000 -1.253804 
0.073000 -1.267851 
0.074000 -1.281788 
0.075000 -1.295612 
0.076000 -1.309322 
0.077000 -1.322919 
0.078000 -1.336401 
0.079000 -1.349767 
0.080000 -1.363017 
0.081000 -1.376150 
0.082000 -1.389165 
0.083000 -1.402061 
0.084000 -1.414838 
0.085000 -1.427496 
0.086000 -1.440033 
0.087000 -1.452449 
0.088000 -1.464743 
0.089000 -1.476915 
0.090000 -1.488965 
0.091000 -1.500891 
0.092000 -1.512694 
0.093000 -1.524373 
0.094000 -1.535927 
0.095000 -1.547356 
0.096000 -1.558660 
0.097000 -1.569838 
0.098000 -1.580891 
0.099000 -1.591817 
0.100000 -1.602616 
0.101000 -1.613288 
0.102000 -1.623834 
0.103000 -1.634252 
0.104000 -1.644542 
0.105000 -1.654705 
0.106000 -1.664739 
0.107000 -1.674646 
0.108000 -1.684424 
0.109000 -1.694074 
0.110000 -1.703596 
0.111000 -1.712989 
0.112000 -1.722254 
0.113000 -1.731390 
0.114000 -1.740397 
0.115000 -1.749276 
0.116000 -1.758026 
0.117000 -1.766648 
0.118000 -1.775141 
0.119000 -1.783506 
0.120000 -1.791742 
0.121000 -1.799850 
0.122000 -1.807831 
0.123000 -1.815683 
0.124000 -1.823407 
0.125000 -1.831004 
0.126000 -1.838474 
0.127000 -1.845816 
0.128000 -1.853031 
0.129000 -1.860120 
0.130000 -1.867082 
0.131000 -1.873917 
0.132000 -1.880627 
0.133000 -1.887211 
0.134000 -1.893670 
0.135000 -1.900003 
0.136000 -1.906212 
0.137000 -1.912296 
0.138000 -1.918256 
0.139000 -1.924092 
0.140000 -1.929806 
0.141000 -1.935396 
0.142000 -1.940863 
0.143000 -1.946208 
0.144000 -1.951432 
0.145000 -1.956534 
0.146000 -1.961515 
0.147000 -1.966376 
0.148000 -1.971117 
0.149000 -1.975738 
0.150000 -1.980240 
0.151000 -1.984624 
0.152000 -1.988889 
0.153000 -1.993037 
0.154000 -1.997068 
0.155000 -2.000982 
0.156000 -2.004780 
0.157000 -2.008463 
0.158000 -2.012030 
0.159000 -2.015483 
0.160000 -2.018822 
0.161000 -2.022048 
0.162000 -2.025160 
0.163000 -2.028161 
0.164000 -2.031050 
0.165000 -2.033827 
0.166000 -2.036495 
0.167000 -2.039052 
0.168000 -2.041500 
0.169000 -2.043839 
0.170000 -2.046069 
0.171000 -2.048193 
0.172000 -2.050209 
0.173000 -2.052119 
0.174000 -2.053923 
0.175000 -2.055622 
0.176000 -2.057217 
0.177000 -2.058707 
0.178000 -2.060095 
0.179000 -2.061379 
0.180000 -2.062562 
0.181000 -2.063643 
0.182000 -2.064624 
0.183000 -2.065504 
0.184000 -2.066285 
0.185000 -2.066967 
0.186000 -2.067551 
0.187000 -2.068037 
0.188000 -2.068427 
0.189000 -2.068720 
0.190000 -2.068917 
0.191000 -2.069020 
0.192000 -2.069028 
0.193000 -2.068943 
0.194000 -2.068764 
0.195000 -2.068493 
0.196000 -2.068131 
0.197000 -2.067677 
0.198000 -2.067133 
0.199000 -2.066499 
0.200000 -2.065776 
0.201000 -2.064964 
0.202000 -2.064065 
0.203000 -2.063078 
0.204000 -2.062005 
0.205000 -2.060846 
0.206000 -2.059602 
0.207000 -2.058273 
0.208000 -2.056860 
0.209000 -2.055363 
0.210000 -2.053784 
0.211000 -2.052123 
0.212000 -2.050380 
0.213000 -2.048557 
0.214000 -2.046654 
0.215000 -2.044670 
0.216000 -2.042608 
0.217000 -2.040468 
0.218000 -2.038250 
0.219000 -2.035955 
0.220000 -2.033584 
0.221000 -2.031137 
0.222000 -2.028614 
0.223000 -2.026017 
0.224000 -2.023347 
0.225000 -2.020602 
0.226000 -2.017786 
0.227000 -2.014897 
0.228000 -2.011936 
0.229000 -2.008905 
0.230000 -2.005803 
0.231000 -2.002631 
0.232000 -1.999391 
0.233000 -1.996081 
0.234000 -1.992704 
0.235000 -1.989260 
0.236000 -1.985749 
0.237000 -1.982171 
0.238000 -1.978528 
0.239000 -1.974820 
0.240000 -1.971047 
0.241000 -1.967211 
0.242000 -1.963311 
0.243000 -1.959348 
0.244000 -1.955323 
0.245000 -1.951236 
0.246000 -1.947089 
0.247000 -1.942880 
0.248000 -1.938612 
0.249000 -1.934284 
0.250000 -1.929898 
0.251000 -1.925452 
0.252000 -1.920949 
0.253000 -1.916389 
0.254000 -1.911772 
0.255000 -1.907098 
0.256000 -1.902369 
0.257000 -1.897584 
0.258000 -1.892745 
0.259000 -1.887852 
0.260000 -1.882904 
0.261000 -1.877904 
0.262000 -1.872851 
0.263000 -1.867745 
0.264000 -1.862588 
0.265000 -1.857380 
0.266000 -1.852121 
0.267000 -1.846812 
0.268000 -1.841453 
0.269000 -1.836044 
0.270000 -1.830587 
0.271000 -1.825082 
0.272000 -1.819528 
0.273000 -1.813927 
0.274000 -1.808279 
0.275000 -1.802585 
0.276000 -1.796845 
0.277000 -1.791059 
0.278000 -1.785228 
0.279000 -1.779352 
0.280000 -1.773432 
0.281000 -1.767468 
0.282000 -1.761461 
0.283000 -1.755411 
0.284000 -1.749318 
0.285000 -1.743184 
0.286000 -1.737007 
0.287000 -1.730790 
0.288000 -1.724531 
0.289000 -1.718232 
0.290000 -1.711894 
0.291000 -1.705515 
0.292000 -1.699098 
0.293000 -1.692641 
0.294000 -1.686146 
0.295000 -1.679614 
0.296000 -1.673043 
0.297000 -1.666436 
0.298000 -1.659791 
0.299000 -1.653111 
0.300000 -1.646394 
0.301000 -1.639641 
0.302000 -1.632853 
0.303000 -1.626030 
0.304000 -1.619173 
0.305000 -1.612281 
0.306000 -1.605356 
0.307000 -1.598397 
0.308000 -1.591405 
0.309000 -1.584380 
0.310000 -1.577323 
0.311000 -1.570234 
0.312000 -1.563113 
0.313000 -1.555961 
0.314000 -1.548777 
0.315000 -1.541563 
0.316000 -1.534319 
0.317000 -1.527044 
0.318000 -1.519740 
0.319000 -1.512406 
0.320000 -1.505044 
0.321000 -1.497652 
0.322000 -1.490233 
0.323000 -1.482785 
0.324000 -1.475309 
0.325000 -1.467806 
0.326000 -1.460276 
0.327000 -1.452718 
0.328000 -1.445135 
0.329000 -1.437525 
0.330000 -1.429889 
0.331000 -1.422227 
0.332000 -1.414540 
0.333000 -1.406828 
0.334000 -1.399091 
0.335000 -1.391330 
0.336000 -1.383544 
0.337000 -1.375735 
0.338000 -1.367902 
0.339000 -1.360045 
0.340000 -1.352165 
0.341000 -1.344263 
0.342000 -1.336338 
0.343000 -1.328390 
0.344000 -1.320421 
0.345000 -1.312430 
0.346000 -1.304417 
0.347000 -1.296383 
0.348000 -1.288328 
0.349000 -1.280253 
0.350000 -1.272156 
0.351000 -1.264040 
0.352000 -1.255904 
0.353000 -1.247748 
0.354000 -1.239572 
0.355000 -1.231377 
0.356000 -1.223163 
0.357000 -1.214930 
0.358000 -1.206679 
0.359000 -1.198410 
0.360000 -1.190122 
0.361000 -1.181817 
0.362000 -1.173494 
0.363000 -1.165153 
0.364000 -1.156796 
0.365000 -1.148421 
0.366000 -1.140030 
0.367000 -1.131622 
0.368000 -1.123198 
0.369000 -1.114758 
0.370000 -1.106302 
0.371000 -1.097830 
0.372000 -1.089343 
0.373000 -1.080841 
0.374000 -1.072324 
0.375000 -1.063792 
0.376000 -1.055245 
0.377000 -1.046684 
0.378000 -1.038109 
0.379000 -1.029520 
0.380000 -1.020917 
0.381000 -1.012300 
0.382000 -1.003670 
0.383000 -0.995027 
0.384000 -0.986370 
0.385000 -0.977701 
0.386000 -0.969020 
0.387000 -0.960325 
0.388000 -0.951619 
0.389000 -0.942900 
0.390000 -0.934170 
0.391000 -0.925428 
0.392000 -0.916674 
0.393000 -0.907909 
0.394000 -0.899132 
0.395000 -0.890345 
0.396000 -0.881547 
0.397000 -0.872738 
0.398000 -0.863919 
0.399000 -0.855089 
0.400000 -0.846249 
0.401000 -0.837399 
0.402000 -0.828540 
0.403000 -0.819671 
0.404000 -0.810792 
0.405000 -0.801904 
0.406000 -0.793006 
0.407000 -0.784100 
0.408000 -0.775185 
0.409000 -0.766261 
0.410000 -0.757329 
0.411000 -0.748388 
0.412000 -0.739440 
0.413000 -0.730483 
0.414000 -0.721518 
0.415000 -0.712545 
0.416000 -0.703565 
0.417000 -0.694578 
0.418000 -0.685583 
0.419000 -0.676581 
0.420000 -0.667571 
0.421000 -0.658556 
0.422000 -0.649533 
0.423000 -0.640504 
0.424000 -0.631468 
0.425000 -0.622426 
0.426000 -0.613378 
0.427000 -0.604324 
0.428000 -0.595264 
0.429000 -0.586198 
0.430000 -0.577127 
0.431000 -0.568050 
0.432000 -0.558968 
0.433000 -0.549881 
0.434000 -0.540789 
0.435000 -0.531692 
0.436000 -0.522590 
0.437000 -0.513484 
0.438000 -0.504373 
0.439000 -0.495257 
0.440000 -0.486138 
0.441000 -0.477014 
0.442000 -0.467886 
0.443000 -0.458754 
0.444000 -0.449619 
0.445000 -0.440480 
0.446000 -0.431338 
0.447000 -0.422192 
0.448000 -0.413043 
0.449000 -0.403891 
0.450000 -0.394736 
0.451000 -0.385578 
0.452000 -0.376417 
0.453000 -0.367254 
0.454000 -0.358088 
0.455000 -0.348920 
0.456000 -0.339750 
0.457000 -0.330578 
0.458000 -0.321403 
0.459000 -0.312227 
0.460000 -0.303049 
0.461000 -0.293869 
0.462000 -0.284688 
0.463000 -0.275505 
0.464000 -0.266321 
0.465000 -0.257136 
0.466000 -0.247949 
0.467000 -0.238762 
0.468000 -0.229574 
0.469000 -0.220385 
0.470000 -0.211196 
0.471000 -0.202006 
0.472000 -0.192816 
0.473000 -0.183625 
0.474000 -0.174435 
0.475000 -0.165244 
0.476000 -0.156053 
0.477000 -0.146863 
0.478000 -0.137673 
0.479000 -0.128483 
0.480000 -0.119294 
0.481000 -0.110105 
0.482000 -0.100917 
0.483000 -0.091730 
0.484000 -0.082544 
0.485000 -0.073359 
0.486000 -0.064175 
0.487000 -0.054993 
0.488000 -0.045812 
0.489000 -0.036632 
0.490000 -0.027454 
0.491000 -0.018278 
0.492000 -0.009103 
0.493000 0.000069 
0.494000 0.009240 
0.495000 0.018408 
0.496000 0.027574 
0.497000 0.036738 
0.498000 0.045899 
0.499000 0.055058 
0.500000 0.064214 
0.501000 0.073367 
0.502000 0.082517 
0.503000 0.091664 
0.504000 0.100808 
0.505000 0.109949 
0.506000 0.119086 
0.507000 0.128220 
0.508000 0.137351 
0.509000 0.146478 
0.510000 0.155601 
0.511000 0.164720 
0.512000 0.173835 
0.513000 0.182946 
0.514000 0.192053 
0.515000 0.201156 
0.516000 0.210254 
0.517000 0.219348 
0.518000 0.228437 
0.519000 0.237521 
0.520000 0.246600 
0.521000 0.255675 
0.522000 0.264744 
0.523000 0.273808 
0.524000 0.282867 
0.525000 0.291921 
0.526000 0.300969 
0.527000 0.310011 
0.528000 0.319048 
0.529000 0.328078 
0.530000 0.337103 
0.531000 0.346122 
0.532000 0.355135 
0.533000 0.364141 
0.534000 0.373141 
0.535000 0.382135 
0.536000 0.391122 
0.537000 0.400102 
0.538000 0.409075 
0.539000 0.418042 
0.540000 0.427001 
0.541000 0.435953 
0.542000 0.444898 
0.543000 0.453836 
0.544000 0.462766 
0.545000 0.471688 
0.546000 0.480602 
0.547000 0.489509 
0.548000 0.498408 
0.549000 0.507299 
0.550000 0.516181 
0.551000 0.525055 
0.552000 0.533921 
0.553000 0.542778 
0.554000 0.551627 
0.555000 0.560466 
0.556000 0.569297 
0.557000 0.578119 
0.558000 0.586931 
0.559000 0.595734 
0.560000 0.604528 
0.561000 0.613313 
0.562000 0.622087 
0.563000 0.630852 
0.564000 0.639607 
0.565000 0.648352 
0.566000 0.657087 
0.567000 0.665812 
0.568000 0.674526 
0.569000 0.683229 
0.570000 0.691923 
0.571000 0.700605 
0.572000 0.709276 
0.573000 0.717936 
0.574000 0.726586 
0.575000 0.735223 
0.576000 0.743850 
0.577000 0.752465 
0.578000 0.761068 
0.579000 0.769659 
0.580000 0.778238 
0.581000 0.786806 
0.582000 0.795361 
0.583000 0.803903 
0.584000 0.812434 
0.585000 0.820951 
0.586000 0.829456 
0.587000 0.837948 
0.588000 0.846426 
0.589000 0.854892 
0.590000 0.863344 
0.591000 0.871783 
0.592000 0.880208 
0.593000 0.888619 
0.594000 0.897017 
0.595000 0.905400 
0.596000 0.913769 
0.597000 0.922124 
0.598000 0.930464 
0.599000 0.938789 
0.600000 0.947100 
0.601000 0.955396 
0.602000 0.963676 
0.603000 0.971942 
0.604000 0.980191 
0.605000 0.988426 
0.606000 0.996644 
0.607000 1.004847 
0.608000 1.013033 
0.609000 1.021203 
0.610000 1.029357 
0.611000 1.037495 
0.612000 1.045615 
0.613000 1.053719 
0.614000 1.061805 
0.615000 1.069875 
0.616000 1.077927 
0.617000 1.085961 
0.618000 1.093978 
0.619000 1.101977 
0.620000 1.109958 
0.621000 1.117920 
0.622000 1.125864 
0.623000 1.133789 
0.624000 1.141696 
0.625000 1.149584 
0.626000 1.157452 
0.627000 1.165301 
0.628000 1.173131 
0.629000 1.180941 
0.630000 1.188731 
0.631000 1.196501 
0.632000 1.204251 
0.633000 1.211980 
0.634000 1.219688 
0.635000 1.227376 
0.636000 1.235043 
0.637000 1.242688 
0.638000 1.250312 
0.639000 1.257915 
0.640000 1.265495 
0.641000 1.273054 
0.642000 1.280590 
0.643000 1.288104 
0.644000 1.295595 
0.645000 1.303063 
0.646000 1.310508 
0.647000 1.317930 
0.648000 1.325328 
0.649000 1.332703 
0.650000 1.340054 
0.651000 1.347380 
0.652000 1.354682 
0.653000 1.361960 
0.654000 1.369213 
0.655000 1.376440 
0.656000 1.383643 
0.657000 1.390820 
0.658000 1.397971 
0.659000 1.405096 
0.660000 1.412195 
0.661000 1.419268 
0.662000 1.426314 
0.663000 1.433333 
0.664000 1.440324 
0.665000 1.447289 
0.666000 1.454225 
0.667000 1.461134 
0.668000 1.468015 
0.669000 1.474867 
0.670000 1.481691 
0.671000 1.488486 
0.672000 1.495251 
0.673000 1.501988 
0.674000 1.508694 
0.675000 1.515371 
0.676000 1.522017 
0.677000 1.528633 
0.678000 1.535218 
0.679000 1.541772 
0.680000 1.548295 
0.681000 1.554786 
0.682000 1.561245 
0.683000 1.567673 
0.684000 1.574068 
0.685000 1.580430 
0.686000 1.586759 
0.687000 1.593055 
0.688000 1.599317 
0.689000 1.605546 
0.690000 1.611740 
0.691000 1.617900 
0.692000 1.624026 
0.693000 1.630116 
0.694000 1.636171 
0.695000 1.642190 
0.696000 1.648173 
0.697000 1.654120 
0.698000 1.660031 
0.699000 1.665904 
0.700000 1.671740 
0.701000 1.677539 
0.702000 1.683300 
0.703000 1.689023 
0.704000 1.694707 
0.705000 1.700353 
0.706000 1.705959 
0.707000 1.711526 
0.708000 1.717053 
0.709000 1.722539 
0.710000 1.727985 
0.711000 1.733391 
0.712000 1.738755 
0.713000 1.744078 
0.714000 1.749358 
0.715000 1.754597 
0.716000 1.759792 
0.717000 1.764945 
0.718000 1.770055 
0.719000 1.775120 
0.720000 1.780142 
0.721000 1.785119 
0.722000 1.790052 
0.723000 1.794939 
0.724000 1.799781 
0.725000 1.804576 
0.726000 1.809326 
0.727000 1.814028 
0.728000 1.818684 
0.729000 1.823292 
0.730000 1.827852 
0.731000 1.832364 
0.732000 1.836827 
0.733000 1.841241 
0.734000 1.845606 
0.735000 1.849921 
0.736000 1.854185 
0.737000 1.858399 
0.738000 1.862561 
0.739000 1.866673 
0.740000 1.870732 
0.741000 1.874738 
0.742000 1.878692 
0.743000 1.882593 
0.744000 1.886440 
0.745000 1.890233 
0.746000 1.893971 
0.747000 1.897655 
0.748000 1.901282 
0.749000 1.904855 
0.750000 1.908370 
0.751000 1.911829 
0.752000 1.915231 
0.753000 1.918576 
0.754000 1.921862 
0.755000 1.925089 
0.756000 1.928258 
0.757000 1.931367 
0.758000 1.934416 
0.759000 1.937404 
0.760000 1.940332 
0.761000 1.943198 
0.762000 1.946003 
0.763000 1.948745 
0.764000 1.951424 
0.765000 1.954040 
0.766000 1.956593 
0.767000 1.959081 
0.768000 1.961504 
0.769000 1.963862 
0.770000 1.966154 
0.771000 1.968380 
0.772000 1.970539 
0.773000 1.972631 
0.774000 1.974656 
0.775000 1.976612 
0.776000 1.978499 
0.777000 1.980317 
0.778000 1.982065 
0.779000 1.983743 
0.780000 1.985350 
0.781000 1.986885 
0.782000 1.988349 
0.783000 1.989741 
0.784000 1.991059 
0.785000 1.992304 
0.786000 1.993475 
0.787000 1.994572 
0.788000 1.995593 
0.789000 1.996539 
0.790000 1.997409 
0.791000 1.998203 
0.792000 1.998919 
0.793000 1.999557 
0.794000 2.000117 
0.795000 2.000598 
0.796000 2.001000 
0.797000 2.001323 
0.798000 2.001564 
0.799000 2.001725 
0.800000 2.001804 
0.801000 2.001801 
0.802000 2.001716 
0.803000 2.001547 
0.804000 2.001295 
0.805000 2.000958 
0.806000 2.000537 
0.807000 2.000030 
0.808000 1.999437 
0.809000 1.998758 
0.810000 1.997992 
0.811000 1.997138 
0.812000 1.996196 
0.813000 1.995166 
0.814000 1.994046 
0.815000 1.992836 
0.816000 1.991536 
0.817000 1.990145 
0.818000 1.988663 
0.819000 1.987089 
0.820000 1.985422 
0.821000 1.983662 
0.822000 1.981809 
0.823000 1.979861 
0.824000 1.977818 
0.825000 1.975681 
0.826000 1.973447 
0.827000 1.971117 
0.828000 1.968691 
0.829000 1.966166 
0.830000 1.963544 
0.831000 1.960824 
0.832000 1.958004 
0.833000 1.955085 
0.834000 1.952066 
0.835000 1.948946 
0.836000 1.945725 
0.837000 1.942402 
0.838000 1.938978 
0.839000 1.935450 
0.840000 1.931820 
0.841000 1.928086 
0.842000 1.924248 
0.843000 1.920305 
0.844000 1.916257 
0.845000 1.912104 
0.846000 1.907844 
0.847000 1.903478 
0.848000 1.899005 
0.849000 1.894424 
0.850000 1.889735 
0.851000 1.884938 
0.852000 1.880032 
0.853000 1.875017 
0.854000 1.869892 
0.855000 1.864657 
0.856000 1.859312 
0.857000 1.853855 
0.858000 1.848287 
0.859000 1.842608 
0.860000 1.836816 
0.861000 1.830911 
0.862000 1.824894 
0.863000 1.818763 
0.864000 1.812518 
0.865000 1.806160 
0.866000 1.799687 
0.867000 1.793099 
0.868000 1.786397 
0.869000 1.779579 
0.870000 1.772645 
0.871000 1.765596 
0.872000 1.758430 
0.873000 1.751147 
0.874000 1.743748 
0.875000 1.736232 
0.876000 1.728598 
0.877000 1.720847 
0.878000 1.712979 
0.879000 1.704992 
0.880000 1.696887 
0.881000 1.688664 
0.882000 1.680322 
0.883000 1.671862 
0.884000 1.663283 
0.885000 1.654585 
0.886000 1.645768 
0.887000 1.636831 
0.888000 1.627776 
0.889000 1.618601 
0.890000 1.609307 
0.891000 1.599893 
0.892000 1.590360 
0.893000 1.580707 
0.894000 1.570935 
0.895000 1.561043 
0.896000 1.551032 
0.897000 1.540902 
0.898000 1.530652 
0.899000 1.520283 
0.900000 1.509795 
0.901000 1.499188 
0.902000 1.488462 
0.903000 1.477617 
0.904000 1.466654 
0.905000 1.455572 
0.906000 1.444372 
0.907000 1.433054 
0.908000 1.421619 
0.909000 1.410066 
0.910000 1.398395 
0.911000 1.386608 
0.912000 1.374705 
0.913000 1.362685 
0.914000 1.350549 
0.915000 1.338298 
0.916000 1.325932 
0.917000 1.313451 
0.918000 1.300856 
0.919000 1.288147 
0.920000 1.275325 
0.921000 1.262391 
0.922000 1.249344 
0.923000 1.236185 
0.924000 1.222916 
0.925000 1.209536 
0.926000 1.196046 
0.927000 1.182446 
0.928000 1.168739 
0.929000 1.154923 
0.930000 1.141000 
0.931000 1.126971 
0.932000 1.112836 
0.933000 1.098596 
0.934000 1.084252 
0.935000 1.069805 
0.936000 1.055255 
0.937000 1.040604 
0.938000 1.025852 
0.939000 1.011000 
0.940000 0.996049 
0.941000 0.981000 
0.942000 0.965855 
0.943000 0.950614 
0.944000 0.935277 
0.945000 0.919847 
0.946000 0.904324 
0.947000 0.888710 
0.948000 0.873005 
0.949000 0.857210 
0.950000 0.841327 
0.951000 0.825357 
0.952000 0.809302 
0.953000 0.793162 
0.954000 0.776938 
0.955000 0.760632 
0.956000 0.744246 
0.957000 0.727780 
0.958000 0.711236 
0.959000 0.694615 
0.960000 0.677918 
0.961000 0.661148 
0.962000 0.644305 
0.963000 0.627391 
0.964000 0.610408 
0.965000 0.593356 
0.966000 0.576238 
0.967000 0.559054 
0.968000 0.541807 
0.969000 0.524497 
0.970000 0.507128 
0.971000 0.489699 
0.972000 0.472213 
0.973000 0.454672 
0.974000 0.437076 
0.975000 0.419429 
0.976000 0.401730 
0.977000 0.383983 
0.978000 0.366188 
0.979000 0.348348 
0.980000 0.330464 
0.981000 0.312538 
0.982000 0.294572 
0.983000 0.276568 
0.984000 0.258527 
0.985000 0.240451 
0.986000 0.222342 
0.987000 0.204201 
0.988000 0.186032 
0.989000 0.167834 
0.990000 0.149612 
0.991000 0.131365 
0.992000 0.113097 
0.993000 0.094808 
0.994000 0.076502 
0.995000 0.058179 
0.996000 0.039842 
0.997000 0.021492 
0.998000 0.003132 
0.999000 -0.015236 
1.000000 -0.033611 
1.001000 -0.051991 
1.002000 -0.070374 
1.003000 -0.088757 
1.004000 -0.107139 
1.005000 -0.125518 
1.006000 -0.143892 
1.007000 -0.162259 
1.008000 -0.180617 
1.009000 -0.198965 
1.010000 -0.217299 
1.011000 -0.235620 
1.012000 -0.253923 
1.013000 -0.272207 
1.014000 -0.290471 
1.015000 -0.308712 
1.016000 -0.326929 
1.017000 -0.345120 
1.018000 -0.363282 
1.019000 -0.381415 
1.020000 -0.399515 
1.021000 -0.417581 
1.022000 -0.435612 
1.023000 -0.453604 
1.024000 -0.471558 
1.025000 -0.489469 
1.026000 -0.507338 
1.027000 -0.525162 
1.028000 -0.542938 
1.029000 -0.560666 
1.030000 -0.578344 
1.031000 -0.595969 
1.032000 -0.613540 
1.033000 -0.631055 
1.034000 -0.648513 
1.035000 -0.665911 
1.036000 -0.683248 
1.037000 -0.700523 
1.038000 -0.717733 
1.039000 -0.734877 
1.040000 -0.751954 
1.041000 -0.768961 
1.042000 -0.785897 
1.043000 -0.802761 
1.044000 -0.819550 
1.045000 -0.836264 
1.046000 -0.852901 
1.047000 -0.869459 
1.048000 -0.885936 
1.049000 -0.902332 
1.050000 -0.918645 
1.051000 -0.934873 
1.052000 -0.951015 
1.053000 -0.967070 
1.054000 -0.983036 
1.055000 -0.998911 
1.056000 -1.014695 
1.057000 -1.030387 
1.058000 -1.045984 
1.059000 -1.061486 
1.060000 -1.076892 
1.061000 -1.092199 
1.062000 -1.107408 
1.063000 -1.122516 
1.064000 -1.137523 
1.065000 -1.152428 
1.066000 -1.167229 
1.067000 -1.181926 
1.068000 -1.196517 
1.069000 -1.211001 
1.070000 -1.225378 
1.071000 -1.239645 
1.072000 -1.253804 
1.073000 -1.267851 
1.074000 -1.281788 
1.075000 -1.295612 
1.076000 -1.309322 
1.077000 -1.322919 
1.078000 -1.336401 
1.079000 -1.349767 
1.080000 -1.363017 
1.081000 -1.376150 
1.082000 -1.389165 
1.083000 -1.402061 
1.084000 -1.414838 
1.085000 -1.427496 
1.086000 -1.440033 
1.087000 -1.452449 
1.088000 -1.464743 
1.089000 -1.476915 
1.090000 -1.488965 
1.091000 -1.500891 
1.092000 -1.512694 
1.093000 -1.524373 
1.094000 -1.535927 
1.095000 -1.547356 
1.096000 -1.558660 
1.097000 -1.569838 
1.098000 -1.580891 
1.099000 -1.591817 
1.100000 -1.602616 
1.101000 -1.613288 
1.102000 -1.623834 
1.103000 -1.634252 
1.104000 -1.644542 
1.105000 -1.654705 
1.106000 -1.664739 
1.107000 -1.674646 
1.108000 -1.684424 
1.109000 -1.694074 
1.110000 -1.703596 
1.111000 -1.712989 
1.112000 -1.722254 
1.113000 -1.731390 
1.114000 -1.740397 
1.115000 -1.749276 
1.116000 -1.758026 
1.117000 -1.766648 
1.118000 -1.775141 
1.119000 -1.783506 
1.120000 -1.791742 
1.121000 -1.799850 
1.122000 -1.807831 
1.123000 -1.815683 
1.124000 -1.823407 
1.125000 -1.831004 
1.126000 -1.838474 
1.127000 -1.845816 
1.128000 -1.853031 
1.129000 -1.860120 
1.130000 -1.867082 
1.131000 -1.873917 
1.132000 -1.880627 
1.133000 -1.887211 
1.134000 -1.893670 
1.135000 -1.900003 
1.136000 -1.906212 
1.137000 -1.912296 
1.138000 -1.918256 
1.139000 -1.924092 
1.140000 -1.929806 
1.141000 -1.935396 
1.142000 -1.940863 
1.143000 -1.946208 
1.144000 -1.951432 
1.145000 -1.956534 
1.146000 -1.961515 
1.147000 -1.966376 
1.148000 -1.971117 
1.149000 -1.975738 
1.150000 -1.980240 
1.151000 -1.984624 
1.152000 -1.988889 
1.153000 -1.993037 
1.154000 -1.997068 
1.155000 -2.000982 
1.156000 -2.004780 
1.157000 -2.008463 
1.158000 -2.012030 
1.159000 -2.015483 
1.160000 -2.018822 
1.161000 -2.022048 
1.162000 -2.025160 
1.163000 -2.028161 
1.164000 -2.031050 
1.165000 -2.033827 
1.166000 -2.036495 
1.167000 -2.039052 
1.168000 -2.041500 
1.169000 -2.043839 
1.170000 -2.046069 
1.171000 -2.048193 
1.172000 -2.050209 
1.173000 -2.052119 
1.174000 -2.053923 
1.175000 -2.055622 
1.176000 -2.057217 
1.177000 -2.058707 
1.178000 -2.060095 
1.179000 -2.061379 
1.180000 -2.062562 
1.181000 -2.063643 
1.182000 -2.064624 
1.183000 -2.065504 
1.184000 -2.066285 
1.185000 -2.066967 
1.186000 -2.067551 
1.187000 -2.068037 
1.188000 -2.068427 
1.189000 -2.068720 
1.190000 -2.068917 
1.191000 -2.069020 
1.192000 -2.069028 
1.193000 -2.068943 
1.194000 -2.068764 
1.195000 -2.068493 
1.196000 -2.068131 
1.197000 -2.067677 
1.198000 -2.067133 
1.199000 -2.066499 
1.200000 -2.065776 
1.201000 -2.064964 
1.202000 -2.064065 
1.203000 -2.063078 
1.204000 -2.062005 
1.205000 -2.060846 
1.206000 -2.059602 
1.207000 -2.058273 
1.208000 -2.056860 
1.209000 -2.055363 
1.210000 -2.053784 
1.211000 -2.052123 
1.212000 -2.050380 
1.213000 -2.048557 
1.214000 -2.046654 
1.215000 -2.044670 
1.216000 -2.042608 
1.217000 -2.040468 
1.218000 -2.038250 
1.219000 -2.035955 
1.220000 -2.033584 
1.221000 -2.031137 
1.222000 -2.028614 
1.223000 -2.026017 
1.224000 -2.023347 
1.225000 -2.020602 
1.226000 -2.017786 
1.227000 -2.014897 
1.228000 -2.011936 
1.229000 -2.008905 
1.230000 -2.005803 
1.231000 -2.002631 
1.232000 -1.999391 
1.233000 -1.996081 
1.234000 -1.992704 
1.235000 -1.989260 
1.236000 -1.985749 
1.237000 -1.982171 
1.238000 -1.978528 
1.239000 -1.974820 
1.240000 -1.971047 
1.241000 -1.967211 
1.242000 -1.963311 
1.243000 -1.959348 
1.244000 -1.955323 
1.245000 -1.951236 
1.246000 -1.947089 
1.247000 -1.942880 
1.248000 -1.938612 
1.249000 -1.934284 
1.250000 -1.929898 
1.251000 -1.925452 
1.252000 -1.920949 
1.253000 -1.916389 
1.254000 -1.911772 
1.255000 -1.907098 
1.256000 -1.902369 
1.257000 -1.897584 
1.258000 -1.892745 
1.259000 -1.887852 
1.260000 -1.882904 
1.261000 -1.877904 
1.262000 -1.872851 
1.263000 -1.867745 
1.264000 -1.862588 
1.265000 -1.857380 
1.266000 -1.852121 
1.267000 -1.846812 
1.268000 -1.841453 
1.269000 -1.836044 
1.270000 -1.830587 
1.271000 -1.825082 
1.272000 -1.819528 
1.273000 -1.813927 
1.274000 -1.808279 
1.275000 -1.802585 
1.276000 -1.796845 
1.277000 -1.791059 
1.278000 -1.785228 
1.279000 -1.779352 
1.280000 -1.773432 
1.281000 -1.767468 
1.282000 -1.761461 
1.283000 -1.755411 
1.284000 -1.749318 
1.285000 -1.743184 
1.286000 -1.737007 
1.287000 -1.730790 
1.288000 -1.724531 
1.289000 -1.718232 
1.290000 -1.711894 
1.291000 -1.705515 
1.292000 -1.699098 
1.293000 -1.692641 
1.294000 -1.686146 
1.295000 -1.679614 
1.296000 -1.673043 
1.297000 -1.666436 
1.298000 -1.659791 
1.299000 -1.653111 
1.300000 -1.646394 
1.301000 -1.639641 
1.302000 -1.632853 
1.303000 -1.626030 
1.304000 -1.619173 
1.305000 -1.612281 
1.306000 -1.605356 
1.307000 -1.598397 
1.308000 -1.591405 
1.309000 -1.584380 
1.310000 -1.577323 
1.311000 -1.570234 
1.312000 -1.563113 
1.313000 -1.555961 
1.314000 -1.548777 
1.315000 -1.541563 
1.316000 -1.534319 
1.317000 -1.527044 
1.318000 -1.519740 
1.319000 -1.512406 
1.320000 -1.505044 
1.321000 -1.497652 
1.322000 -1.490233 
1.323000 -1.482785 
1.324000 -1.475309 
1.325000 -1.467806 
1.326000 -1.460276 
1.327000 -1.452718 
1.328000 -1.445135 
1.329000 -1.437525 
1.330000 -1.429889 
1.331000 -1.422227 
1.332000 -1.414540 
1.333000 -1.406828 
1.334000 -1.399091 
1.335000 -1.391330 
1.336000 -1.383544 
1.337000 -1.375735 
1.338000 -1.367902 
1.339000 -1.360045 
1.340000 -1.352165 
1.341000 -1.344263 
1.342000 -1.336338 
1.343000 -1.328390 
1.344000 -1.320421 
1.345000 -1.312430 
1.346000 -1.304417 
1.347000 -1.296383 
1.348000 -1.288328 
1.349000 -1.280253 
1.350000 -1.272156 
1.351000 -1.264040 
1.352000 -1.255904 
1.353000 -1.247748 
1.354000 -1.239572 
1.355000 -1.231377 
1.356000 -1.223163 
1.357000 -1.214930 
1.358000 -1.206679 
1.359000 -1.198410 
1.360000 -1.190122 
1.361000 -1.181817 
1.362000 -1.173494 
1.363000 -1.165153 
1.364000 -1.156796 
1.365000 -1.148421 
1.366000 -1.140030 
1.367000 -1.131622 
1.368000 -1.123198 
1.369000 -1.114758 
1.370000 -1.106302 
1.371000 -1.097830 
1.372000 -1.089343 
1.373000 -1.080841 
1.374000 -1.072324 
1.375000 -1.063792 
1.376000 -1.055245 
1.377000 -1.046684 
1.378000 -1.038109 
1.379000 -1.029520 
1.380000 -1.020917 
1.381000 -1.012300 
1.382000 -1.003670 
1.383000 -0.995027 
1.384000 -0.986370 
1.385000 -0.977701 
1.386000 -0.969020 
1.387000 -0.960325 
1.388000 -0.951619 
1.389000 -0.942900 
1.390000 -0.934170 
1.391000 -0.925428 
1.392000 -0.916674 
1.393000 -0.907909 
1.394000 -0.899132 
1.395000 -0.890345 
1.396000 -0.881547 
1.397000 -0.872738 
1.398000 -0.863919 
1.399000 -0.855089 
1.400000 -0.846249 
1.401000 -0.837399 
1.402000 -0.828540 
1.403000 -0.819671 
1.404000 -0.810792 
1.405000 -0.801904 
1.406000 -0.793006 
1.407000 -0.784100 
1.408000 -0.775185 
1.409000 -0.766261 
1.410000 -0.757329 
1.411000 -0.748388 
1.412000 -0.739440 
1.413000 -0.730483 
1.414000 -0.721518 
1.415000 -0.712545 
1.416000 -0.703565 
1.417000 -0.694578 
1.418000 -0.685583 
1.419000 -0.676581 
1.420000 -0.667571 
1.421000 -0.658556 
1.422000 -0.649533 
1.423000 -0.640504 
1.424000 -0.631468 
1.425000 -0.622426 
1.426000 -0.613378 
1.427000 -0.604324 
1.428000 -0.595264 
1.429000 -0.586198 
1.430000 -0.577127 
1.431000 -0.568050 
1.432000 -0.558968 
1.433000 -0.549881 
1.434000 -0.540789 
1.435000 -0.531692 
1.436000 -0.522590 
1.437000 -0.513484 
1.438000 -0.504373 
1.439000 -0.495257 
1.440000 -0.486138 
1.441000 -0.477014 
1.442000 -0.467886 
1.443000 -0.458754 
1.444000 -0.449619 
1.445000 -0.440480 
1.446000 -0.431338 
1.447000 -0.422192 
1.448000 -0.413043 
1.449000 -0.403891 
1.450000 -0.394736 
1.451000 -0.385578 
1.452000 -0.376417 
1.453000 -0.367254 
1.454000 -0.358088 
1.455000 -0.348920 
1.456000 -0.339750 
1.457000 -0.330578 
1.458000 -0.321403 
1.459000 -0.312227 
1.460000 -0.303049 
1.461000 -0.293869 
1.462000 -0.284688 
1.463000 -0.275505 
1.464000 -0.266321 
1.465000 -0.257136 
1.466000 -0.247949 
1.467000 -0.238762 
1.468000 -0.229574 
1.469000 -0.220385 
1.470000 -0.211196 
1.471000 -0.202006 
1.472000 -0.192816 
1.473000 -0.183625 
1.474000 -0.174435 
1.475000 -0.165244 
1.476000 -0.156053 
1.477000 -0.146863 
1.478000 -0.137673 
1.479000 -0.128483 
1.480000 -0.119294 
1.481000 -0.110105 
1.482000 -0.100917 
1.483000 -0.091730 
1.484000 -0.082544 
1.485000 -0.073359 
1.486000 -0.064175 
1.487000 -0.054993 
1.488000 -0.045812 
1.489000 -0.036632 
1.490000 -0.027454 
1.491000 -0.018278 
1.492000 -0.009103 
1.493000 0.000069 
1.494000 0.009240 
1.495000 0.018408 
1.496000 0.027574 
1.497000 0.036738 
1.498000 0.045899 
1.499000 0.055058 
