# time Tc_folded Tref_folded model 
59318.211098 0.284312 0.140685    -1.688354
59318.248375 0.321589 0.153643    -1.851727
59318.285651 0.358866 0.166601    -2.013475
59318.322928 0.396142 0.179559    -2.170730
59318.360204 0.433419 0.192517    -2.319751
59318.397481 0.470695 0.205475    -2.455783
59318.434757 0.507972 0.218434    -2.572989
59318.472034 0.545248 0.231392    -2.664495
59318.509310 0.582525 0.244350    -2.722649
59318.546587 0.619801 0.257308    -2.739578
59318.583863 0.657078 0.270266    -2.708084
59318.621140 0.694354 0.283224    -2.622824
59318.658416 0.731631 0.296183    -2.481575
59318.695693 0.768907 0.309141    -2.286204
59318.732969 0.806184 0.322099    -2.042942
59318.770246 0.843460 0.335057    -1.761871
59318.807522 0.880737 0.348015    -1.455424
59318.844799 0.918013 0.360974    -1.136692
59318.882076 0.955290 0.373932    -0.817771
59318.919352 0.992567 0.386890    -0.508636
59318.956629 1.029843 0.399848    -0.216651
59318.993905 1.067120 0.412806     0.053401
59319.031182 1.104396 0.425764     0.298950
59319.068458 1.141673 0.438723     0.519134
59319.105735 1.178949 0.451681     0.714299
59319.143011 1.216226 0.464639     0.885570
59319.180288 1.253502 0.477597     1.034520
59319.217564 1.290779 0.490555     1.162930
59319.254841 1.328055 0.503513     1.272633
59319.292117 1.365332 0.516472     1.365411
59319.329394 1.402608 0.529430     1.442938
59319.366670 -1.436796 0.542388     1.506750
59319.403947 -1.399519 0.555346     1.558235
59319.441224 -1.362243 0.568304     1.598632
59319.478500 -1.324966 0.581263     1.629039
59319.515777 -1.287690 0.594221     1.650422
59319.553053 -1.250413 0.607179     1.663630
59319.590330 -1.213137 0.620137     1.669403
59319.627606 -1.175860 0.633095     1.668387
59319.664883 -1.138584 0.646053     1.661145
59319.702159 -1.101307 0.659012     1.648163
59319.739436 -1.064030 0.671970     1.629863
59319.776712 -1.026754 0.684928     1.606608
59319.813989 -0.989477 0.697886     1.578711
59319.851265 -0.952201 0.710844     1.546438
59319.888542 -0.914924 0.723802     1.510015
59319.925818 -0.877648 0.736761     1.469633
59319.963095 -0.840371 0.749719     1.425449
59320.000371 -0.803095 0.762677     1.377592
59320.037648 -0.765818 0.775635     1.326163
59320.074925 -0.728542 0.788593     1.271242
59320.112201 -0.691265 0.801551     1.212883
59320.149478 -0.653989 0.814510     1.151116
59320.186754 -0.616712 0.827468     1.085968
59320.224031 -0.579436 0.840426     1.017432
59320.261307 -0.542159 0.853384     0.945488
59320.298584 -0.504883 0.866342     0.870101
59320.335860 -0.467606 0.879301     0.791222
59320.373137 -0.430329 0.892259     0.708786
59320.410413 -0.393053 0.905217     0.622713
59320.447690 -0.355776 0.918175     0.532912
59320.484966 -0.318500 0.931133     0.439279
59320.522243 -0.281223 0.944091     0.341699
59320.559519 -0.243947 0.957050     0.240047
59320.596796 -0.206670 0.970008     0.134192
59320.634072 -0.169394 0.982966     0.023995
59320.671349 -0.132117 0.995924    -0.090682
59320.708626 -0.094841 0.008882    -0.209973
59320.745902 -0.057564 0.021840    -0.334006
59320.783179 -0.020288 0.034799    -0.462885
59320.820455 0.016989 0.047757    -0.596687
59320.857732 0.054265 0.060715    -0.735440
59320.895008 0.091542 0.073673    -0.879104
59320.932285 0.128818 0.086631    -1.027540
59320.969561 0.166095 0.099589    -1.180475
59321.006838 0.203372 0.112548    -1.337450
59321.044114 0.240648 0.125506    -1.497758
59321.081391 0.277925 0.138464    -1.660359
59321.118667 0.315201 0.151422    -1.823779
59321.155944 0.352478 0.164380    -1.985986
59321.193220 0.389754 0.177339    -2.144251
59321.230497 0.427031 0.190297    -2.294991
59321.267774 0.464307 0.203255    -2.433633
59321.305050 0.501584 0.216213    -2.554527
59321.342327 0.538860 0.229171    -2.650963
59321.379603 0.576137 0.242129    -2.715395
59321.416880 0.613413 0.255088    -2.739932
59321.454156 0.650690 0.268046    -2.717183
59321.491433 0.687966 0.281004    -2.641396
59321.528709 0.725243 0.293962    -2.509731
59321.565986 0.762520 0.306920    -2.323309
59321.603262 0.799796 0.319878    -2.087629
59321.640539 0.837073 0.332837    -1.812201
59321.677815 0.874349 0.345795    -1.509169
59321.715092 0.911626 0.358753    -1.191638
59321.752368 0.948902 0.371711    -0.871972
59321.789645 0.986179 0.384669    -0.560563
59321.826921 1.023455 0.397627    -0.265232
59321.864198 1.060732 0.410586     0.008817
59321.901475 1.098008 0.423544     0.258667
59321.938751 1.135285 0.436502     0.483200
59321.976028 1.172561 0.449460     0.682590
59322.013304 1.209838 0.462418     0.857853
59322.050581 1.247114 0.475377     1.010504
59322.087857 1.284391 0.488335     1.142304
59322.125134 1.321667 0.501293     1.255084
59322.162410 1.358944 0.514251     1.350639
59322.199687 1.396221 0.527209     1.430667
59322.236963 1.433497 0.540167     1.496726
59322.274240 -1.405907 0.553126     1.550232
59322.311516 -1.368631 0.566084     1.592448
59322.348793 -1.331354 0.579042     1.624494
59322.386069 -1.294078 0.592000     1.647360
59322.423346 -1.256801 0.604958     1.661914
59322.460622 -1.219524 0.617916     1.668912
59322.497899 -1.182248 0.630875     1.669018
59322.535176 -1.144971 0.643833     1.662806
59322.572452 -1.107695 0.656791     1.650776
59322.609729 -1.070418 0.669749     1.633360
59322.647005 -1.033142 0.682707     1.610931
59322.684282 -0.995865 0.695666     1.583809
59322.721558 -0.958589 0.708624     1.552269
59322.758835 -0.921312 0.721582     1.516543
59322.796111 -0.884036 0.734540     1.476827
59322.833388 -0.846759 0.747498     1.433285
59322.870664 -0.809483 0.760456     1.386049
59322.907941 -0.772206 0.773415     1.335226
59322.945217 -0.734930 0.786373     1.280899
59322.982494 -0.697653 0.799331     1.223126
59323.019770 -0.660377 0.812289     1.161940
59323.057047 -0.623100 0.825247     1.097373
59323.094324 -0.585823 0.838205     1.029418
59323.131600 -0.548547 0.851164     0.958060
59323.168877 -0.511270 0.864122     0.883266
59323.206153 -0.473994 0.877080     0.804990
59323.243430 -0.436717 0.890038     0.723168
59323.280706 -0.399441 0.902996     0.637724
59323.317983 -0.362164 0.915954     0.548569
59323.355259 -0.324888 0.928913     0.455601
59323.392536 -0.287611 0.941871     0.358706
59323.429812 -0.250335 0.954829     0.257761
59323.467089 -0.213058 0.967787     0.152636
59323.504365 -0.175782 0.980745     0.043193
59323.541642 -0.138505 0.993704    -0.070706
59323.578918 -0.101229 0.006662    -0.189198
59323.616195 -0.063952 0.019620    -0.312410
59323.653471 -0.026675 0.032578    -0.440452
59323.690748 0.010601 0.045536    -0.573407
59323.728025 0.047878 0.058494    -0.711312
59323.765301 0.085154 0.071453    -0.854141
59323.802578 0.122431 0.084411    -1.001774
59323.839854 0.159707 0.097369    -1.153965
59323.877131 0.196984 0.110327    -1.310290
59323.914407 0.234260 0.123285    -1.470091
59323.951684 0.271537 0.136243    -1.632390
59323.988960 0.308813 0.149202    -1.795796
59324.026237 0.346090 0.162160    -1.958384
59324.063513 0.383366 0.175118    -2.117553
59324.100790 0.420643 0.188076    -2.269878
59324.138066 0.457919 0.201034    -2.410964
59324.175343 0.495196 0.213992    -2.535348
59324.212619 0.532472 0.226951    -2.636493
59324.249896 0.569749 0.239909    -2.706968
59324.287172 0.607026 0.252867    -2.738894
59324.324449 0.644302 0.265825    -2.724717
59324.361726 0.681579 0.278783    -2.658317
59324.399002 0.718855 0.291742    -2.536268
59324.436279 0.756132 0.304700    -2.358959
59324.473555 0.793408 0.317658    -2.131142
59324.510832 0.830685 0.330616    -1.861719
59324.548108 0.867961 0.343574    -1.562489
59324.585385 0.905238 0.356532    -1.246526
59324.622661 0.942514 0.369491    -0.926422
59324.659938 0.979791 0.382449    -0.612969
59324.697214 1.017067 0.395407    -0.314443
59324.734491 1.054344 0.408365    -0.036482
59324.771767 1.091620 0.421323     0.217637
59324.809044 1.128897 0.434281     0.446526
59324.846320 1.166173 0.447240     0.650170
59324.883597 1.203450 0.460198     0.829471
59324.920874 1.240727 0.473156     0.985876
59324.958150 1.278003 0.486114     1.121119
59324.995427 1.315280 0.499072     1.237029
59325.032703 1.352556 0.512030     1.335413
59325.069980 1.389833 0.524989     1.417986
59325.107256 1.427109 0.537947     1.486335
59325.144533 -1.412295 0.550905     1.541898
59325.181809 -1.375018 0.563863     1.585965
59325.219086 -1.337742 0.576821     1.619680
59325.256362 -1.300465 0.589780     1.644055
59325.293639 -1.263189 0.602738     1.659976
59325.330915 -1.225912 0.615696     1.668220
59325.368192 -1.188636 0.628654     1.669463
59325.405468 -1.151359 0.641612     1.664297
59325.442745 -1.114083 0.654570     1.653231
59325.480021 -1.076806 0.667529     1.636710
59325.517298 -1.039530 0.680487     1.615116
59325.554575 -1.002253 0.693445     1.588778
59325.591851 -0.964977 0.706403     1.557977
59325.629128 -0.927700 0.719361     1.522953
59325.666404 -0.890424 0.732319     1.483909
59325.703681 -0.853147 0.745278     1.441012
59325.740957 -0.815870 0.758236     1.394401
59325.778234 -0.778594 0.771194     1.344186
59325.815510 -0.741317 0.784152     1.290454
59325.852787 -0.704041 0.797110     1.233269
59325.890063 -0.666764 0.810069     1.172671
59325.927340 -0.629488 0.823027     1.108678
59325.964616 -0.592211 0.835985     1.041304
59326.001893 -0.554935 0.848943     0.970531
59326.039169 -0.517658 0.861901     0.896329
59326.076446 -0.480382 0.874859     0.818654
59326.113723 -0.443105 0.887818     0.737444
59326.150999 -0.405829 0.900776     0.652627
59326.188276 -0.368552 0.913734     0.564115
59326.225552 -0.331276 0.926692     0.471808
59326.262829 -0.293999 0.939650     0.375594
59326.300105 -0.256723 0.952608     0.275353
59326.337382 -0.219446 0.965567     0.170953
59326.374658 -0.182169 0.978525     0.062260
59326.411935 -0.144893 0.991483    -0.050866
59326.449211 -0.107616 0.004441    -0.168561
59326.486488 -0.070340 0.017399    -0.290955
59326.523764 -0.033063 0.030357    -0.418163
59326.561041 0.004213 0.043316    -0.550272
59326.598317 0.041490 0.056274    -0.687329
59326.635594 0.078766 0.069232    -0.829319
59326.672870 0.116043 0.082190    -0.976143
59326.710147 0.153319 0.095148    -1.127577
59326.747424 0.190596 0.108107    -1.283233
59326.784700 0.227872 0.121065    -1.442498
59326.821977 0.265149 0.134023    -1.604454
59326.859253 0.302425 0.146981    -1.767791
59326.896530 0.339702 0.159939    -1.930683
59326.933806 0.376978 0.172897    -2.090657
59326.971083 0.414255 0.185856    -2.244438
59327.008359 0.451532 0.198814    -2.387808
59327.045636 0.488808 0.211772    -2.515489
59327.082912 0.526085 0.224730    -2.621123
59327.120189 0.563361 0.237688    -2.697409
59327.157465 0.600638 0.250646    -2.736498
59327.194742 0.637914 0.263605    -2.730712
59327.232018 0.675191 0.276563    -2.673595
59327.269295 0.712467 0.289521    -2.561171
59327.306571 0.749744 0.302479    -2.393116
59327.343848 0.787020 0.315437    -2.173425
59327.381125 0.824297 0.328395    -1.910358
59327.418401 0.861573 0.341354    -1.615320
59327.455678 0.898850 0.354312    -1.301296
59327.492954 0.936126 0.367270    -0.981074
59327.530231 0.973403 0.380228    -0.665819
59327.567507 1.010680 0.393186    -0.364263
59327.604784 1.047956 0.406145    -0.082486
59327.642060 1.085233 0.419103     0.175863
59327.679337 1.122509 0.432061     0.409109
59327.716613 1.159786 0.445019     0.617035
59327.753890 1.197062 0.457977     0.800415
59327.791166 1.234339 0.470935     0.960627
59327.828443 1.271615 0.483894     1.099367
59327.865719 1.308892 0.496852     1.218460
59327.902996 1.346168 0.509810     1.319722
59327.940273 1.383445 0.522768     1.404888
59327.977549 1.420721 0.535726     1.475568
59328.014826 -1.418683 0.548684     1.533226
59328.052102 -1.381406 0.561643     1.579178
59328.089379 -1.344130 0.574601     1.614592
59328.126655 -1.306853 0.587559     1.640501
59328.163932 -1.269577 0.600517     1.657813
59328.201208 -1.232300 0.613475     1.667321
59328.238485 -1.195024 0.626434     1.669721
59328.275761 -1.157747 0.639392     1.665614
59328.313038 -1.120471 0.652350     1.655526
59328.350314 -1.083194 0.665308     1.639912
59328.387591 -1.045918 0.678266     1.619162
59328.424867 -1.008641 0.691224     1.593615
59328.462144 -0.971364 0.704183     1.563561
59328.499420 -0.934088 0.717141     1.529246
59328.536697 -0.896811 0.730099     1.490877
59328.573974 -0.859535 0.743057     1.448630
59328.611250 -0.822258 0.756015     1.402647
59328.648527 -0.784982 0.768973     1.353043
59328.685803 -0.747705 0.781932     1.299909
59328.723080 -0.710429 0.794890     1.243311
59328.760356 -0.673152 0.807848     1.183296
59328.797633 -0.635876 0.820806     1.119883
59328.834909 -0.598599 0.833764     1.053090
59328.872186 -0.561323 0.846722     0.982901
59328.909462 -0.524046 0.859681     0.909290
59328.946739 -0.486770 0.872639     0.832213
59328.984015 -0.449493 0.885597     0.751615
59329.021292 -0.412217 0.898555     0.667422
59329.058568 -0.374940 0.911513     0.579549
59329.095845 -0.337663 0.924472     0.487900
59329.133121 -0.300387 0.937430     0.392364
59329.170398 -0.263110 0.950388     0.292822
59329.207675 -0.225834 0.963346     0.189144
59329.244951 -0.188557 0.976304     0.081197
59329.282228 -0.151281 0.989262    -0.031159
59329.319504 -0.114004 0.002221    -0.148062
59329.356781 -0.076728 0.015179    -0.269643
59329.394057 -0.039451 0.028137    -0.396018
59329.431334 -0.002175 0.041095    -0.527283
59329.468610 0.035102 0.054053    -0.663491
59329.505887 0.072378 0.067011    -0.804640
59329.543163 0.109655 0.079970    -0.950647
59329.580440 0.146931 0.092928    -1.101313
59329.617716 0.184208 0.105886    -1.256283
59329.654993 0.221485 0.118844    -1.414984
59329.692269 0.258761 0.131802    -1.576561
59329.729546 0.296038 0.144760    -1.739775
59329.766823 0.333314 0.157719    -1.902899
59329.804099 0.370591 0.170677    -2.063581
59329.841376 0.407867 0.183635    -2.218695
59329.878652 0.445144 0.196593    -2.364193
59329.915929 0.482420 0.209551    -2.494985
59329.953205 0.519697 0.222510    -2.604892
59329.990482 0.556973 0.235468    -2.686757
59330.027758 0.594250 0.248426    -2.732782
59330.065035 0.631526 0.261384    -2.735193
59330.102311 0.668803 0.274342    -2.687240
59330.139588 0.706079 0.287300    -2.584430
59330.176864 0.743356 0.300259    -2.425747
59330.214141 0.780632 0.313217    -2.214426
59330.251417 0.817909 0.326175    -1.958055
59330.288694 0.855186 0.339133    -1.667594
59330.325970 0.892462 0.352091    -1.355889
59330.363247 0.929739 0.365049    -1.035877
59330.400524 0.967015 0.378008    -0.719078
59330.437800 1.004292 0.390966    -0.414671
59330.475077 1.041568 0.403924    -0.129182
59330.512353 1.078845 0.416882     0.133349
59330.549630 1.116121 0.429840     0.370945
59330.586906 1.153398 0.442798     0.583178
59330.624183 1.190674 0.455757     0.770679
59330.661459 1.227951 0.468715     0.934746
59330.698736 1.265227 0.481673     1.077038
59330.736012 1.302504 0.494631     1.199367
59330.773289 1.339780 0.507589     1.303558
59330.810565 1.377057 0.520548     1.391365
59330.847842 1.414333 0.533506     1.464419
59330.885118 -1.425071 0.546464     1.524212
59330.922395 -1.387794 0.559422     1.572082
59330.959671 -1.350518 0.572380     1.609225
59330.996948 -1.313241 0.585338     1.636695
59331.034225 -1.275965 0.598297     1.655421
59331.071501 -1.238688 0.611255     1.666215
59331.108778 -1.201412 0.624213     1.669787
59331.146054 -1.164135 0.637171     1.666756
59331.183331 -1.126858 0.650129     1.657659
59331.220607 -1.089582 0.663087     1.642962
59331.257884 -1.052305 0.676046     1.623067
59331.295160 -1.015029 0.689004     1.598321
59331.332437 -0.977752 0.701962     1.569020
59331.369713 -0.940476 0.714920     1.535419
59331.406990 -0.903199 0.727878     1.497732
59331.444266 -0.865923 0.740837     1.456138
59331.481543 -0.828646 0.753795     1.410786
59331.518819 -0.791370 0.766753     1.361796
59331.556096 -0.754093 0.779711     1.309262
59331.593373 -0.716817 0.792669     1.253254
59331.630649 -0.679540 0.805627     1.193822
59331.667926 -0.642264 0.818586     1.130989
59331.705202 -0.604987 0.831544     1.064776
59331.742479 -0.567710 0.844502     0.995171
59331.779755 -0.530434 0.857460     0.922149
59331.817032 -0.493157 0.870418     0.845670
59331.854308 -0.455881 0.883376     0.765679
59331.891585 -0.418604 0.896335     0.682108
59331.928861 -0.381328 0.909293     0.594873
59331.966138 -0.344051 0.922251     0.503878
59332.003414 -0.306775 0.935209     0.409017
59332.040691 -0.269498 0.948167     0.310170
59332.077967 -0.232222 0.961125     0.207210
59332.115244 -0.194945 0.974084     0.100004
59332.152520 -0.157669 0.987042    -0.011586
59332.189797 -0.120392 0.000000    -0.127700
59332.227074 -0.083116 0.012958    -0.248471
59332.264350 -0.045839 0.025916    -0.374017
59332.301627 -0.008563 0.038875    -0.504439
59332.338903 0.028714 0.051833    -0.639798
59332.376180 0.065991 0.064791    -0.780104
59332.413456 0.103267 0.077749    -0.925289
59332.450733 0.140544 0.090707    -1.075177
59332.488009 0.177820 0.103665    -1.229443
59332.525286 0.215097 0.116624    -1.387557
59332.562562 0.252373 0.129582    -1.548716
59332.599839 0.289650 0.142540    -1.711757
59332.637115 0.326926 0.155498    -1.875044
59332.674392 0.364203 0.168456    -2.036343
59332.711668 0.401479 0.181414    -2.192671
59332.748945 0.438756 0.194373    -2.340149
59332.786221 0.476032 0.207331    -2.473870
59332.823498 0.513309 0.220289    -2.587840
59332.860775 0.550585 0.233247    -2.675052
59332.898051 0.587862 0.246205    -2.727782
59332.935328 0.625138 0.259163    -2.738190
59332.972604 0.662415 0.272122    -2.699265
59333.009881 0.699692 0.285080    -2.606038
59333.047157 0.736968 0.298038    -2.456822
59333.084434 0.774245 0.310996    -2.254115
59333.121710 0.811521 0.323954    -2.004746
59333.158987 0.848798 0.336913    -1.719243
59333.196263 0.886074 0.349871    -1.410242
59333.233540 0.923351 0.362829    -1.090781
59333.270816 0.960627 0.375787    -0.772707
59333.308093 0.997904 0.388745    -0.465639
59333.345369 1.035180 0.401703    -0.176558
59333.382646 1.072457 0.414662     0.090098
59333.419923 1.109733 0.427620     0.332035
59333.457199 1.147010 0.440578     0.548593
59333.494476 1.184286 0.453536     0.740254
59333.531752 1.221563 0.466494     0.908226
59333.569029 1.258840 0.479452     1.054123
59333.606305 1.296116 0.492411     1.179742
59333.643582 1.333393 0.505369     1.286914
59333.680858 1.370669 0.518327     1.377409
59333.718135 1.407946 0.531285     1.452881
59333.755411 -1.431459 0.544243     1.514847
59333.792688 -1.394182 0.557202     1.564672
59333.829964 -1.356905 0.570160     1.603575
59333.867241 -1.319629 0.583118     1.632633
59333.904517 -1.282352 0.596076     1.652796
59333.941794 -1.245076 0.609034     1.664896
59333.979070 -1.207799 0.621992     1.669660
59334.016347 -1.170523 0.634951     1.667720
59334.053624 -1.133246 0.647909     1.659628
59334.090900 -1.095970 0.660867     1.645860
59334.128177 -1.058693 0.673825     1.626830
59334.165453 -1.021417 0.686783     1.602892
59334.202730 -0.984140 0.699741     1.574353
59334.240006 -0.946864 0.712700     1.541473
59334.277283 -0.909587 0.725658     1.504472
59334.314559 -0.872311 0.738616     1.463537
59334.351836 -0.835034 0.751574     1.418819
59334.389112 -0.797758 0.764532     1.370445
59334.426389 -0.760481 0.777490     1.318512
59334.463665 -0.723204 0.790449     1.263096
59334.500942 -0.685928 0.803407     1.204248
59334.538218 -0.648651 0.816365     1.141996
59334.575495 -0.611375 0.829323     1.076363
59334.612771 -0.574098 0.842281     1.007341
59334.650048 -0.536822 0.855240     0.934906
59334.687325 -0.499545 0.868198     0.859023
59334.724601 -0.462269 0.881156     0.779639
59334.761878 -0.424992 0.894114     0.696687
59334.799154 -0.387716 0.907072     0.610086
59334.836431 -0.350439 0.920030     0.519743
59334.873707 -0.313163 0.932989     0.425552
59334.910984 -0.275886 0.945947     0.327397
59334.948260 -0.238610 0.958905     0.225152
59334.985537 -0.201333 0.971863     0.118683
59335.022813 -0.164057 0.984821     0.007854
59335.060090 -0.126780 0.997779    -0.107476
59335.097366 -0.089503 0.010738    -0.227439
59335.134643 -0.052227 0.023696    -0.352159
59335.171919 -0.014950 0.036654    -0.481740
59335.209196 0.022326 0.049612    -0.616250
59335.246473 0.059603 0.062570    -0.755711
59335.283749 0.096879 0.075528    -0.900069
59335.321026 0.134156 0.088487    -1.049169
59335.358302 0.171432 0.101445    -1.202716
59335.395579 0.208709 0.114403    -1.360219
59335.432855 0.245985 0.127361    -1.520928
59335.470132 0.283262 0.140319    -1.683748
59335.507408 0.320538 0.153278    -1.847133
59335.544685 0.357815 0.166236    -2.008962
59335.581961 0.395091 0.179194    -2.166391
59335.619238 0.432368 0.192152    -2.315704
59335.656514 0.469645 0.205110    -2.452177
59335.693791 0.506921 0.218068    -2.570003
59335.731067 0.544198 0.231027    -2.662336
59335.768344 0.581474 0.243985    -2.721538
59335.805620 0.618751 0.256943    -2.739734
59335.842897 0.656027 0.269901    -2.709689
59335.880174 0.693304 0.282859    -2.625992
59335.917450 0.730580 0.295817    -2.486316
59335.954727 0.767857 0.308776    -2.292405
59335.992003 0.805133 0.321734    -2.050370
59336.029280 0.842410 0.334692    -1.770202
59336.066556 0.879686 0.347650    -1.464290
59336.103833 0.916963 0.360608    -1.145731
59336.141109 0.954239 0.373566    -0.826666
59336.178386 0.991516 0.386525    -0.517143
59336.215662 1.028792 0.399483    -0.224597
59336.252939 1.066069 0.412441     0.046118
59336.290215 1.103346 0.425399     0.292376
59336.327492 1.140622 0.438357     0.513275
59336.364768 1.177899 0.451316     0.709132
59336.402045 1.215175 0.464274     0.881057
59336.439321 1.252452 0.477232     1.030612
59336.476598 1.289728 0.490190     1.159576
59336.513875 1.327005 0.503148     1.269781
59336.551151 1.364281 0.516106     1.363012
59336.588428 1.401558 0.529065     1.440947
59336.625704 -1.437846 0.542023     1.505126
59336.662981 -1.400570 0.554981     1.556941
59336.700257 -1.363293 0.567939     1.597635
59336.737534 -1.326017 0.580897     1.628310
59336.774810 -1.288740 0.593855     1.649935
59336.812087 -1.251464 0.606814     1.663363
59336.849363 -1.214187 0.619772     1.669336
59336.886640 -1.176911 0.632730     1.668504
59336.923916 -1.139634 0.645688     1.661430
59336.961193 -1.102358 0.658646     1.648604
59336.998469 -1.065081 0.671605     1.630448
59337.035746 -1.027805 0.684563     1.607329
59337.073023 -0.990528 0.697521     1.579559
59337.110299 -0.953252 0.710479     1.547406
59337.147576 -0.915975 0.723437     1.511097
59337.184852 -0.878698 0.736395     1.470824
59337.222129 -0.841422 0.749354     1.426745
59337.259405 -0.804145 0.762312     1.378990
59337.296682 -0.766869 0.775270     1.327661
59337.333958 -0.729592 0.788228     1.272837
59337.371235 -0.692316 0.801186     1.214574
59337.408511 -0.655039 0.814144     1.152903
59337.445788 -0.617763 0.827103     1.087851
59337.483064 -0.580486 0.840061     1.019410
59337.520341 -0.543210 0.853019     0.947562
59337.557617 -0.505933 0.865977     0.872274
59337.594894 -0.468657 0.878935     0.793494
59337.632170 -0.431380 0.891893     0.711158
59337.669447 -0.394104 0.904852     0.625189
59337.706724 -0.356827 0.917810     0.535495
59337.744000 -0.319550 0.930768     0.441971
59337.781277 -0.282274 0.943726     0.344504
59337.818553 -0.244997 0.956684     0.242969
59337.855830 -0.207721 0.969643     0.137234
59337.893106 -0.170444 0.982601     0.027161
59337.930383 -0.133168 0.995559    -0.087387
59337.967659 -0.095891 0.008517    -0.206547
59338.004936 -0.058615 0.021475    -0.330444
59338.042212 -0.021338 0.034433    -0.459186
59338.079489 0.015938 0.047392    -0.592848
59338.116765 0.053215 0.060350    -0.731462
59338.154042 0.090491 0.073308    -0.874988
59338.191318 0.127768 0.086266    -1.023293
59338.228595 0.165044 0.099224    -1.176106
59338.265871 0.202321 0.112182    -1.332976
59338.303148 0.239597 0.125141    -1.493203
59338.340425 0.276874 0.138099    -1.655757
59338.377701 0.314151 0.151057    -1.819178
59338.414978 0.351427 0.164015    -1.981454
59338.452254 0.388704 0.176973    -2.139874
59338.489531 0.425980 0.189931    -2.290884
59338.526807 0.463257 0.202890    -2.429939
59338.564084 0.500533 0.215848    -2.551420
59338.601360 0.537810 0.228806    -2.648647
59338.638637 0.575086 0.241764    -2.714088
59338.675913 0.612363 0.254722    -2.739856
59338.713190 0.649639 0.267681    -2.718529
59338.750466 0.686916 0.280639    -2.644292
59338.787743 0.724192 0.293597    -2.514207
59338.825019 0.761469 0.306555    -2.329273
59338.862296 0.798745 0.319513    -2.094868
59338.899573 0.836022 0.332471    -1.820403
59338.936849 0.873298 0.345430    -1.517969
59338.974126 0.910575 0.358388    -1.200671
59339.011402 0.947852 0.371346    -0.880912
59339.048679 0.985128 0.384304    -0.569151
59339.085955 1.022405 0.397262    -0.273283
59339.123232 1.059681 0.410220     0.001415
59339.160508 1.096958 0.423179     0.251970
59339.197785 1.134234 0.436137     0.477219
59339.235061 1.171511 0.449095     0.677307
59339.272338 1.208787 0.462053     0.853231
59339.309614 1.246064 0.475011     1.006496
59339.346891 1.283340 0.487970     1.138858
59339.384167 1.320617 0.500928     1.252149
59339.421444 1.357893 0.513886     1.348167
59339.458720 1.395170 0.526844     1.428609
59339.495997 1.432446 0.539802     1.495043
59339.533274 -1.406958 0.552760     1.548884
59339.570550 -1.369681 0.565719     1.591402
59339.607827 -1.332405 0.578677     1.623721
59339.645103 -1.295128 0.591635     1.646834
59339.682380 -1.257852 0.604593     1.661610
59339.719656 -1.220575 0.617551     1.668812
59339.756933 -1.183299 0.630509     1.669104
59339.794209 -1.146022 0.643468     1.663063
59339.831486 -1.108745 0.656426     1.651191
59339.868762 -1.071469 0.669384     1.633921
59339.906039 -1.034192 0.682342     1.611629
59339.943315 -0.996916 0.695300     1.584635
59339.980592 -0.959639 0.708258     1.553216
59340.017868 -0.922363 0.721217     1.517605
59340.055145 -0.885086 0.734175     1.478000
59340.092422 -0.847810 0.747133     1.434563
59340.129698 -0.810533 0.760091     1.387430
59340.166975 -0.773257 0.773049     1.336707
59340.204251 -0.735980 0.786008     1.282477
59340.241528 -0.698704 0.798966     1.224801
59340.278804 -0.661427 0.811924     1.163717
59340.316081 -0.624151 0.824882     1.099239
59340.353357 -0.586874 0.837840     1.031379
59340.390634 -0.549598 0.850798     0.960118
59340.427910 -0.512321 0.863757     0.885422
59340.465187 -0.475044 0.876715     0.807244
59340.502463 -0.437768 0.889673     0.725523
59340.539740 -0.400491 0.902631     0.640183
59340.577016 -0.363215 0.915589     0.551134
59340.614293 -0.325938 0.928547     0.458274
59340.651569 -0.288662 0.941506     0.361492
59340.688846 -0.251385 0.954464     0.260663
59340.726123 -0.214109 0.967422     0.155657
59340.763399 -0.176832 0.980380     0.046338
59340.800676 -0.139556 0.993338    -0.067434
59340.837952 -0.102279 0.006296    -0.185794
59340.875229 -0.065003 0.019255    -0.308871
59340.912505 -0.027726 0.032213    -0.436776
59340.949782 0.009550 0.045171    -0.569592
59340.987058 0.046827 0.058129    -0.707358
59341.024335 0.084103 0.071087    -0.850049
59341.061611 0.121380 0.084046    -0.997549
59341.098888 0.158657 0.097004    -1.149616
59341.136164 0.195933 0.109962    -1.305833
59341.173441 0.233210 0.122920    -1.465547
59341.210717 0.270486 0.135878    -1.627793
59341.247994 0.307763 0.148836    -1.791191
59341.285270 0.345039 0.161795    -1.953834
59341.322547 0.382316 0.174753    -2.113143
59341.359824 0.419592 0.187711    -2.265716
59341.397100 0.456869 0.200669    -2.407188
59341.434377 0.494145 0.213627    -2.532127
59341.471653 0.531422 0.226585    -2.634025
59341.508930 0.568698 0.239544    -2.705473
59341.546206 0.605975 0.252502    -2.738592
59341.583483 0.643251 0.265460    -2.725808
59341.620759 0.680528 0.278418    -2.660942
59341.658036 0.717805 0.291376    -2.540476
59341.695312 0.755081 0.304334    -2.364680
59341.732589 0.792358 0.317293    -2.138182
59341.769865 0.829634 0.330251    -1.869781
59341.807142 0.866911 0.343209    -1.571214
59341.844418 0.904187 0.356167    -1.255543
59341.881695 0.941464 0.369125    -0.935398
59341.918972 0.978740 0.382084    -0.621631
59341.956248 1.016017 0.395042    -0.322595
59341.993525 1.053293 0.408000    -0.044000
59342.030801 1.090570 0.420958     0.210817
59342.068078 1.127846 0.433916     0.440423
59342.105354 1.165123 0.446874     0.644770
59342.142631 1.202399 0.459833     0.824738
59342.179907 1.239676 0.472791     0.981766
59342.217184 1.276952 0.485749     1.117581
59342.254460 1.314229 0.498707     1.234010
59342.291737 1.351506 0.511665     1.332864
59342.329013 1.388782 0.524623     1.415861
59342.366290 1.426059 0.537582     1.484590
59342.403566 -1.413346 0.550540     1.540495
59342.440843 -1.376069 0.563498     1.584869
59342.478119 -1.338793 0.576456     1.618862
59342.515396 -1.301516 0.589414     1.643487
59342.552673 -1.264239 0.602373     1.659636
59342.589949 -1.226963 0.615331     1.668086
59342.627226 -1.189686 0.628289     1.669519
59342.664502 -1.152410 0.641247     1.664525
59342.701779 -1.115133 0.654205     1.653620
59342.739055 -1.077857 0.667163     1.637247
59342.776332 -1.040580 0.680122     1.615791
59342.813608 -1.003304 0.693080     1.589582
59342.850885 -0.966027 0.706038     1.558904
59342.888161 -0.928751 0.718996     1.523996
59342.925438 -0.891474 0.731954     1.485063
59342.962714 -0.854198 0.744912     1.442272
59342.999991 -0.816921 0.757871     1.395764
59343.037267 -0.779645 0.770829     1.345650
59343.074544 -0.742368 0.783787     1.292016
59343.111820 -0.705092 0.796745     1.234927
59343.149097 -0.667815 0.809703     1.174425
59343.186374 -0.630538 0.822661     1.110527
59343.223650 -0.593262 0.835620     1.043249
59343.260927 -0.555985 0.848578     0.972572
59343.298203 -0.518709 0.861536     0.898468
59343.335480 -0.481432 0.874494     0.820891
59343.372756 -0.444156 0.887452     0.739782
59343.410033 -0.406879 0.900411     0.655068
59343.447309 -0.369603 0.913369     0.566661
59343.484586 -0.332326 0.926327     0.474462
59343.521862 -0.295050 0.939285     0.378360
59343.559139 -0.257773 0.952243     0.278234
59343.596415 -0.220497 0.965201     0.173954
59343.633692 -0.183220 0.978160     0.065383
59343.670968 -0.145944 0.991118    -0.047615
59343.708245 -0.108667 0.004076    -0.165180
59343.745522 -0.071390 0.017034    -0.287440
59343.782798 -0.034114 0.029992    -0.414511
59343.820075 0.003163 0.042950    -0.546481
59343.857351 0.040439 0.055909    -0.683398
59343.894628 0.077716 0.068867    -0.825250
59343.931904 0.114992 0.081825    -0.971940
59343.969181 0.152269 0.094783    -1.123249
59344.006457 0.189545 0.107741    -1.278793
59344.043734 0.226822 0.120699    -1.437967
59344.081010 0.264098 0.133658    -1.599864
59344.118287 0.301375 0.146616    -1.763184
59344.155563 0.338651 0.159574    -1.926119
59344.192840 0.375928 0.172532    -2.086215
59344.230116 0.413204 0.185490    -2.240224
59344.267393 0.450481 0.198449    -2.383954
59344.304669 0.487757 0.211407    -2.512160
59344.341946 0.525034 0.224365    -2.618511
59344.379223 0.562311 0.237323    -2.695731
59344.416499 0.599587 0.250281    -2.735976
59344.453776 0.636864 0.263239    -2.731552
59344.491052 0.674140 0.276198    -2.675951
59344.528329 0.711417 0.289156    -2.565110
59344.565605 0.748693 0.302114    -2.398588
59344.602882 0.785970 0.315072    -2.180258
59344.640158 0.823246 0.328030    -1.918269
59344.677435 0.860523 0.340988    -1.623957
59344.714711 0.897799 0.353947    -1.310289
59344.751988 0.935076 0.366905    -0.990078
59344.789264 0.972352 0.379863    -0.674551
59344.826541 1.009629 0.392821    -0.372514
59344.863817 1.046905 0.405779    -0.090119
59344.901094 1.084182 0.418737     0.168921
59344.938370 1.121458 0.431696     0.402883
59344.975647 1.158735 0.444654     0.611517
59345.012924 1.196012 0.457612     0.795572
59345.050200 1.233288 0.470570     0.956414
59345.087477 1.270565 0.483528     1.095735
59345.124753 1.307841 0.496487     1.215356
59345.162030 1.345118 0.509445     1.317096
59345.199306 1.382394 0.522403     1.402693
59345.236583 1.419671 0.535361     1.473761
59345.273859 -1.419733 0.548319     1.531768
59345.311136 -1.382457 0.561277     1.578032
59345.348412 -1.345180 0.574236     1.613729
59345.385689 -1.307904 0.587194     1.639893
59345.422965 -1.270627 0.600152     1.657435
59345.460242 -1.233351 0.613110     1.667154
59345.497518 -1.196074 0.626068     1.669745
59345.534795 -1.158798 0.639026     1.665814
59345.572072 -1.121521 0.651985     1.655888
59345.609348 -1.084245 0.664943     1.640424
59345.646625 -1.046968 0.677901     1.619814
59345.683901 -1.009692 0.690859     1.594398
59345.721178 -0.972415 0.703817     1.564468
59345.758454 -0.935139 0.716776     1.530269
59345.795731 -0.897862 0.729734     1.492013
59345.833007 -0.860585 0.742692     1.449872
59345.870284 -0.823309 0.755650     1.403993
59345.907560 -0.786032 0.768608     1.354490
59345.944837 -0.748756 0.781566     1.301454
59345.982113 -0.711479 0.794525     1.244954
59346.019390 -0.674203 0.807483     1.185034
59346.056666 -0.636926 0.820441     1.121716
59346.093943 -0.599650 0.833399     1.055019
59346.131219 -0.562373 0.846357     0.984926
59346.168496 -0.525097 0.859315     0.911412
59346.205773 -0.487820 0.872274     0.834434
59346.243049 -0.450544 0.885232     0.753935
59346.280326 -0.413267 0.898190     0.669844
59346.317602 -0.375991 0.911148     0.582077
59346.354879 -0.338714 0.924106     0.490536
59346.392155 -0.301438 0.937064     0.395111
59346.429432 -0.264161 0.950023     0.295683
59346.466708 -0.226884 0.962981     0.192124
59346.503985 -0.189608 0.975939     0.084299
59346.541261 -0.152331 0.988897    -0.027931
59346.578538 -0.115055 0.001855    -0.144704
59346.615814 -0.077778 0.014814    -0.266151
59346.653091 -0.040502 0.027772    -0.392390
59346.690367 -0.003225 0.040730    -0.523516
59346.727644 0.034051 0.053688    -0.659584
59346.764920 0.071328 0.066646    -0.800595
59346.802197 0.108604 0.079604    -0.946467
59346.839474 0.145881 0.092563    -1.097006
59346.876750 0.183157 0.105521    -1.251861
59346.914027 0.220434 0.118479    -1.410467
59346.951303 0.257710 0.131437    -1.571977
59346.988580 0.294987 0.144395    -1.735166
59347.025856 0.332263 0.157353    -1.898322
59347.063133 0.369540 0.170312    -2.059112
59347.100409 0.406817 0.183270    -2.214433
59347.137686 0.444093 0.196228    -2.360267
59347.174962 0.481370 0.209186    -2.491553
59347.212239 0.518646 0.222144    -2.602143
59347.249515 0.555923 0.235102    -2.684903
59347.286792 0.593199 0.248061    -2.732047
59347.324068 0.630476 0.261019    -2.735787
59347.361345 0.667752 0.273977    -2.689329
59347.398622 0.705029 0.286935    -2.588098
59347.435898 0.742305 0.299893    -2.430966
59347.473175 0.779582 0.312852    -2.221043
59347.510451 0.816858 0.325810    -1.965805
59347.547728 0.854135 0.338768    -1.676133
59347.585004 0.891411 0.351726    -1.364847
59347.622281 0.928688 0.364684    -1.044902
59347.659557 0.965965 0.377642    -0.727874
59347.696834 1.003241 0.390601    -0.423016
59347.734110 1.040518 0.403559    -0.136928
59347.771387 1.077794 0.416517     0.126286
59347.808663 1.115071 0.429475     0.364597
59347.845940 1.152347 0.442433     0.577540
59347.883216 1.189624 0.455391     0.765723
59347.920493 1.226900 0.468350     0.930428
59347.957769 1.264177 0.481308     1.073310
59347.995046 1.301453 0.494266     1.196176
59348.032323 1.338730 0.507224     1.300854
59348.069599 1.376006 0.520182     1.389099
59348.106876 1.413283 0.533141     1.462549
59348.144152 -1.426121 0.546099     1.522696
59348.181429 -1.388845 0.559057     1.570885
59348.218705 -1.351568 0.572015     1.608315
59348.255982 -1.314292 0.584973     1.636045
59348.293258 -1.277015 0.597931     1.655005
59348.330535 -1.239739 0.610890     1.666013
59348.367811 -1.202462 0.623848     1.669780
59348.405088 -1.165186 0.636806     1.666927
59348.442364 -1.127909 0.649764     1.657994
59348.479641 -1.090633 0.662722     1.643449
59348.516917 -1.053356 0.675680     1.623696
59348.554194 -1.016079 0.688639     1.599082
59348.591470 -0.978803 0.701597     1.569906
59348.628747 -0.941526 0.714555     1.536423
59348.666024 -0.904250 0.727513     1.498849
59348.703300 -0.866973 0.740471     1.457363
59348.740577 -0.829697 0.753429     1.412115
59348.777853 -0.792420 0.766388     1.363226
59348.815130 -0.755144 0.779346     1.310790
59348.852406 -0.717867 0.792304     1.254879
59348.889683 -0.680591 0.805262     1.195544
59348.926959 -0.643314 0.818220     1.132806
59348.964236 -0.606038 0.831179     1.066689
59349.001512 -0.568761 0.844137     0.997179
59349.038789 -0.531485 0.857095     0.924254
59349.076065 -0.494208 0.870053     0.847873
59349.113342 -0.456932 0.883011     0.767982
59349.150618 -0.419655 0.895969     0.684513
59349.187895 -0.382378 0.908928     0.597382
59349.225172 -0.345102 0.921886     0.506495
59349.262448 -0.307825 0.934844     0.411744
59349.299725 -0.270549 0.947802     0.313011
59349.337001 -0.233272 0.960760     0.210170
59349.374278 -0.195996 0.973718     0.103085
59349.411554 -0.158719 0.986677    -0.008380
59349.448831 -0.121443 0.999635    -0.124365
59349.486107 -0.084166 0.012593    -0.245002
59349.523384 -0.046890 0.025551    -0.370412
59349.560660 -0.009613 0.038509    -0.500696
59349.597937 0.027663 0.051467    -0.635915
59349.635213 0.064940 0.064426    -0.776082
59349.672490 0.102216 0.077384    -0.921131
59349.709766 0.139493 0.090342    -1.070890
59349.747043 0.176770 0.103300    -1.225039
59349.784319 0.214046 0.116258    -1.383054
59349.821596 0.251323 0.129217    -1.544142
59349.858873 0.288599 0.142175    -1.707150
59349.896149 0.325876 0.155133    -1.870458
59349.933426 0.363152 0.168091    -2.031849
59349.970702 0.400429 0.181049    -2.188366
59350.007979 0.437705 0.194007    -2.336155
59350.045255 0.474982 0.206966    -2.470341
59350.082532 0.512258 0.219924    -2.584959
59350.119808 0.549535 0.232882    -2.673029
59350.157085 0.586811 0.245840    -2.726840
59350.194361 0.624088 0.258798    -2.738543
59350.231638 0.661364 0.271756    -2.701089
59350.268914 0.698641 0.284715    -2.609434
59350.306191 0.735917 0.297673    -2.461783
59350.343467 0.773194 0.310631    -2.260508
59350.380744 0.810471 0.323589    -2.012324
59350.418020 0.847747 0.336547    -1.727674
59350.455297 0.885024 0.349505    -1.419154
59350.492574 0.922300 0.362464    -1.099817
59350.529850 0.959577 0.375422    -0.781560
59350.567127 0.996853 0.388380    -0.474074
59350.604403 1.034130 0.401338    -0.184414
59350.641680 1.071406 0.414296     0.082915
59350.678956 1.108683 0.427255     0.325563
59350.716233 1.145959 0.440213     0.542834
59350.753509 1.183236 0.453171     0.735183
59350.790786 1.220512 0.466129     0.903802
59350.828062 1.257789 0.479087     1.050297
59350.865339 1.295065 0.492045     1.176463
59350.902615 1.332342 0.505004     1.284130
59350.939892 1.369618 0.517962     1.375072
59350.977168 1.406895 0.530920     1.450946
59351.014445 -1.432509 0.543878     1.513273
59351.051722 -1.395233 0.556836     1.563423
59351.088998 -1.357956 0.569794     1.602618
59351.126275 -1.320680 0.582753     1.631940
59351.163551 -1.283403 0.595711     1.652342
59351.200828 -1.246127 0.608669     1.664659
59351.238104 -1.208850 0.621627     1.669620
59351.275381 -1.171573 0.634585     1.667862
59351.312657 -1.134297 0.647544     1.659936
59351.349934 -1.097020 0.660502     1.646322
59351.387210 -1.059744 0.673460     1.627435
59351.424487 -1.022467 0.686418     1.603631
59351.461763 -0.985191 0.699376     1.575218
59351.499040 -0.947914 0.712334     1.542457
59351.536316 -0.910638 0.725293     1.505570
59351.573593 -0.873361 0.738251     1.464743
59351.610869 -0.836085 0.751209     1.420130
59351.648146 -0.798808 0.764167     1.371858
59351.685423 -0.761532 0.777125     1.320024
59351.722699 -0.724255 0.790083     1.264705
59351.759976 -0.686979 0.803042     1.205953
59351.797252 -0.649702 0.816000     1.143797
59351.834529 -0.612425 0.828958     1.078260
59351.871805 -0.575149 0.841916     1.009332
59351.909082 -0.537872 0.854874     0.936995
59351.946358 -0.500596 0.867832     0.861210
59351.983635 -0.463319 0.880791     0.781925
59352.020911 -0.426043 0.893749     0.699074
59352.058188 -0.388766 0.906707     0.612577
59352.095464 -0.351490 0.919665     0.522341
59352.132741 -0.314213 0.932623     0.428260
59352.170017 -0.276937 0.945582     0.330219
59352.207294 -0.239660 0.958540     0.228091
59352.244570 -0.202384 0.971498     0.121743
59352.281847 -0.165107 0.984456     0.011038
59352.319124 -0.127831 0.997414    -0.104162
59352.356400 -0.090554 0.010372    -0.223993
59352.393677 -0.053278 0.023331    -0.348578
59352.430953 -0.016001 0.036289    -0.478020
59352.468230 0.021276 0.049247    -0.612391
59352.505506 0.058552 0.062205    -0.751713
59352.542783 0.095829 0.075163    -0.895934
59352.580059 0.133105 0.088121    -1.044904
59352.617336 0.170382 0.101080    -1.198331
59352.654612 0.207658 0.114038    -1.355732
59352.691889 0.244935 0.126996    -1.516364
59352.729165 0.282211 0.139954    -1.679143
59352.766442 0.319488 0.152912    -1.842538
59352.803718 0.356764 0.165870    -2.004446
59352.840995 0.394041 0.178829    -2.162045
59352.878272 0.431317 0.191787    -2.311647
59352.915548 0.468594 0.204745    -2.448556
59352.952825 0.505870 0.217703    -2.566997
59352.990101 0.543147 0.230661    -2.660150
59353.027378 0.580423 0.243620    -2.720395
59353.064654 0.617700 0.256578    -2.739850
59353.101931 0.654977 0.269536    -2.711251
59353.139207 0.692253 0.282494    -2.629115
59353.176484 0.729530 0.295452    -2.491014
59353.213760 0.766806 0.308410    -2.298567
59353.251037 0.804083 0.321369    -2.057767
59353.288313 0.841359 0.334327    -1.778512
59353.325590 0.878636 0.347285    -1.473146
59353.362866 0.915912 0.360243    -1.154769
59353.400143 0.953189 0.373201    -0.835569
59353.437419 0.990465 0.386159    -0.525662
59353.474696 1.027742 0.399118    -0.232561
59353.511973 1.065018 0.412076     0.038815
59353.549249 1.102295 0.425034     0.285782
59353.586526 1.139571 0.437992     0.507395
59353.623802 1.176848 0.450950     0.703946
59353.661079 1.214125 0.463909     0.876526
59353.698355 1.251401 0.476867     1.026687
59353.735632 1.288678 0.489825     1.156206
59353.772908 1.325954 0.502783     1.266915
59353.810185 1.363231 0.515741     1.360602
59353.847461 1.400507 0.528699     1.438946
59353.884738 1.437784 0.541658     1.503493
59353.922014 -1.401620 0.554616     1.555639
59353.959291 -1.364344 0.567574     1.596630
59353.996567 -1.327067 0.580532     1.627573
59354.033844 -1.289791 0.593490     1.649442
59354.071121 -1.252514 0.606448     1.663090
59354.108397 -1.215238 0.619407     1.669264
59354.145674 -1.177961 0.632365     1.668615
59354.182950 -1.140685 0.645323     1.661710
59354.220227 -1.103408 0.658281     1.649040
59354.257503 -1.066132 0.671239     1.631030
59354.294780 -1.028855 0.684197     1.608045
59354.332056 -0.991579 0.697156     1.580402
59354.369333 -0.954302 0.710114     1.548370
59354.406609 -0.917026 0.723072     1.512175
59354.443886 -0.879749 0.736030     1.472012
59354.481162 -0.842473 0.748988     1.428038
59354.518439 -0.805196 0.761947     1.380385
59354.555715 -0.767919 0.774905     1.329156
59354.592992 -0.730643 0.787863     1.274429
59354.630268 -0.693366 0.800821     1.216263
59354.667545 -0.656090 0.813779     1.154688
59354.704822 -0.618813 0.826737     1.089731
59354.742098 -0.581537 0.839696     1.021385
59354.779375 -0.544260 0.852654     0.949634
59354.816651 -0.506984 0.865612     0.874443
59354.853928 -0.469707 0.878570     0.795763
59354.891204 -0.432431 0.891528     0.713528
59354.928481 -0.395154 0.904486     0.627663
59354.965757 -0.357878 0.917445     0.538074
59355.003034 -0.320601 0.930403     0.444660
59355.040310 -0.283325 0.943361     0.347306
59355.077587 -0.246048 0.956319     0.245887
59355.114863 -0.208772 0.969277     0.140273
59355.152140 -0.171495 0.982235     0.030324
59355.189416 -0.134218 0.995194    -0.084096
59355.226693 -0.096942 0.008152    -0.203124
59355.263969 -0.059665 0.021110    -0.326886
59355.301246 -0.022389 0.034068    -0.455490
59355.338523 0.014888 0.047026    -0.589013
59355.375799 0.052164 0.059985    -0.727488
59355.413076 0.089441 0.072943    -0.870877
59355.450352 0.126717 0.085901    -1.019050
59355.487629 0.163994 0.098859    -1.171741
59355.524905 0.201270 0.111817    -1.328505
59355.562182 0.238547 0.124775    -1.488650
59355.599458 0.275823 0.137734    -1.651156
59355.636735 0.313100 0.150692    -1.814577
59355.674011 0.350376 0.163650    -1.976919
59355.711288 0.387653 0.176608    -2.135492
59355.748564 0.424930 0.189566    -2.286768
59355.785841 0.462206 0.202524    -2.426232
59355.823117 0.499483 0.215483    -2.548295
59355.860394 0.536759 0.228441    -2.646305
59355.897671 0.574036 0.241399    -2.712750
59355.934947 0.611312 0.254357    -2.739743
59355.972224 0.648589 0.267315    -2.719833
59356.009500 0.685865 0.280273    -2.647144
59356.046777 0.723142 0.293232    -2.518639
59356.084053 0.760418 0.306190    -2.335198
59356.121330 0.797695 0.319148    -2.102074
59356.158606 0.834971 0.332106    -1.828583
59356.195883 0.872248 0.345064    -1.526758
59356.233159 0.909524 0.358023    -1.209702
59356.270436 0.946801 0.370981    -0.889858
59356.307712 0.984077 0.383939    -0.577750
59356.344989 1.021354 0.396897    -0.281351
59356.382265 1.058631 0.409855    -0.006005
59356.419542 1.095907 0.422813     0.245253
59356.456818 1.133184 0.435772     0.471218
59356.494095 1.170460 0.448730     0.672004
59356.531372 1.207737 0.461688     0.848590
59356.568648 1.245013 0.474646     1.002471
59356.605925 1.282290 0.487604     1.135398
59356.643201 1.319566 0.500562     1.249201
59356.680478 1.356843 0.513521     1.345681
59356.717754 1.394119 0.526479     1.426541
59356.755031 1.431396 0.539437     1.493349
59356.792307 -1.408008 0.552395     1.547527
59356.829584 -1.370732 0.565353     1.590348
59356.866860 -1.333455 0.578312     1.622941
59356.904137 -1.296179 0.591270     1.646300
59356.941413 -1.258902 0.604228     1.661301
59356.978690 -1.221626 0.617186     1.668707
59357.015966 -1.184349 0.630144     1.669185
59357.053243 -1.147073 0.643102     1.663316
59357.090519 -1.109796 0.656061     1.651601
59357.127796 -1.072520 0.669019     1.634479
59357.165073 -1.035243 0.681977     1.612323
59357.202349 -0.997967 0.694935     1.585458
59357.239626 -0.960690 0.707893     1.554160
59357.276902 -0.923413 0.720851     1.518665
59357.314179 -0.886137 0.733810     1.479169
59357.351455 -0.848860 0.746768     1.435838
59357.388732 -0.811584 0.759726     1.388808
59357.426008 -0.774307 0.772684     1.338185
59357.463285 -0.737031 0.785642     1.284053
59357.500561 -0.699754 0.798600     1.226473
59357.537838 -0.662478 0.811559     1.165485
59357.575114 -0.625201 0.824517     1.101102
59357.612391 -0.587925 0.837475     1.033338
59357.649667 -0.550648 0.850433     0.962173
59357.686944 -0.513372 0.863391     0.887574
59357.724221 -0.476095 0.876350     0.809496
59357.761497 -0.438819 0.889308     0.727876
59357.798774 -0.401542 0.902266     0.642639
59357.836050 -0.364265 0.915224     0.553695
59357.873327 -0.326989 0.928182     0.460945
59357.910603 -0.289712 0.941140     0.364274
59357.947880 -0.252436 0.954099     0.263561
59357.985156 -0.215159 0.967057     0.158675
59358.022433 -0.177883 0.980015     0.049479
59358.059709 -0.140606 0.992973    -0.064165
59358.096986 -0.103330 0.005931    -0.182394
59358.134262 -0.066053 0.018889    -0.305337
59358.171539 -0.028777 0.031848    -0.433105
59358.208815 0.008500 0.044806    -0.565781
59358.246092 0.045776 0.057764    -0.703407
59358.283368 0.083053 0.070722    -0.845960
59358.320645 0.120329 0.083680    -0.993328
59358.357922 0.157606 0.096638    -1.145271
59358.395198 0.194882 0.109597    -1.301379
59358.432475 0.232159 0.122555    -1.461006
59358.469751 0.269436 0.135513    -1.623197
59358.507028 0.306712 0.148471    -1.786586
59358.544304 0.343989 0.161429    -1.949282
59358.581581 0.381265 0.174388    -2.108727
59358.618857 0.418542 0.187346    -2.261545
59358.656134 0.455818 0.200304    -2.403399
59358.693410 0.493095 0.213262    -2.528889
59358.730687 0.530371 0.226220    -2.631534
59358.767963 0.567648 0.239178    -2.703947
59358.805240 0.604924 0.252137    -2.738254
59358.842516 0.642201 0.265095    -2.726858
59358.879793 0.679477 0.278053    -2.663523
59358.917069 0.716754 0.291011    -2.544640
59358.954346 0.754030 0.303969    -2.370361
59358.991623 0.791307 0.316927    -2.145189
59359.028899 0.828583 0.329886    -1.877818
59359.066176 0.865860 0.342844    -1.579925
59359.103452 0.903137 0.355802    -1.264558
59359.140729 0.940413 0.368760    -0.944379
59359.178005 0.977690 0.381718    -0.630306
59359.215282 1.014966 0.394676    -0.330765
59359.252558 1.052243 0.407635    -0.051537
59359.289835 1.089519 0.420593     0.203978
59359.327111 1.126796 0.433551     0.434300
59359.364388 1.164072 0.446509     0.639350
59359.401664 1.201349 0.459467     0.819988
59359.438941 1.238625 0.472426     0.977640
59359.476217 1.275902 0.485384     1.114027
59359.513494 1.313178 0.498342     1.230978
59359.550771 1.350455 0.511300     1.330303
59359.588047 1.387731 0.524258     1.413724
59359.625324 1.425008 0.537216     1.482835
59359.662600 -1.414396 0.550175     1.539083
59359.699877 -1.377120 0.563133     1.583766
59359.737153 -1.339843 0.576091     1.618037
59359.774430 -1.302567 0.589049     1.642913
59359.811706 -1.265290 0.602007     1.659289
59359.848983 -1.228014 0.614965     1.667947
59359.886259 -1.190737 0.627924     1.669569
59359.923536 -1.153460 0.640882     1.664749
59359.960812 -1.116184 0.653840     1.654004
59359.998089 -1.078907 0.666798     1.637780
59360.035365 -1.041631 0.679756     1.616462
59360.072642 -1.004354 0.692715     1.590384
59360.109918 -0.967078 0.705673     1.559828
59360.147195 -0.929801 0.718631     1.525036
59360.184472 -0.892525 0.731589     1.486214
59360.221748 -0.855248 0.744547     1.443530
59360.259025 -0.817972 0.757505     1.397125
59360.296301 -0.780695 0.770464     1.347111
59360.333578 -0.743419 0.783422     1.293576
59360.370854 -0.706142 0.796380     1.236583
59360.408131 -0.668866 0.809338     1.176177
59360.445407 -0.631589 0.822296     1.112374
59360.482684 -0.594313 0.835254     1.045192
59360.519960 -0.557036 0.848213     0.974611
59360.557237 -0.519759 0.861171     0.900604
59360.594513 -0.482483 0.874129     0.823125
59360.631790 -0.445206 0.887087     0.742117
59360.669066 -0.407930 0.900045     0.657506
59360.706343 -0.370653 0.913003     0.569204
59360.743619 -0.333377 0.925962     0.477114
59360.780896 -0.296100 0.938920     0.381124
59360.818173 -0.258824 0.951878     0.281112
59360.855449 -0.221547 0.964836     0.176951
59360.892726 -0.184271 0.977794     0.068503
59360.930002 -0.146994 0.990753    -0.044369
59360.967279 -0.109718 0.003711    -0.161803
59361.004555 -0.072441 0.016669    -0.283929
59361.041832 -0.035165 0.029627    -0.410863
59361.079108 0.002112 0.042585    -0.542694
59361.116385 0.039388 0.055543    -0.679472
59361.153661 0.076665 0.068502    -0.821186
59361.190938 0.113942 0.081460    -0.967741
59361.228214 0.151218 0.094418    -1.118924
59361.265491 0.188495 0.107376    -1.274356
59361.302767 0.225771 0.120334    -1.433438
59361.340044 0.263048 0.133292    -1.595274
59361.377321 0.300324 0.146251    -1.758576
59361.414597 0.337601 0.159209    -1.921553
59361.451874 0.374877 0.172167    -2.081769
59361.489150 0.412154 0.185125    -2.236002
59361.526427 0.449430 0.198083    -2.380089
59361.563703 0.486707 0.211041    -2.508814
59361.600980 0.523983 0.224000    -2.615877
59361.638256 0.561260 0.236958    -2.694023
59361.675533 0.598536 0.249916    -2.735419
59361.712809 0.635813 0.262874    -2.732352
59361.750086 0.673090 0.275832    -2.678263
59361.787362 0.710366 0.288791    -2.569004
59361.824639 0.747643 0.301749    -2.404020
59361.861915 0.784919 0.314707    -2.187056
59361.899192 0.822196 0.327665    -1.926155
59361.936468 0.859472 0.340623    -1.632579
59361.973745 0.896749 0.353581    -1.319277
59362.011022 0.934025 0.366540    -0.999087
59362.048298 0.971302 0.379498    -0.683295
59362.085575 1.008578 0.392456    -0.380781
59362.122851 1.045855 0.405414    -0.097770
59362.160128 1.083131 0.418372     0.161960
59362.197404 1.120408 0.431330     0.396638
59362.234681 1.157684 0.444289     0.605978
59362.271957 1.194961 0.457247     0.790710
59362.309234 1.232237 0.470205     0.952183
59362.346510 1.269514 0.483163     1.092086
59362.383787 1.306791 0.496121     1.212238
59362.421063 1.344067 0.509080     1.314457
59362.458340 1.381344 0.522038     1.400487
59362.495616 1.418620 0.534996     1.471943
59362.532893 -1.420784 0.547954     1.530299
59362.570169 -1.383508 0.560912     1.576878
59362.607446 -1.346231 0.573870     1.612858
59362.644723 -1.308954 0.586829     1.639277
59362.681999 -1.271678 0.599787     1.657051
59362.719276 -1.234401 0.612745     1.666981
59362.756552 -1.197125 0.625703     1.669764
59362.793829 -1.159848 0.638661     1.666009
59362.831105 -1.122572 0.651619     1.656246
59362.868382 -1.085295 0.664578     1.640932
59362.905658 -1.048019 0.677536     1.620462
59362.942935 -1.010742 0.690494     1.595178
59362.980211 -0.973466 0.703452     1.565371
59363.017488 -0.936189 0.716410     1.531290
59363.054764 -0.898913 0.729368     1.493145
59363.092041 -0.861636 0.742327     1.451112
59363.129317 -0.824360 0.755285     1.405336
59363.166594 -0.787083 0.768243     1.355934
59363.203871 -0.749807 0.781201     1.302997
59363.241147 -0.712530 0.794159     1.246593
59363.278424 -0.675253 0.807118     1.186769
59363.315700 -0.637977 0.820076     1.123547
59363.352977 -0.600700 0.833034     1.056945
59363.390253 -0.563424 0.845992     0.986948
59363.427530 -0.526147 0.858950     0.913531
59363.464806 -0.488871 0.871908     0.836651
59363.502083 -0.451594 0.884867     0.756253
59363.539359 -0.414318 0.897825     0.672264
59363.576636 -0.377041 0.910783     0.584602
59363.613912 -0.339765 0.923741     0.493168
59363.651189 -0.302488 0.936699     0.397855
59363.688465 -0.265212 0.949657     0.298542
59363.725742 -0.227935 0.962616     0.195101
59363.763018 -0.190659 0.975574     0.087398
59363.800295 -0.153382 0.988532    -0.024706
59363.837572 -0.116105 0.001490    -0.141349
59363.874848 -0.078829 0.014448    -0.262663
59363.912125 -0.041552 0.027406    -0.388766
59363.949401 -0.004276 0.040365    -0.519753
59363.986678 0.033001 0.053323    -0.655681
59364.023954 0.070277 0.066281    -0.796553
59364.061231 0.107554 0.079239    -0.942290
59364.098507 0.144830 0.092197    -1.092702
59364.135784 0.182107 0.105156    -1.247442
59364.173060 0.219383 0.118114    -1.405953
59364.210337 0.256660 0.131072    -1.567396
59364.247613 0.293936 0.144030    -1.730558
59364.284890 0.331213 0.156988    -1.893744
59364.322166 0.368489 0.169946    -2.054638
59364.359443 0.405766 0.182905    -2.210164
59364.396719 0.443042 0.195863    -2.356330
59364.433996 0.480319 0.208821    -2.488105
59364.471273 0.517596 0.221779    -2.599372
59364.508549 0.554872 0.234737    -2.683021
59364.545826 0.592149 0.247695    -2.731277
59364.583102 0.629425 0.260654    -2.736341
59364.620379 0.666702 0.273612    -2.691373
59364.657655 0.703978 0.286570    -2.591720
59364.694932 0.741255 0.299528    -2.436142
59364.732208 0.778531 0.312486    -2.227624
59364.769485 0.815808 0.325444    -1.973527
59364.806761 0.853084 0.338403    -1.684655
59364.844038 0.890361 0.351361    -1.373798
59364.881314 0.927637 0.364319    -1.053929
59364.918591 0.964914 0.377277    -0.736680
59364.955867 1.002190 0.390235    -0.431376
59364.993144 1.039467 0.403194    -0.144692
59365.030421 1.076744 0.416152     0.119203
59365.067697 1.114020 0.429110     0.358229
59365.104974 1.151297 0.442068     0.571882
59365.142250 1.188573 0.455026     0.760748
59365.179527 1.225850 0.467984     0.926094
59365.216803 1.263126 0.480943     1.069565
59365.254080 1.300403 0.493901     1.192971
59365.291356 1.337679 0.506859     1.298137
59365.328633 1.374956 0.519817     1.386822
59365.365909 1.412232 0.532775     1.460667
59365.403186 -1.427172 0.545733     1.521170
59365.440462 -1.389895 0.558692     1.569680
59365.477739 -1.352619 0.571650     1.607398
59365.515015 -1.315342 0.584608     1.635388
59365.552292 -1.278066 0.597566     1.654583
59365.589568 -1.240789 0.610524     1.665805
59365.626845 -1.203513 0.623483     1.669767
59365.664122 -1.166236 0.636441     1.667093
59365.701398 -1.128960 0.649399     1.658325
59365.738675 -1.091683 0.662357     1.643932
59365.775951 -1.054407 0.675315     1.624320
59365.813228 -1.017130 0.688273     1.599839
59365.850504 -0.979854 0.701232     1.570788
59365.887781 -0.942577 0.714190     1.537424
59365.925057 -0.905300 0.727148     1.499962
59365.962334 -0.868024 0.740106     1.458584
59365.999610 -0.830747 0.753064     1.413441
59366.036887 -0.793471 0.766022     1.364653
59366.074163 -0.756194 0.778981     1.312316
59366.111440 -0.718918 0.791939     1.256502
59366.148716 -0.681641 0.804897     1.197262
59366.185993 -0.644365 0.817855     1.134621
59366.223269 -0.607088 0.830813     1.068599
59366.260546 -0.569812 0.843771     0.999185
59366.297823 -0.532535 0.856730     0.926356
59366.335099 -0.495259 0.869688     0.850074
59366.372376 -0.457982 0.882646     0.770283
59366.409652 -0.420706 0.895604     0.686915
59366.446929 -0.383429 0.908562     0.599889
59366.484205 -0.346153 0.921521     0.509109
59366.521482 -0.308876 0.934479     0.414469
59366.558758 -0.271599 0.947437     0.315850
59366.596035 -0.234323 0.960395     0.213126
59366.633311 -0.197046 0.973353     0.106163
59366.670588 -0.159770 0.986311    -0.005177
59366.707864 -0.122493 0.999270    -0.121033
59366.745141 -0.085217 0.012228    -0.241537
59366.782417 -0.047940 0.025186    -0.366812
59366.819694 -0.010664 0.038144    -0.496956
59366.856971 0.026613 0.051102    -0.632036
59366.894247 0.063889 0.064060    -0.772064
59366.931524 0.101166 0.077019    -0.916977
59366.968800 0.138442 0.089977    -1.066608
59367.006077 0.175719 0.102935    -1.220638
59367.043353 0.212995 0.115893    -1.378554
59367.080630 0.250272 0.128851    -1.539569
59367.117906 0.287549 0.141809    -1.702542
59367.155183 0.324825 0.154768    -1.865869
59367.192459 0.362102 0.167726    -2.027352
59367.229736 0.399378 0.180684    -2.184054
59367.267012 0.436655 0.193642    -2.332151
59367.304289 0.473931 0.206600    -2.466796
59367.341565 0.511208 0.219559    -2.582057
59367.378842 0.548484 0.232517    -2.670979
59367.416118 0.585761 0.245475    -2.725864
59367.453395 0.623037 0.258433    -2.738857
59367.490672 0.660314 0.271391    -2.702870
59367.527948 0.697590 0.284349    -2.612785
59367.565225 0.734867 0.297308    -2.466700
59367.602501 0.772143 0.310266    -2.266864
59367.639778 0.809420 0.323224    -2.019874
59367.677054 0.846696 0.336182    -1.736085
59367.714331 0.883973 0.349140    -1.428057
59367.751607 0.921250 0.362098    -1.108854
59367.788884 0.958526 0.375057    -0.790422
59367.826160 0.995803 0.388015    -0.482523
59367.863437 1.033079 0.400973    -0.192287
59367.900713 1.070356 0.413931     0.075712
59367.937990 1.107632 0.426889     0.319072
59367.975266 1.144909 0.439848     0.537056
59368.012543 1.182185 0.452806     0.730094
59368.049820 1.219462 0.465764     0.899361
59368.087096 1.256738 0.478722     1.046455
59368.124373 1.294015 0.491680     1.173169
59368.161649 1.331291 0.504638     1.281333
59368.198926 1.368568 0.517597     1.372722
59368.236202 1.405844 0.530555     1.449000
59368.273479 -1.433560 0.543513     1.511689
59368.310755 -1.396283 0.556471     1.562165
59368.348032 -1.359007 0.569429     1.601653
59368.385308 -1.321730 0.582387     1.631240
59368.422585 -1.284454 0.595346     1.651881
59368.459861 -1.247177 0.608304     1.664416
59368.497138 -1.209901 0.621262     1.669575
59368.534414 -1.172624 0.634220     1.667998
59368.571691 -1.135348 0.647178     1.660239
59368.608967 -1.098071 0.660136     1.646780
59368.646244 -1.060794 0.673095     1.628036
59368.683521 -1.023518 0.686053     1.604367
59368.720797 -0.986241 0.699011     1.576079
59368.758074 -0.948965 0.711969     1.543438
59368.795350 -0.911688 0.724927     1.506664
59368.832627 -0.874412 0.737886     1.465946
59368.869903 -0.837135 0.750844     1.421438
59368.907180 -0.799859 0.763802     1.373267
59368.944456 -0.762582 0.776760     1.321533
59368.981733 -0.725306 0.789718     1.266311
59369.019009 -0.688029 0.802676     1.207656
59369.056286 -0.650753 0.815635     1.145595
59369.093562 -0.613476 0.828593     1.080153
59369.130839 -0.576200 0.841551     1.011322
59369.168115 -0.538923 0.854509     0.939081
59369.205392 -0.501646 0.867467     0.863393
59369.242668 -0.464370 0.880425     0.784208
59369.279945 -0.427093 0.893384     0.701459
59369.317222 -0.389817 0.906342     0.615066
59369.354498 -0.352540 0.919300     0.524937
59369.391775 -0.315264 0.932258     0.430966
59369.429051 -0.277987 0.945216     0.333037
59369.466328 -0.240711 0.958174     0.231026
59369.503604 -0.203434 0.971133     0.124799
59369.540881 -0.166158 0.984091     0.014219
59369.578157 -0.128881 0.997049    -0.100853
59369.615434 -0.091605 0.010007    -0.220551
59369.652710 -0.054328 0.022965    -0.345001
59369.689987 -0.017052 0.035924    -0.474305
59369.727263 0.020225 0.048882    -0.608537
59369.764540 0.057501 0.061840    -0.747718
59369.801816 0.094778 0.074798    -0.891803
59369.839093 0.132055 0.087756    -1.040643
59369.876370 0.169331 0.100714    -1.193950
59369.913646 0.206608 0.113673    -1.351247
59369.950923 0.243884 0.126631    -1.511801
59369.988199 0.281161 0.139589    -1.674538
59370.025476 0.318437 0.152547    -1.837942
59370.062752 0.355714 0.165505    -1.999927
59370.100029 0.392990 0.178463    -2.157694
59370.137305 0.430267 0.191422    -2.307579
59370.174582 0.467543 0.204380    -2.444921
59370.211858 0.504820 0.217338    -2.563971
59370.249135 0.542096 0.230296    -2.657938
59370.286411 0.579373 0.243254    -2.719219
59370.323688 0.616649 0.256212    -2.739929
59370.360964 0.653926 0.269171    -2.712770
59370.398241 0.691202 0.282129    -2.632194
59370.435517 0.728479 0.295087    -2.495669
59370.472794 0.765756 0.308045    -2.304691
59370.510071 0.803032 0.321003    -2.065134
59370.547347 0.840309 0.333962    -1.786802
59370.584624 0.877585 0.346920    -1.481991
59370.621900 0.914862 0.359878    -1.163806
59370.659177 0.952138 0.372836    -0.844480
59370.696453 0.989415 0.385794    -0.534196
59370.733730 1.026691 0.398752    -0.240541
59370.771006 1.063968 0.411711     0.031493
59370.808283 1.101244 0.424669     0.279167
59370.845559 1.138521 0.437627     0.501496
59370.882836 1.175797 0.450585     0.698742
59370.920112 1.213074 0.463543     0.871977
59370.957389 1.250350 0.476501     1.022746
59370.994665 1.287627 0.489460     1.152822
59371.031942 1.324904 0.502418     1.264036
59371.069218 1.362180 0.515376     1.358179
59371.106495 1.399457 0.528334     1.436934
59371.143772 1.436733 0.541292     1.501850
59371.181048 -1.402671 0.554251     1.554327
59371.218325 -1.365395 0.567209     1.595618
59371.255601 -1.328118 0.580167     1.626830
59371.292878 -1.290841 0.593125     1.648942
59371.330154 -1.253565 0.606083     1.662810
59371.367431 -1.216288 0.619041     1.669186
59371.404707 -1.179012 0.632000     1.668722
59371.441984 -1.141735 0.644958     1.661986
59371.479260 -1.104459 0.657916     1.649472
59371.516537 -1.067182 0.670874     1.631607
59371.553813 -1.029906 0.683832     1.608758
59371.591090 -0.992629 0.696790     1.581243
59371.628366 -0.955353 0.709749     1.549330
59371.665643 -0.918076 0.722707     1.513251
59371.702920 -0.880800 0.735665     1.473197
59371.740196 -0.843523 0.748623     1.429329
59371.777473 -0.806247 0.761581     1.381778
59371.814749 -0.768970 0.774539     1.330648
59371.852026 -0.731694 0.787498     1.276019
59371.889302 -0.694417 0.800456     1.217949
59371.926579 -0.657140 0.813414     1.156469
59371.963855 -0.619864 0.826372     1.091608
59372.001132 -0.582587 0.839330     1.023358
59372.038408 -0.545311 0.852289     0.951704
59372.075685 -0.508034 0.865247     0.876610
59372.112961 -0.470758 0.878205     0.798028
59372.150238 -0.433481 0.891163     0.715895
59372.187514 -0.396205 0.904121     0.630133
59372.224791 -0.358928 0.917079     0.540651
59372.262067 -0.321652 0.930038     0.447347
59372.299344 -0.284375 0.942996     0.350105
59372.336621 -0.247099 0.955954     0.248803
59372.373897 -0.209822 0.968912     0.143308
59372.411174 -0.172546 0.981870     0.033484
59372.448450 -0.135269 0.994828    -0.080809
59372.485727 -0.097993 0.007787    -0.199705
59372.523003 -0.060716 0.020745    -0.323332
59372.560280 -0.023439 0.033703    -0.451799
59372.597556 0.013837 0.046661    -0.585182
59372.634833 0.051114 0.059619    -0.723517
59372.672109 0.088390 0.072577    -0.866769
59372.709386 0.125667 0.085536    -1.014810
59372.746662 0.162943 0.098494    -1.167379
59372.783939 0.200220 0.111452    -1.324037
59372.821215 0.237496 0.124410    -1.484098
59372.858492 0.274773 0.137368    -1.646555
59372.895768 0.312049 0.150327    -1.809975
59372.933045 0.349326 0.163285    -1.972380
59372.970322 0.386602 0.176243    -2.131104
59373.007598 0.423879 0.189201    -2.282642
59373.044875 0.461155 0.202159    -2.422511
59373.082151 0.498432 0.215117    -2.545151
59373.119428 0.535709 0.228076    -2.643938
59373.156704 0.572985 0.241034    -2.711381
59373.193981 0.610262 0.253992    -2.739592
59373.231257 0.647538 0.266950    -2.721094
59373.268534 0.684815 0.279908    -2.649951
59373.305810 0.722091 0.292866    -2.523028
59373.343087 0.759368 0.305825    -2.341083
59373.380363 0.796644 0.318783    -2.109249
59373.417640 0.833921 0.331741    -1.836739
59373.454916 0.871197 0.344699    -1.535535
59373.492193 0.908474 0.357657    -1.218731
59373.529470 0.945750 0.370615    -0.898810
59373.566746 0.983027 0.383574    -0.586363
59373.604023 1.020303 0.396532    -0.289435
59373.641299 1.057580 0.409490    -0.013445
59373.678576 1.094856 0.422448     0.238515
59373.715852 1.132133 0.435406     0.465198
59373.753129 1.169410 0.448365     0.666683
59373.790405 1.206686 0.461323     0.843932
59373.827682 1.243963 0.474281     0.998430
59373.864958 1.281239 0.487239     1.131922
59373.902235 1.318516 0.500197     1.246239
59373.939511 1.355792 0.513155     1.343184
59373.976788 1.393069 0.526114     1.424462
59374.014064 1.430345 0.539072     1.491646
59374.051341 -1.409059 0.552030     1.546162
59374.088617 -1.371782 0.564988     1.589286
