# Tref_folded model 
-1.500000 1.244634 
-1.499000 1.252731 
-1.498000 1.260726 
-1.497000 1.268619 
-1.496000 1.276411 
-1.495000 1.284103 
-1.494000 1.291695 
-1.493000 1.299188 
-1.492000 1.306583 
-1.491000 1.313881 
-1.490000 1.321083 
-1.489000 1.328189 
-1.488000 1.335200 
-1.487000 1.342117 
-1.486000 1.348941 
-1.485000 1.355672 
-1.484000 1.362311 
-1.483000 1.368859 
-1.482000 1.375317 
-1.481000 1.381685 
-1.480000 1.387964 
-1.479000 1.394155 
-1.478000 1.400259 
-1.477000 1.406276 
-1.476000 1.412206 
-1.475000 1.418052 
-1.474000 1.423813 
-1.473000 1.429489 
-1.472000 1.435083 
-1.471000 1.440594 
-1.470000 1.446023 
-1.469000 1.451371 
-1.468000 1.456639 
-1.467000 1.461826 
-1.466000 1.466934 
-1.465000 1.471964 
-1.464000 1.476916 
-1.463000 1.481790 
-1.462000 1.486588 
-1.461000 1.491310 
-1.460000 1.495956 
-1.459000 1.500527 
-1.458000 1.505025 
-1.457000 1.509449 
-1.456000 1.513799 
-1.455000 1.518078 
-1.454000 1.522284 
-1.453000 1.526420 
-1.452000 1.530485 
-1.451000 1.534479 
-1.450000 1.538405 
-1.449000 1.542261 
-1.448000 1.546049 
-1.447000 1.549770 
-1.446000 1.553423 
-1.445000 1.557009 
-1.444000 1.560529 
-1.443000 1.563984 
-1.442000 1.567373 
-1.441000 1.570698 
-1.440000 1.573959 
-1.439000 1.577157 
-1.438000 1.580291 
-1.437000 1.583363 
-1.436000 1.586373 
-1.435000 1.589321 
-1.434000 1.592208 
-1.433000 1.595035 
-1.432000 1.597802 
-1.431000 1.600509 
-1.430000 1.603157 
-1.429000 1.605747 
-1.428000 1.608278 
-1.427000 1.610751 
-1.426000 1.613168 
-1.425000 1.615527 
-1.424000 1.617830 
-1.423000 1.620077 
-1.422000 1.622269 
-1.421000 1.624406 
-1.420000 1.626488 
-1.419000 1.628516 
-1.418000 1.630490 
-1.417000 1.632410 
-1.416000 1.634278 
-1.415000 1.636093 
-1.414000 1.637856 
-1.413000 1.639567 
-1.412000 1.641227 
-1.411000 1.642836 
-1.410000 1.644394 
-1.409000 1.645902 
-1.408000 1.647360 
-1.407000 1.648769 
-1.406000 1.650129 
-1.405000 1.651440 
-1.404000 1.652702 
-1.403000 1.653917 
-1.402000 1.655084 
-1.401000 1.656204 
-1.400000 1.657276 
-1.399000 1.658302 
-1.398000 1.659282 
-1.397000 1.660216 
-1.396000 1.661105 
-1.395000 1.661948 
-1.394000 1.662746 
-1.393000 1.663500 
-1.392000 1.664209 
-1.391000 1.664874 
-1.390000 1.665496 
-1.389000 1.666074 
-1.388000 1.666610 
-1.387000 1.667102 
-1.386000 1.667552 
-1.385000 1.667960 
-1.384000 1.668327 
-1.383000 1.668651 
-1.382000 1.668934 
-1.381000 1.669177 
-1.380000 1.669378 
-1.379000 1.669540 
-1.378000 1.669661 
-1.377000 1.669742 
-1.376000 1.669783 
-1.375000 1.669786 
-1.374000 1.669749 
-1.373000 1.669673 
-1.372000 1.669559 
-1.371000 1.669406 
-1.370000 1.669216 
-1.369000 1.668987 
-1.368000 1.668721 
-1.367000 1.668418 
-1.366000 1.668078 
-1.365000 1.667701 
-1.364000 1.667287 
-1.363000 1.666837 
-1.362000 1.666351 
-1.361000 1.665829 
-1.360000 1.665271 
-1.359000 1.664677 
-1.358000 1.664049 
-1.357000 1.663385 
-1.356000 1.662687 
-1.355000 1.661954 
-1.354000 1.661187 
-1.353000 1.660386 
-1.352000 1.659550 
-1.351000 1.658681 
-1.350000 1.657778 
-1.349000 1.656842 
-1.348000 1.655873 
-1.347000 1.654871 
-1.346000 1.653836 
-1.345000 1.652769 
-1.344000 1.651669 
-1.343000 1.650537 
-1.342000 1.649373 
-1.341000 1.648177 
-1.340000 1.646950 
-1.339000 1.645691 
-1.338000 1.644400 
-1.337000 1.643079 
-1.336000 1.641727 
-1.335000 1.640344 
-1.334000 1.638930 
-1.333000 1.637486 
-1.332000 1.636012 
-1.331000 1.634507 
-1.330000 1.632973 
-1.329000 1.631408 
-1.328000 1.629814 
-1.327000 1.628191 
-1.326000 1.626538 
-1.325000 1.624857 
-1.324000 1.623146 
-1.323000 1.621406 
-1.322000 1.619638 
-1.321000 1.617840 
-1.320000 1.616015 
-1.319000 1.614161 
-1.318000 1.612279 
-1.317000 1.610369 
-1.316000 1.608431 
-1.315000 1.606466 
-1.314000 1.604473 
-1.313000 1.602452 
-1.312000 1.600404 
-1.311000 1.598329 
-1.310000 1.596226 
-1.309000 1.594097 
-1.308000 1.591941 
-1.307000 1.589758 
-1.306000 1.587548 
-1.305000 1.585312 
-1.304000 1.583050 
-1.303000 1.580761 
-1.302000 1.578446 
-1.301000 1.576105 
-1.300000 1.573739 
-1.299000 1.571346 
-1.298000 1.568928 
-1.297000 1.566484 
-1.296000 1.564015 
-1.295000 1.561520 
-1.294000 1.559000 
-1.293000 1.556455 
-1.292000 1.553885 
-1.291000 1.551289 
-1.290000 1.548669 
-1.289000 1.546025 
-1.288000 1.543355 
-1.287000 1.540661 
-1.286000 1.537942 
-1.285000 1.535199 
-1.284000 1.532432 
-1.283000 1.529641 
-1.282000 1.526825 
-1.281000 1.523985 
-1.280000 1.521122 
-1.279000 1.518234 
-1.278000 1.515323 
-1.277000 1.512388 
-1.276000 1.509429 
-1.275000 1.506447 
-1.274000 1.503441 
-1.273000 1.500412 
-1.272000 1.497360 
-1.271000 1.494284 
-1.270000 1.491185 
-1.269000 1.488063 
-1.268000 1.484918 
-1.267000 1.481750 
-1.266000 1.478560 
-1.265000 1.475346 
-1.264000 1.472110 
-1.263000 1.468851 
-1.262000 1.465569 
-1.261000 1.462265 
-1.260000 1.458938 
-1.259000 1.455589 
-1.258000 1.452218 
-1.257000 1.448824 
-1.256000 1.445408 
-1.255000 1.441970 
-1.254000 1.438510 
-1.253000 1.435028 
-1.252000 1.431523 
-1.251000 1.427997 
-1.250000 1.424449 
-1.249000 1.420879 
-1.248000 1.417287 
-1.247000 1.413674 
-1.246000 1.410038 
-1.245000 1.406381 
-1.244000 1.402703 
-1.243000 1.399003 
-1.242000 1.395281 
-1.241000 1.391538 
-1.240000 1.387774 
-1.239000 1.383988 
-1.238000 1.380181 
-1.237000 1.376353 
-1.236000 1.372503 
-1.235000 1.368632 
-1.234000 1.364740 
-1.233000 1.360827 
-1.232000 1.356893 
-1.231000 1.352938 
-1.230000 1.348961 
-1.229000 1.344964 
-1.228000 1.340946 
-1.227000 1.336907 
-1.226000 1.332847 
-1.225000 1.328766 
-1.224000 1.324664 
-1.223000 1.320542 
-1.222000 1.316399 
-1.221000 1.312235 
-1.220000 1.308050 
-1.219000 1.303845 
-1.218000 1.299619 
-1.217000 1.295373 
-1.216000 1.291106 
-1.215000 1.286818 
-1.214000 1.282510 
-1.213000 1.278181 
-1.212000 1.273832 
-1.211000 1.269462 
-1.210000 1.265072 
-1.209000 1.260661 
-1.208000 1.256230 
-1.207000 1.251779 
-1.206000 1.247307 
-1.205000 1.242815 
-1.204000 1.238303 
-1.203000 1.233770 
-1.202000 1.229217 
-1.201000 1.224644 
-1.200000 1.220050 
-1.199000 1.215436 
-1.198000 1.210802 
-1.197000 1.206147 
-1.196000 1.201473 
-1.195000 1.196778 
-1.194000 1.192063 
-1.193000 1.187327 
-1.192000 1.182572 
-1.191000 1.177796 
-1.190000 1.173000 
-1.189000 1.168184 
-1.188000 1.163348 
-1.187000 1.158486 
-1.186000 1.153609 
-1.185000 1.148712 
-1.184000 1.143796 
-1.183000 1.138858 
-1.182000 1.133901 
-1.181000 1.128924 
-1.180000 1.123926 
-1.179000 1.118909 
-1.178000 1.113871 
-1.177000 1.108813 
-1.176000 1.103735 
-1.175000 1.098636 
-1.174000 1.093518 
-1.173000 1.088379 
-1.172000 1.083220 
-1.171000 1.078041 
-1.170000 1.072842 
-1.169000 1.067623 
-1.168000 1.062383 
-1.167000 1.057124 
-1.166000 1.051844 
-1.165000 1.046543 
-1.164000 1.041223 
-1.163000 1.035882 
-1.162000 1.030521 
-1.161000 1.025140 
-1.160000 1.019739 
-1.159000 1.014317 
-1.158000 1.008875 
-1.157000 1.003413 
-1.156000 0.997930 
-1.155000 0.992427 
-1.154000 0.986904 
-1.153000 0.981361 
-1.152000 0.975796 
-1.151000 0.970212 
-1.150000 0.964607 
-1.149000 0.958982 
-1.148000 0.953336 
-1.147000 0.947670 
-1.146000 0.941983 
-1.145000 0.936276 
-1.144000 0.930549 
-1.143000 0.924800 
-1.142000 0.919031 
-1.141000 0.913242 
-1.140000 0.907432 
-1.139000 0.901601 
-1.138000 0.895750 
-1.137000 0.889878 
-1.136000 0.883985 
-1.135000 0.878072 
-1.134000 0.872138 
-1.133000 0.866183 
-1.132000 0.860207 
-1.131000 0.854210 
-1.130000 0.848193 
-1.129000 0.842154 
-1.128000 0.836095 
-1.127000 0.830015 
-1.126000 0.823914 
-1.125000 0.817791 
-1.124000 0.811648 
-1.123000 0.805484 
-1.122000 0.799298 
-1.121000 0.793092 
-1.120000 0.786864 
-1.119000 0.780615 
-1.118000 0.774345 
-1.117000 0.768053 
-1.116000 0.761740 
-1.115000 0.755406 
-1.114000 0.749051 
-1.113000 0.742674 
-1.112000 0.736275 
-1.111000 0.729855 
-1.110000 0.723414 
-1.109000 0.716951 
-1.108000 0.710467 
-1.107000 0.703960 
-1.106000 0.697433 
-1.105000 0.690883 
-1.104000 0.684312 
-1.103000 0.677718 
-1.102000 0.671103 
-1.101000 0.664467 
-1.100000 0.657808 
-1.099000 0.651127 
-1.098000 0.644424 
-1.097000 0.637699 
-1.096000 0.630953 
-1.095000 0.624184 
-1.094000 0.617392 
-1.093000 0.610579 
-1.092000 0.603743 
-1.091000 0.596885 
-1.090000 0.590005 
-1.089000 0.583102 
-1.088000 0.576176 
-1.087000 0.569228 
-1.086000 0.562258 
-1.085000 0.555265 
-1.084000 0.548249 
-1.083000 0.541211 
-1.082000 0.534150 
-1.081000 0.527066 
-1.080000 0.519959 
-1.079000 0.512830 
-1.078000 0.505677 
-1.077000 0.498501 
-1.076000 0.491302 
-1.075000 0.484081 
-1.074000 0.476836 
-1.073000 0.469567 
-1.072000 0.462276 
-1.071000 0.454961 
-1.070000 0.447623 
-1.069000 0.440261 
-1.068000 0.432876 
-1.067000 0.425467 
-1.066000 0.418035 
-1.065000 0.410579 
-1.064000 0.403099 
-1.063000 0.395596 
-1.062000 0.388068 
-1.061000 0.380517 
-1.060000 0.372942 
-1.059000 0.365343 
-1.058000 0.357720 
-1.057000 0.350072 
-1.056000 0.342401 
-1.055000 0.334705 
-1.054000 0.326985 
-1.053000 0.319241 
-1.052000 0.311472 
-1.051000 0.303679 
-1.050000 0.295861 
-1.049000 0.288018 
-1.048000 0.280151 
-1.047000 0.272259 
-1.046000 0.264343 
-1.045000 0.256401 
-1.044000 0.248435 
-1.043000 0.240444 
-1.042000 0.232427 
-1.041000 0.224386 
-1.040000 0.216319 
-1.039000 0.208228 
-1.038000 0.200110 
-1.037000 0.191968 
-1.036000 0.183800 
-1.035000 0.175607 
-1.034000 0.167388 
-1.033000 0.159144 
-1.032000 0.150873 
-1.031000 0.142578 
-1.030000 0.134256 
-1.029000 0.125909 
-1.028000 0.117535 
-1.027000 0.109136 
-1.026000 0.100710 
-1.025000 0.092259 
-1.024000 0.083781 
-1.023000 0.075277 
-1.022000 0.066747 
-1.021000 0.058190 
-1.020000 0.049607 
-1.019000 0.040998 
-1.018000 0.032362 
-1.017000 0.023699 
-1.016000 0.015010 
-1.015000 0.006294 
-1.014000 -0.002449 
-1.013000 -0.011219 
-1.012000 -0.020016 
-1.011000 -0.028840 
-1.010000 -0.037690 
-1.009000 -0.046568 
-1.008000 -0.055473 
-1.007000 -0.064406 
-1.006000 -0.073365 
-1.005000 -0.082352 
-1.004000 -0.091367 
-1.003000 -0.100409 
-1.002000 -0.109478 
-1.001000 -0.118576 
-1.000000 -0.127700 
-0.999000 -0.136853 
-0.998000 -0.146033 
-0.997000 -0.155242 
-0.996000 -0.164478 
-0.995000 -0.173742 
-0.994000 -0.183034 
-0.993000 -0.192354 
-0.992000 -0.201702 
-0.991000 -0.211079 
-0.990000 -0.220484 
-0.989000 -0.229917 
-0.988000 -0.239378 
-0.987000 -0.248868 
-0.986000 -0.258386 
-0.985000 -0.267933 
-0.984000 -0.277508 
-0.983000 -0.287112 
-0.982000 -0.296745 
-0.981000 -0.306406 
-0.980000 -0.316097 
-0.979000 -0.325815 
-0.978000 -0.335563 
-0.977000 -0.345340 
-0.976000 -0.355145 
-0.975000 -0.364980 
-0.974000 -0.374843 
-0.973000 -0.384736 
-0.972000 -0.394658 
-0.971000 -0.404609 
-0.970000 -0.414589 
-0.969000 -0.424598 
-0.968000 -0.434636 
-0.967000 -0.444704 
-0.966000 -0.454801 
-0.965000 -0.464927 
-0.964000 -0.475083 
-0.963000 -0.485268 
-0.962000 -0.495482 
-0.961000 -0.505726 
-0.960000 -0.515999 
-0.959000 -0.526302 
-0.958000 -0.536634 
-0.957000 -0.546995 
-0.956000 -0.557387 
-0.955000 -0.567807 
-0.954000 -0.578257 
-0.953000 -0.588737 
-0.952000 -0.599246 
-0.951000 -0.609785 
-0.950000 -0.620353 
-0.949000 -0.630951 
-0.948000 -0.641578 
-0.947000 -0.652235 
-0.946000 -0.662921 
-0.945000 -0.673636 
-0.944000 -0.684381 
-0.943000 -0.695156 
-0.942000 -0.705960 
-0.941000 -0.716793 
-0.940000 -0.727656 
-0.939000 -0.738548 
-0.938000 -0.749469 
-0.937000 -0.760420 
-0.936000 -0.771399 
-0.935000 -0.782408 
-0.934000 -0.793446 
-0.933000 -0.804513 
-0.932000 -0.815609 
-0.931000 -0.826734 
-0.930000 -0.837888 
-0.929000 -0.849070 
-0.928000 -0.860282 
-0.927000 -0.871522 
-0.926000 -0.882790 
-0.925000 -0.894087 
-0.924000 -0.905412 
-0.923000 -0.916766 
-0.922000 -0.928147 
-0.921000 -0.939557 
-0.920000 -0.950995 
-0.919000 -0.962460 
-0.918000 -0.973954 
-0.917000 -0.985474 
-0.916000 -0.997023 
-0.915000 -1.008598 
-0.914000 -1.020201 
-0.913000 -1.031830 
-0.912000 -1.043487 
-0.911000 -1.055170 
-0.910000 -1.066880 
-0.909000 -1.078615 
-0.908000 -1.090378 
-0.907000 -1.102165 
-0.906000 -1.113979 
-0.905000 -1.125818 
-0.904000 -1.137683 
-0.903000 -1.149572 
-0.902000 -1.161487 
-0.901000 -1.173425 
-0.900000 -1.185389 
-0.899000 -1.197376 
-0.898000 -1.209387 
-0.897000 -1.221422 
-0.896000 -1.233480 
-0.895000 -1.245561 
-0.894000 -1.257664 
-0.893000 -1.269790 
-0.892000 -1.281938 
-0.891000 -1.294107 
-0.890000 -1.306298 
-0.889000 -1.318510 
-0.888000 -1.330743 
-0.887000 -1.342995 
-0.886000 -1.355268 
-0.885000 -1.367560 
-0.884000 -1.379870 
-0.883000 -1.392200 
-0.882000 -1.404548 
-0.881000 -1.416913 
-0.880000 -1.429296 
-0.879000 -1.441695 
-0.878000 -1.454110 
-0.877000 -1.466542 
-0.876000 -1.478988 
-0.875000 -1.491450 
-0.874000 -1.503925 
-0.873000 -1.516414 
-0.872000 -1.528916 
-0.871000 -1.541430 
-0.870000 -1.553957 
-0.869000 -1.566494 
-0.868000 -1.579042 
-0.867000 -1.591600 
-0.866000 -1.604167 
-0.865000 -1.616742 
-0.864000 -1.629325 
-0.863000 -1.641916 
-0.862000 -1.654512 
-0.861000 -1.667114 
-0.860000 -1.679721 
-0.859000 -1.692332 
-0.858000 -1.704946 
-0.857000 -1.717562 
-0.856000 -1.730179 
-0.855000 -1.742797 
-0.854000 -1.755414 
-0.853000 -1.768030 
-0.852000 -1.780644 
-0.851000 -1.793254 
-0.850000 -1.805860 
-0.849000 -1.818461 
-0.848000 -1.831055 
-0.847000 -1.843642 
-0.846000 -1.856220 
-0.845000 -1.868788 
-0.844000 -1.881346 
-0.843000 -1.893891 
-0.842000 -1.906423 
-0.841000 -1.918941 
-0.840000 -1.931443 
-0.839000 -1.943927 
-0.838000 -1.956394 
-0.837000 -1.968840 
-0.836000 -1.981266 
-0.835000 -1.993669 
-0.834000 -2.006048 
-0.833000 -2.018402 
-0.832000 -2.030728 
-0.831000 -2.043027 
-0.830000 -2.055295 
-0.829000 -2.067532 
-0.828000 -2.079735 
-0.827000 -2.091904 
-0.826000 -2.104035 
-0.825000 -2.116129 
-0.824000 -2.128183 
-0.823000 -2.140194 
-0.822000 -2.152162 
-0.821000 -2.164085 
-0.820000 -2.175960 
-0.819000 -2.187785 
-0.818000 -2.199560 
-0.817000 -2.211280 
-0.816000 -2.222946 
-0.815000 -2.234554 
-0.814000 -2.246102 
-0.813000 -2.257588 
-0.812000 -2.269011 
-0.811000 -2.280367 
-0.810000 -2.291655 
-0.809000 -2.302872 
-0.808000 -2.314016 
-0.807000 -2.325084 
-0.806000 -2.336074 
-0.805000 -2.346984 
-0.804000 -2.357811 
-0.803000 -2.368552 
-0.802000 -2.379205 
-0.801000 -2.389768 
-0.800000 -2.400237 
-0.799000 -2.410610 
-0.798000 -2.420884 
-0.797000 -2.431057 
-0.796000 -2.441125 
-0.795000 -2.451086 
-0.794000 -2.460936 
-0.793000 -2.470674 
-0.792000 -2.480295 
-0.791000 -2.489798 
-0.790000 -2.499178 
-0.789000 -2.508432 
-0.788000 -2.517559 
-0.787000 -2.526554 
-0.786000 -2.535414 
-0.785000 -2.544136 
-0.784000 -2.552717 
-0.783000 -2.561153 
-0.782000 -2.569442 
-0.781000 -2.577579 
-0.780000 -2.585562 
-0.779000 -2.593387 
-0.778000 -2.601051 
-0.777000 -2.608549 
-0.776000 -2.615879 
-0.775000 -2.623037 
-0.774000 -2.630020 
-0.773000 -2.636824 
-0.772000 -2.643445 
-0.771000 -2.649880 
-0.770000 -2.656126 
-0.769000 -2.662177 
-0.768000 -2.668032 
-0.767000 -2.673686 
-0.766000 -2.679136 
-0.765000 -2.684377 
-0.764000 -2.689407 
-0.763000 -2.694222 
-0.762000 -2.698817 
-0.761000 -2.703190 
-0.760000 -2.707337 
-0.759000 -2.711253 
-0.758000 -2.714936 
-0.757000 -2.718381 
-0.756000 -2.721585 
-0.755000 -2.724545 
-0.754000 -2.727257 
-0.753000 -2.729716 
-0.752000 -2.731921 
-0.751000 -2.733867 
-0.750000 -2.735551 
-0.749000 -2.736969 
-0.748000 -2.738118 
-0.747000 -2.738994 
-0.746000 -2.739595 
-0.745000 -2.739917 
-0.744000 -2.739957 
-0.743000 -2.739712 
-0.742000 -2.739178 
-0.741000 -2.738353 
-0.740000 -2.737234 
-0.739000 -2.735817 
-0.738000 -2.734100 
-0.737000 -2.732081 
-0.736000 -2.729756 
-0.735000 -2.727123 
-0.734000 -2.724180 
-0.733000 -2.720924 
-0.732000 -2.717354 
-0.731000 -2.713466 
-0.730000 -2.709258 
-0.729000 -2.704730 
-0.728000 -2.699878 
-0.727000 -2.694701 
-0.726000 -2.689198 
-0.725000 -2.683367 
-0.724000 -2.677207 
-0.723000 -2.670716 
-0.722000 -2.663894 
-0.721000 -2.656739 
-0.720000 -2.649250 
-0.719000 -2.641427 
-0.718000 -2.633269 
-0.717000 -2.624777 
-0.716000 -2.615948 
-0.715000 -2.606784 
-0.714000 -2.597285 
-0.713000 -2.587450 
-0.712000 -2.577280 
-0.711000 -2.566776 
-0.710000 -2.555938 
-0.709000 -2.544766 
-0.708000 -2.533263 
-0.707000 -2.521428 
-0.706000 -2.509264 
-0.705000 -2.496771 
-0.704000 -2.483952 
-0.703000 -2.470808 
-0.702000 -2.457341 
-0.701000 -2.443553 
-0.700000 -2.429446 
-0.699000 -2.415023 
-0.698000 -2.400287 
-0.697000 -2.385240 
-0.696000 -2.369885 
-0.695000 -2.354224 
-0.694000 -2.338262 
-0.693000 -2.322002 
-0.692000 -2.305446 
-0.691000 -2.288600 
-0.690000 -2.271466 
-0.689000 -2.254048 
-0.688000 -2.236350 
-0.687000 -2.218358 
-0.686000 -2.200114 
-0.685000 -2.181603 
-0.684000 -2.162830 
-0.683000 -2.143800 
-0.682000 -2.124517 
-0.681000 -2.104986 
-0.680000 -2.085213 
-0.679000 -2.065202 
-0.678000 -2.044959 
-0.677000 -2.024489 
-0.676000 -2.003797 
-0.675000 -1.982889 
-0.674000 -1.961770 
-0.673000 -1.940447 
-0.672000 -1.918924 
-0.671000 -1.897208 
-0.670000 -1.875304 
-0.669000 -1.853218 
-0.668000 -1.830957 
-0.667000 -1.808525 
-0.666000 -1.785930 
-0.665000 -1.763177 
-0.664000 -1.740272 
-0.663000 -1.717221 
-0.662000 -1.694031 
-0.661000 -1.670708 
-0.660000 -1.647257 
-0.659000 -1.623684 
-0.658000 -1.599997 
-0.657000 -1.576201 
-0.656000 -1.552302 
-0.655000 -1.528306 
-0.654000 -1.504219 
-0.653000 -1.480047 
-0.652000 -1.455797 
-0.651000 -1.431474 
-0.650000 -1.407085 
-0.649000 -1.382634 
-0.648000 -1.358129 
-0.647000 -1.333574 
-0.646000 -1.308975 
-0.645000 -1.284339 
-0.644000 -1.259671 
-0.643000 -1.234975 
-0.642000 -1.210259 
-0.641000 -1.185527 
-0.640000 -1.160785 
-0.639000 -1.136037 
-0.638000 -1.111290 
-0.637000 -1.086548 
-0.636000 -1.061816 
-0.635000 -1.037099 
-0.634000 -1.012402 
-0.633000 -0.987731 
-0.632000 -0.963089 
-0.631000 -0.938481 
-0.630000 -0.913911 
-0.629000 -0.889385 
-0.628000 -0.864906 
-0.627000 -0.840479 
-0.626000 -0.816108 
-0.625000 -0.791797 
-0.624000 -0.767550 
-0.623000 -0.743370 
-0.622000 -0.719262 
-0.621000 -0.695228 
-0.620000 -0.671274 
-0.619000 -0.647402 
-0.618000 -0.623615 
-0.617000 -0.599917 
-0.616000 -0.576311 
-0.615000 -0.552799 
-0.614000 -0.529386 
-0.613000 -0.506074 
-0.612000 -0.482866 
-0.611000 -0.459764 
-0.610000 -0.436771 
-0.609000 -0.413890 
-0.608000 -0.391123 
-0.607000 -0.368472 
-0.606000 -0.345939 
-0.605000 -0.323528 
-0.604000 -0.301239 
-0.603000 -0.279075 
-0.602000 -0.257038 
-0.601000 -0.235129 
-0.600000 -0.213351 
-0.599000 -0.191704 
-0.598000 -0.170191 
-0.597000 -0.148814 
-0.596000 -0.127572 
-0.595000 -0.106469 
-0.594000 -0.085505 
-0.593000 -0.064681 
-0.592000 -0.043998 
-0.591000 -0.023458 
-0.590000 -0.003062 
-0.589000 0.017190 
-0.588000 0.037297 
-0.587000 0.057257 
-0.586000 0.077071 
-0.585000 0.096737 
-0.584000 0.116255 
-0.583000 0.135623 
-0.582000 0.154843 
-0.581000 0.173913 
-0.580000 0.192832 
-0.579000 0.211602 
-0.578000 0.230220 
-0.577000 0.248687 
-0.576000 0.267003 
-0.575000 0.285167 
-0.574000 0.303180 
-0.573000 0.321041 
-0.572000 0.338751 
-0.571000 0.356308 
-0.570000 0.373714 
-0.569000 0.390969 
-0.568000 0.408072 
-0.567000 0.425024 
-0.566000 0.441825 
-0.565000 0.458475 
-0.564000 0.474974 
-0.563000 0.491323 
-0.562000 0.507522 
-0.561000 0.523571 
-0.560000 0.539471 
-0.559000 0.555223 
-0.558000 0.570825 
-0.557000 0.586280 
-0.556000 0.601587 
-0.555000 0.616748 
-0.554000 0.631761 
-0.553000 0.646629 
-0.552000 0.661352 
-0.551000 0.675929 
-0.550000 0.690363 
-0.549000 0.704653 
-0.548000 0.718800 
-0.547000 0.732804 
-0.546000 0.746667 
-0.545000 0.760389 
-0.544000 0.773971 
-0.543000 0.787413 
-0.542000 0.800717 
-0.541000 0.813882 
-0.540000 0.826910 
-0.539000 0.839801 
-0.538000 0.852556 
-0.537000 0.865177 
-0.536000 0.877663 
-0.535000 0.890015 
-0.534000 0.902235 
-0.533000 0.914322 
-0.532000 0.926279 
-0.531000 0.938105 
-0.530000 0.949802 
-0.529000 0.961370 
-0.528000 0.972810 
-0.527000 0.984123 
-0.526000 0.995310 
-0.525000 1.006372 
-0.524000 1.017309 
-0.523000 1.028122 
-0.522000 1.038812 
-0.521000 1.049381 
-0.520000 1.059828 
-0.519000 1.070155 
-0.518000 1.080363 
-0.517000 1.090452 
-0.516000 1.100423 
-0.515000 1.110277 
-0.514000 1.120015 
-0.513000 1.129638 
-0.512000 1.139147 
-0.511000 1.148542 
-0.510000 1.157824 
-0.509000 1.166995 
-0.508000 1.176054 
-0.507000 1.185003 
-0.506000 1.193843 
-0.505000 1.202575 
-0.504000 1.211199 
-0.503000 1.219716 
-0.502000 1.228126 
-0.501000 1.236432 
-0.500000 1.244634 
-0.499000 1.252731 
-0.498000 1.260726 
-0.497000 1.268619 
-0.496000 1.276411 
-0.495000 1.284103 
-0.494000 1.291695 
-0.493000 1.299188 
-0.492000 1.306583 
-0.491000 1.313881 
-0.490000 1.321083 
-0.489000 1.328189 
-0.488000 1.335200 
-0.487000 1.342117 
-0.486000 1.348941 
-0.485000 1.355672 
-0.484000 1.362311 
-0.483000 1.368859 
-0.482000 1.375317 
-0.481000 1.381685 
-0.480000 1.387964 
-0.479000 1.394155 
-0.478000 1.400259 
-0.477000 1.406276 
-0.476000 1.412206 
-0.475000 1.418052 
-0.474000 1.423813 
-0.473000 1.429489 
-0.472000 1.435083 
-0.471000 1.440594 
-0.470000 1.446023 
-0.469000 1.451371 
-0.468000 1.456639 
-0.467000 1.461826 
-0.466000 1.466934 
-0.465000 1.471964 
-0.464000 1.476916 
-0.463000 1.481790 
-0.462000 1.486588 
-0.461000 1.491310 
-0.460000 1.495956 
-0.459000 1.500527 
-0.458000 1.505025 
-0.457000 1.509449 
-0.456000 1.513799 
-0.455000 1.518078 
-0.454000 1.522284 
-0.453000 1.526420 
-0.452000 1.530485 
-0.451000 1.534479 
-0.450000 1.538405 
-0.449000 1.542261 
-0.448000 1.546049 
-0.447000 1.549770 
-0.446000 1.553423 
-0.445000 1.557009 
-0.444000 1.560529 
-0.443000 1.563984 
-0.442000 1.567373 
-0.441000 1.570698 
-0.440000 1.573959 
-0.439000 1.577157 
-0.438000 1.580291 
-0.437000 1.583363 
-0.436000 1.586373 
-0.435000 1.589321 
-0.434000 1.592208 
-0.433000 1.595035 
-0.432000 1.597802 
-0.431000 1.600509 
-0.430000 1.603157 
-0.429000 1.605747 
-0.428000 1.608278 
-0.427000 1.610751 
-0.426000 1.613168 
-0.425000 1.615527 
-0.424000 1.617830 
-0.423000 1.620077 
-0.422000 1.622269 
-0.421000 1.624406 
-0.420000 1.626488 
-0.419000 1.628516 
-0.418000 1.630490 
-0.417000 1.632410 
-0.416000 1.634278 
-0.415000 1.636093 
-0.414000 1.637856 
-0.413000 1.639567 
-0.412000 1.641227 
-0.411000 1.642836 
-0.410000 1.644394 
-0.409000 1.645902 
-0.408000 1.647360 
-0.407000 1.648769 
-0.406000 1.650129 
-0.405000 1.651440 
-0.404000 1.652702 
-0.403000 1.653917 
-0.402000 1.655084 
-0.401000 1.656204 
-0.400000 1.657276 
-0.399000 1.658302 
-0.398000 1.659282 
-0.397000 1.660216 
-0.396000 1.661105 
-0.395000 1.661948 
-0.394000 1.662746 
-0.393000 1.663500 
-0.392000 1.664209 
-0.391000 1.664874 
-0.390000 1.665496 
-0.389000 1.666074 
-0.388000 1.666610 
-0.387000 1.667102 
-0.386000 1.667552 
-0.385000 1.667960 
-0.384000 1.668327 
-0.383000 1.668651 
-0.382000 1.668934 
-0.381000 1.669177 
-0.380000 1.669378 
-0.379000 1.669540 
-0.378000 1.669661 
-0.377000 1.669742 
-0.376000 1.669783 
-0.375000 1.669786 
-0.374000 1.669749 
-0.373000 1.669673 
-0.372000 1.669559 
-0.371000 1.669406 
-0.370000 1.669216 
-0.369000 1.668987 
-0.368000 1.668721 
-0.367000 1.668418 
-0.366000 1.668078 
-0.365000 1.667701 
-0.364000 1.667287 
-0.363000 1.666837 
-0.362000 1.666351 
-0.361000 1.665829 
-0.360000 1.665271 
-0.359000 1.664677 
-0.358000 1.664049 
-0.357000 1.663385 
-0.356000 1.662687 
-0.355000 1.661954 
-0.354000 1.661187 
-0.353000 1.660386 
-0.352000 1.659550 
-0.351000 1.658681 
-0.350000 1.657778 
-0.349000 1.656842 
-0.348000 1.655873 
-0.347000 1.654871 
-0.346000 1.653836 
-0.345000 1.652769 
-0.344000 1.651669 
-0.343000 1.650537 
-0.342000 1.649373 
-0.341000 1.648177 
-0.340000 1.646950 
-0.339000 1.645691 
-0.338000 1.644400 
-0.337000 1.643079 
-0.336000 1.641727 
-0.335000 1.640344 
-0.334000 1.638930 
-0.333000 1.637486 
-0.332000 1.636012 
-0.331000 1.634507 
-0.330000 1.632973 
-0.329000 1.631408 
-0.328000 1.629814 
-0.327000 1.628191 
-0.326000 1.626538 
-0.325000 1.624857 
-0.324000 1.623146 
-0.323000 1.621406 
-0.322000 1.619638 
-0.321000 1.617840 
-0.320000 1.616015 
-0.319000 1.614161 
-0.318000 1.612279 
-0.317000 1.610369 
-0.316000 1.608431 
-0.315000 1.606466 
-0.314000 1.604473 
-0.313000 1.602452 
-0.312000 1.600404 
-0.311000 1.598329 
-0.310000 1.596226 
-0.309000 1.594097 
-0.308000 1.591941 
-0.307000 1.589758 
-0.306000 1.587548 
-0.305000 1.585312 
-0.304000 1.583050 
-0.303000 1.580761 
-0.302000 1.578446 
-0.301000 1.576105 
-0.300000 1.573739 
-0.299000 1.571346 
-0.298000 1.568928 
-0.297000 1.566484 
-0.296000 1.564015 
-0.295000 1.561520 
-0.294000 1.559000 
-0.293000 1.556455 
-0.292000 1.553885 
-0.291000 1.551289 
-0.290000 1.548669 
-0.289000 1.546025 
-0.288000 1.543355 
-0.287000 1.540661 
-0.286000 1.537942 
-0.285000 1.535199 
-0.284000 1.532432 
-0.283000 1.529641 
-0.282000 1.526825 
-0.281000 1.523985 
-0.280000 1.521122 
-0.279000 1.518234 
-0.278000 1.515323 
-0.277000 1.512388 
-0.276000 1.509429 
-0.275000 1.506447 
-0.274000 1.503441 
-0.273000 1.500412 
-0.272000 1.497360 
-0.271000 1.494284 
-0.270000 1.491185 
-0.269000 1.488063 
-0.268000 1.484918 
-0.267000 1.481750 
-0.266000 1.478560 
-0.265000 1.475346 
-0.264000 1.472110 
-0.263000 1.468851 
-0.262000 1.465569 
-0.261000 1.462265 
-0.260000 1.458938 
-0.259000 1.455589 
-0.258000 1.452218 
-0.257000 1.448824 
-0.256000 1.445408 
-0.255000 1.441970 
-0.254000 1.438510 
-0.253000 1.435028 
-0.252000 1.431523 
-0.251000 1.427997 
-0.250000 1.424449 
-0.249000 1.420879 
-0.248000 1.417287 
-0.247000 1.413674 
-0.246000 1.410038 
-0.245000 1.406381 
-0.244000 1.402703 
-0.243000 1.399003 
-0.242000 1.395281 
-0.241000 1.391538 
-0.240000 1.387774 
-0.239000 1.383988 
-0.238000 1.380181 
-0.237000 1.376353 
-0.236000 1.372503 
-0.235000 1.368632 
-0.234000 1.364740 
-0.233000 1.360827 
-0.232000 1.356893 
-0.231000 1.352938 
-0.230000 1.348961 
-0.229000 1.344964 
-0.228000 1.340946 
-0.227000 1.336907 
-0.226000 1.332847 
-0.225000 1.328766 
-0.224000 1.324664 
-0.223000 1.320542 
-0.222000 1.316399 
-0.221000 1.312235 
-0.220000 1.308050 
-0.219000 1.303845 
-0.218000 1.299619 
-0.217000 1.295373 
-0.216000 1.291106 
-0.215000 1.286818 
-0.214000 1.282510 
-0.213000 1.278181 
-0.212000 1.273832 
-0.211000 1.269462 
-0.210000 1.265072 
-0.209000 1.260661 
-0.208000 1.256230 
-0.207000 1.251779 
-0.206000 1.247307 
-0.205000 1.242815 
-0.204000 1.238303 
-0.203000 1.233770 
-0.202000 1.229217 
-0.201000 1.224644 
-0.200000 1.220050 
-0.199000 1.215436 
-0.198000 1.210802 
-0.197000 1.206147 
-0.196000 1.201473 
-0.195000 1.196778 
-0.194000 1.192063 
-0.193000 1.187327 
-0.192000 1.182572 
-0.191000 1.177796 
-0.190000 1.173000 
-0.189000 1.168184 
-0.188000 1.163348 
-0.187000 1.158486 
-0.186000 1.153609 
-0.185000 1.148712 
-0.184000 1.143796 
-0.183000 1.138858 
-0.182000 1.133901 
-0.181000 1.128924 
-0.180000 1.123926 
-0.179000 1.118909 
-0.178000 1.113871 
-0.177000 1.108813 
-0.176000 1.103735 
-0.175000 1.098636 
-0.174000 1.093518 
-0.173000 1.088379 
-0.172000 1.083220 
-0.171000 1.078041 
-0.170000 1.072842 
-0.169000 1.067623 
-0.168000 1.062383 
-0.167000 1.057124 
-0.166000 1.051844 
-0.165000 1.046543 
-0.164000 1.041223 
-0.163000 1.035882 
-0.162000 1.030521 
-0.161000 1.025140 
-0.160000 1.019739 
-0.159000 1.014317 
-0.158000 1.008875 
-0.157000 1.003413 
-0.156000 0.997930 
-0.155000 0.992427 
-0.154000 0.986904 
-0.153000 0.981361 
-0.152000 0.975796 
-0.151000 0.970212 
-0.150000 0.964607 
-0.149000 0.958982 
-0.148000 0.953336 
-0.147000 0.947670 
-0.146000 0.941983 
-0.145000 0.936276 
-0.144000 0.930549 
-0.143000 0.924800 
-0.142000 0.919031 
-0.141000 0.913242 
-0.140000 0.907432 
-0.139000 0.901601 
-0.138000 0.895750 
-0.137000 0.889878 
-0.136000 0.883985 
-0.135000 0.878072 
-0.134000 0.872138 
-0.133000 0.866183 
-0.132000 0.860207 
-0.131000 0.854210 
-0.130000 0.848193 
-0.129000 0.842154 
-0.128000 0.836095 
-0.127000 0.830015 
-0.126000 0.823914 
-0.125000 0.817791 
-0.124000 0.811648 
-0.123000 0.805484 
-0.122000 0.799298 
-0.121000 0.793092 
-0.120000 0.786864 
-0.119000 0.780615 
-0.118000 0.774345 
-0.117000 0.768053 
-0.116000 0.761740 
-0.115000 0.755406 
-0.114000 0.749051 
-0.113000 0.742674 
-0.112000 0.736275 
-0.111000 0.729855 
-0.110000 0.723414 
-0.109000 0.716951 
-0.108000 0.710467 
-0.107000 0.703960 
-0.106000 0.697433 
-0.105000 0.690883 
-0.104000 0.684312 
-0.103000 0.677718 
-0.102000 0.671103 
-0.101000 0.664467 
-0.100000 0.657808 
-0.099000 0.651127 
-0.098000 0.644424 
-0.097000 0.637699 
-0.096000 0.630953 
-0.095000 0.624184 
-0.094000 0.617392 
-0.093000 0.610579 
-0.092000 0.603743 
-0.091000 0.596885 
-0.090000 0.590005 
-0.089000 0.583102 
-0.088000 0.576176 
-0.087000 0.569228 
-0.086000 0.562258 
-0.085000 0.555265 
-0.084000 0.548249 
-0.083000 0.541211 
-0.082000 0.534150 
-0.081000 0.527066 
-0.080000 0.519959 
-0.079000 0.512830 
-0.078000 0.505677 
-0.077000 0.498501 
-0.076000 0.491302 
-0.075000 0.484081 
-0.074000 0.476836 
-0.073000 0.469567 
-0.072000 0.462276 
-0.071000 0.454961 
-0.070000 0.447623 
-0.069000 0.440261 
-0.068000 0.432876 
-0.067000 0.425467 
-0.066000 0.418035 
-0.065000 0.410579 
-0.064000 0.403099 
-0.063000 0.395596 
-0.062000 0.388068 
-0.061000 0.380517 
-0.060000 0.372942 
-0.059000 0.365343 
-0.058000 0.357720 
-0.057000 0.350072 
-0.056000 0.342401 
-0.055000 0.334705 
-0.054000 0.326985 
-0.053000 0.319241 
-0.052000 0.311472 
-0.051000 0.303679 
-0.050000 0.295861 
-0.049000 0.288018 
-0.048000 0.280151 
-0.047000 0.272259 
-0.046000 0.264343 
-0.045000 0.256401 
-0.044000 0.248435 
-0.043000 0.240444 
-0.042000 0.232427 
-0.041000 0.224386 
-0.040000 0.216319 
-0.039000 0.208228 
-0.038000 0.200110 
-0.037000 0.191968 
-0.036000 0.183800 
-0.035000 0.175607 
-0.034000 0.167388 
-0.033000 0.159144 
-0.032000 0.150873 
-0.031000 0.142578 
-0.030000 0.134256 
-0.029000 0.125909 
-0.028000 0.117535 
-0.027000 0.109136 
-0.026000 0.100710 
-0.025000 0.092259 
-0.024000 0.083781 
-0.023000 0.075277 
-0.022000 0.066747 
-0.021000 0.058190 
-0.020000 0.049607 
-0.019000 0.040998 
-0.018000 0.032362 
-0.017000 0.023699 
-0.016000 0.015010 
-0.015000 0.006294 
-0.014000 -0.002449 
-0.013000 -0.011219 
-0.012000 -0.020016 
-0.011000 -0.028840 
-0.010000 -0.037690 
-0.009000 -0.046568 
-0.008000 -0.055473 
-0.007000 -0.064406 
-0.006000 -0.073365 
-0.005000 -0.082352 
-0.004000 -0.091367 
-0.003000 -0.100409 
-0.002000 -0.109478 
-0.001000 -0.118576 
-0.000000 -0.127700 
0.001000 -0.136853 
0.002000 -0.146033 
0.003000 -0.155242 
0.004000 -0.164478 
0.005000 -0.173742 
0.006000 -0.183034 
0.007000 -0.192354 
0.008000 -0.201702 
0.009000 -0.211079 
0.010000 -0.220484 
0.011000 -0.229917 
0.012000 -0.239378 
0.013000 -0.248868 
0.014000 -0.258386 
0.015000 -0.267933 
0.016000 -0.277508 
0.017000 -0.287112 
0.018000 -0.296745 
0.019000 -0.306406 
0.020000 -0.316097 
0.021000 -0.325815 
0.022000 -0.335563 
0.023000 -0.345340 
0.024000 -0.355145 
0.025000 -0.364980 
0.026000 -0.374843 
0.027000 -0.384736 
0.028000 -0.394658 
0.029000 -0.404609 
0.030000 -0.414589 
0.031000 -0.424598 
0.032000 -0.434636 
0.033000 -0.444704 
0.034000 -0.454801 
0.035000 -0.464927 
0.036000 -0.475083 
0.037000 -0.485268 
0.038000 -0.495482 
0.039000 -0.505726 
0.040000 -0.515999 
0.041000 -0.526302 
0.042000 -0.536634 
0.043000 -0.546995 
0.044000 -0.557387 
0.045000 -0.567807 
0.046000 -0.578257 
0.047000 -0.588737 
0.048000 -0.599246 
0.049000 -0.609785 
0.050000 -0.620353 
0.051000 -0.630951 
0.052000 -0.641578 
0.053000 -0.652235 
0.054000 -0.662921 
0.055000 -0.673636 
0.056000 -0.684381 
0.057000 -0.695156 
0.058000 -0.705960 
0.059000 -0.716793 
0.060000 -0.727656 
0.061000 -0.738548 
0.062000 -0.749469 
0.063000 -0.760420 
0.064000 -0.771399 
0.065000 -0.782408 
0.066000 -0.793446 
0.067000 -0.804513 
0.068000 -0.815609 
0.069000 -0.826734 
0.070000 -0.837888 
0.071000 -0.849070 
0.072000 -0.860282 
0.073000 -0.871522 
0.074000 -0.882790 
0.075000 -0.894087 
0.076000 -0.905412 
0.077000 -0.916766 
0.078000 -0.928147 
0.079000 -0.939557 
0.080000 -0.950995 
0.081000 -0.962460 
0.082000 -0.973954 
0.083000 -0.985474 
0.084000 -0.997023 
0.085000 -1.008598 
0.086000 -1.020201 
0.087000 -1.031830 
0.088000 -1.043487 
0.089000 -1.055170 
0.090000 -1.066880 
0.091000 -1.078615 
0.092000 -1.090378 
0.093000 -1.102165 
0.094000 -1.113979 
0.095000 -1.125818 
0.096000 -1.137683 
0.097000 -1.149572 
0.098000 -1.161487 
0.099000 -1.173425 
0.100000 -1.185389 
0.101000 -1.197376 
0.102000 -1.209387 
0.103000 -1.221422 
0.104000 -1.233480 
0.105000 -1.245561 
0.106000 -1.257664 
0.107000 -1.269790 
0.108000 -1.281938 
0.109000 -1.294107 
0.110000 -1.306298 
0.111000 -1.318510 
0.112000 -1.330743 
0.113000 -1.342995 
0.114000 -1.355268 
0.115000 -1.367560 
0.116000 -1.379870 
0.117000 -1.392200 
0.118000 -1.404548 
0.119000 -1.416913 
0.120000 -1.429296 
0.121000 -1.441695 
0.122000 -1.454110 
0.123000 -1.466542 
0.124000 -1.478988 
0.125000 -1.491450 
0.126000 -1.503925 
0.127000 -1.516414 
0.128000 -1.528916 
0.129000 -1.541430 
0.130000 -1.553957 
0.131000 -1.566494 
0.132000 -1.579042 
0.133000 -1.591600 
0.134000 -1.604167 
0.135000 -1.616742 
0.136000 -1.629325 
0.137000 -1.641916 
0.138000 -1.654512 
0.139000 -1.667114 
0.140000 -1.679721 
0.141000 -1.692332 
0.142000 -1.704946 
0.143000 -1.717562 
0.144000 -1.730179 
0.145000 -1.742797 
0.146000 -1.755414 
0.147000 -1.768030 
0.148000 -1.780644 
0.149000 -1.793254 
0.150000 -1.805860 
0.151000 -1.818461 
0.152000 -1.831055 
0.153000 -1.843642 
0.154000 -1.856220 
0.155000 -1.868788 
0.156000 -1.881346 
0.157000 -1.893891 
0.158000 -1.906423 
0.159000 -1.918941 
0.160000 -1.931443 
0.161000 -1.943927 
0.162000 -1.956394 
0.163000 -1.968840 
0.164000 -1.981266 
0.165000 -1.993669 
0.166000 -2.006048 
0.167000 -2.018402 
0.168000 -2.030728 
0.169000 -2.043027 
0.170000 -2.055295 
0.171000 -2.067532 
0.172000 -2.079735 
0.173000 -2.091904 
0.174000 -2.104035 
0.175000 -2.116129 
0.176000 -2.128183 
0.177000 -2.140194 
0.178000 -2.152162 
0.179000 -2.164085 
0.180000 -2.175960 
0.181000 -2.187785 
0.182000 -2.199560 
0.183000 -2.211280 
0.184000 -2.222946 
0.185000 -2.234554 
0.186000 -2.246102 
0.187000 -2.257588 
0.188000 -2.269011 
0.189000 -2.280367 
0.190000 -2.291655 
0.191000 -2.302872 
0.192000 -2.314016 
0.193000 -2.325084 
0.194000 -2.336074 
0.195000 -2.346984 
0.196000 -2.357811 
0.197000 -2.368552 
0.198000 -2.379205 
0.199000 -2.389768 
0.200000 -2.400237 
0.201000 -2.410610 
0.202000 -2.420884 
0.203000 -2.431057 
0.204000 -2.441125 
0.205000 -2.451086 
0.206000 -2.460936 
0.207000 -2.470674 
0.208000 -2.480295 
0.209000 -2.489798 
0.210000 -2.499178 
0.211000 -2.508432 
0.212000 -2.517559 
0.213000 -2.526554 
0.214000 -2.535414 
0.215000 -2.544136 
0.216000 -2.552717 
0.217000 -2.561153 
0.218000 -2.569442 
0.219000 -2.577579 
0.220000 -2.585562 
0.221000 -2.593387 
0.222000 -2.601051 
0.223000 -2.608549 
0.224000 -2.615879 
0.225000 -2.623037 
0.226000 -2.630020 
0.227000 -2.636824 
0.228000 -2.643445 
0.229000 -2.649880 
0.230000 -2.656126 
0.231000 -2.662177 
0.232000 -2.668032 
0.233000 -2.673686 
0.234000 -2.679136 
0.235000 -2.684377 
0.236000 -2.689407 
0.237000 -2.694222 
0.238000 -2.698817 
0.239000 -2.703190 
0.240000 -2.707337 
0.241000 -2.711253 
0.242000 -2.714936 
0.243000 -2.718381 
0.244000 -2.721585 
0.245000 -2.724545 
0.246000 -2.727257 
0.247000 -2.729716 
0.248000 -2.731921 
0.249000 -2.733867 
0.250000 -2.735551 
0.251000 -2.736969 
0.252000 -2.738118 
0.253000 -2.738994 
0.254000 -2.739595 
0.255000 -2.739917 
0.256000 -2.739957 
0.257000 -2.739712 
0.258000 -2.739178 
0.259000 -2.738353 
0.260000 -2.737234 
0.261000 -2.735817 
0.262000 -2.734100 
0.263000 -2.732081 
0.264000 -2.729756 
0.265000 -2.727123 
0.266000 -2.724180 
0.267000 -2.720924 
0.268000 -2.717354 
0.269000 -2.713466 
0.270000 -2.709258 
0.271000 -2.704730 
0.272000 -2.699878 
0.273000 -2.694701 
0.274000 -2.689198 
0.275000 -2.683367 
0.276000 -2.677207 
0.277000 -2.670716 
0.278000 -2.663894 
0.279000 -2.656739 
0.280000 -2.649250 
0.281000 -2.641427 
0.282000 -2.633269 
0.283000 -2.624777 
0.284000 -2.615948 
0.285000 -2.606784 
0.286000 -2.597285 
0.287000 -2.587450 
0.288000 -2.577280 
0.289000 -2.566776 
0.290000 -2.555938 
0.291000 -2.544766 
0.292000 -2.533263 
0.293000 -2.521428 
0.294000 -2.509264 
0.295000 -2.496771 
0.296000 -2.483952 
0.297000 -2.470808 
0.298000 -2.457341 
0.299000 -2.443553 
0.300000 -2.429446 
0.301000 -2.415023 
0.302000 -2.400287 
0.303000 -2.385240 
0.304000 -2.369885 
0.305000 -2.354224 
0.306000 -2.338262 
0.307000 -2.322002 
0.308000 -2.305446 
0.309000 -2.288600 
0.310000 -2.271466 
0.311000 -2.254048 
0.312000 -2.236350 
0.313000 -2.218358 
0.314000 -2.200114 
0.315000 -2.181603 
0.316000 -2.162830 
0.317000 -2.143800 
0.318000 -2.124517 
0.319000 -2.104986 
0.320000 -2.085213 
0.321000 -2.065202 
0.322000 -2.044959 
0.323000 -2.024489 
0.324000 -2.003797 
0.325000 -1.982889 
0.326000 -1.961770 
0.327000 -1.940447 
0.328000 -1.918924 
0.329000 -1.897208 
0.330000 -1.875304 
0.331000 -1.853218 
0.332000 -1.830957 
0.333000 -1.808525 
0.334000 -1.785930 
0.335000 -1.763177 
0.336000 -1.740272 
0.337000 -1.717221 
0.338000 -1.694031 
0.339000 -1.670708 
0.340000 -1.647257 
0.341000 -1.623684 
0.342000 -1.599997 
0.343000 -1.576201 
0.344000 -1.552302 
0.345000 -1.528306 
0.346000 -1.504219 
0.347000 -1.480047 
0.348000 -1.455797 
0.349000 -1.431474 
0.350000 -1.407085 
0.351000 -1.382634 
0.352000 -1.358129 
0.353000 -1.333574 
0.354000 -1.308975 
0.355000 -1.284339 
0.356000 -1.259671 
0.357000 -1.234975 
0.358000 -1.210259 
0.359000 -1.185527 
0.360000 -1.160785 
0.361000 -1.136037 
0.362000 -1.111290 
0.363000 -1.086548 
0.364000 -1.061816 
0.365000 -1.037099 
0.366000 -1.012402 
0.367000 -0.987731 
0.368000 -0.963089 
0.369000 -0.938481 
0.370000 -0.913911 
0.371000 -0.889385 
0.372000 -0.864906 
0.373000 -0.840479 
0.374000 -0.816108 
0.375000 -0.791797 
0.376000 -0.767550 
0.377000 -0.743370 
0.378000 -0.719262 
0.379000 -0.695228 
0.380000 -0.671274 
0.381000 -0.647402 
0.382000 -0.623615 
0.383000 -0.599917 
0.384000 -0.576311 
0.385000 -0.552799 
0.386000 -0.529386 
0.387000 -0.506074 
0.388000 -0.482866 
0.389000 -0.459764 
0.390000 -0.436771 
0.391000 -0.413890 
0.392000 -0.391123 
0.393000 -0.368472 
0.394000 -0.345939 
0.395000 -0.323528 
0.396000 -0.301239 
0.397000 -0.279075 
0.398000 -0.257038 
0.399000 -0.235129 
0.400000 -0.213351 
0.401000 -0.191704 
0.402000 -0.170191 
0.403000 -0.148814 
0.404000 -0.127572 
0.405000 -0.106469 
0.406000 -0.085505 
0.407000 -0.064681 
0.408000 -0.043998 
0.409000 -0.023458 
0.410000 -0.003062 
0.411000 0.017190 
0.412000 0.037297 
0.413000 0.057257 
0.414000 0.077071 
0.415000 0.096737 
0.416000 0.116255 
0.417000 0.135623 
0.418000 0.154843 
0.419000 0.173913 
0.420000 0.192832 
0.421000 0.211602 
0.422000 0.230220 
0.423000 0.248687 
0.424000 0.267003 
0.425000 0.285167 
0.426000 0.303180 
0.427000 0.321041 
0.428000 0.338751 
0.429000 0.356308 
0.430000 0.373714 
0.431000 0.390969 
0.432000 0.408072 
0.433000 0.425024 
0.434000 0.441825 
0.435000 0.458475 
0.436000 0.474974 
0.437000 0.491323 
0.438000 0.507522 
0.439000 0.523571 
0.440000 0.539471 
0.441000 0.555223 
0.442000 0.570825 
0.443000 0.586280 
0.444000 0.601587 
0.445000 0.616748 
0.446000 0.631761 
0.447000 0.646629 
0.448000 0.661352 
0.449000 0.675929 
0.450000 0.690363 
0.451000 0.704653 
0.452000 0.718800 
0.453000 0.732804 
0.454000 0.746667 
0.455000 0.760389 
0.456000 0.773971 
0.457000 0.787413 
0.458000 0.800717 
0.459000 0.813882 
0.460000 0.826910 
0.461000 0.839801 
0.462000 0.852556 
0.463000 0.865177 
0.464000 0.877663 
0.465000 0.890015 
0.466000 0.902235 
0.467000 0.914322 
0.468000 0.926279 
0.469000 0.938105 
0.470000 0.949802 
0.471000 0.961370 
0.472000 0.972810 
0.473000 0.984123 
0.474000 0.995310 
0.475000 1.006372 
0.476000 1.017309 
0.477000 1.028122 
0.478000 1.038812 
0.479000 1.049381 
0.480000 1.059828 
0.481000 1.070155 
0.482000 1.080363 
0.483000 1.090452 
0.484000 1.100423 
0.485000 1.110277 
0.486000 1.120015 
0.487000 1.129638 
0.488000 1.139147 
0.489000 1.148542 
0.490000 1.157824 
0.491000 1.166995 
0.492000 1.176054 
0.493000 1.185003 
0.494000 1.193843 
0.495000 1.202575 
0.496000 1.211199 
0.497000 1.219716 
0.498000 1.228126 
0.499000 1.236432 
0.500000 1.244634 
0.501000 1.252731 
0.502000 1.260726 
0.503000 1.268619 
0.504000 1.276411 
0.505000 1.284103 
0.506000 1.291695 
0.507000 1.299188 
0.508000 1.306583 
0.509000 1.313881 
0.510000 1.321083 
0.511000 1.328189 
0.512000 1.335200 
0.513000 1.342117 
0.514000 1.348941 
0.515000 1.355672 
0.516000 1.362311 
0.517000 1.368859 
0.518000 1.375317 
0.519000 1.381685 
0.520000 1.387964 
0.521000 1.394155 
0.522000 1.400259 
0.523000 1.406276 
0.524000 1.412206 
0.525000 1.418052 
0.526000 1.423813 
0.527000 1.429489 
0.528000 1.435083 
0.529000 1.440594 
0.530000 1.446023 
0.531000 1.451371 
0.532000 1.456639 
0.533000 1.461826 
0.534000 1.466934 
0.535000 1.471964 
0.536000 1.476916 
0.537000 1.481790 
0.538000 1.486588 
0.539000 1.491310 
0.540000 1.495956 
0.541000 1.500527 
0.542000 1.505025 
0.543000 1.509449 
0.544000 1.513799 
0.545000 1.518078 
0.546000 1.522284 
0.547000 1.526420 
0.548000 1.530485 
0.549000 1.534479 
0.550000 1.538405 
0.551000 1.542261 
0.552000 1.546049 
0.553000 1.549770 
0.554000 1.553423 
0.555000 1.557009 
0.556000 1.560529 
0.557000 1.563984 
0.558000 1.567373 
0.559000 1.570698 
0.560000 1.573959 
0.561000 1.577157 
0.562000 1.580291 
0.563000 1.583363 
0.564000 1.586373 
0.565000 1.589321 
0.566000 1.592208 
0.567000 1.595035 
0.568000 1.597802 
0.569000 1.600509 
0.570000 1.603157 
0.571000 1.605747 
0.572000 1.608278 
0.573000 1.610751 
0.574000 1.613168 
0.575000 1.615527 
0.576000 1.617830 
0.577000 1.620077 
0.578000 1.622269 
0.579000 1.624406 
0.580000 1.626488 
0.581000 1.628516 
0.582000 1.630490 
0.583000 1.632410 
0.584000 1.634278 
0.585000 1.636093 
0.586000 1.637856 
0.587000 1.639567 
0.588000 1.641227 
0.589000 1.642836 
0.590000 1.644394 
0.591000 1.645902 
0.592000 1.647360 
0.593000 1.648769 
0.594000 1.650129 
0.595000 1.651440 
0.596000 1.652702 
0.597000 1.653917 
0.598000 1.655084 
0.599000 1.656204 
0.600000 1.657276 
0.601000 1.658302 
0.602000 1.659282 
0.603000 1.660216 
0.604000 1.661105 
0.605000 1.661948 
0.606000 1.662746 
0.607000 1.663500 
0.608000 1.664209 
0.609000 1.664874 
0.610000 1.665496 
0.611000 1.666074 
0.612000 1.666610 
0.613000 1.667102 
0.614000 1.667552 
0.615000 1.667960 
0.616000 1.668327 
0.617000 1.668651 
0.618000 1.668934 
0.619000 1.669177 
0.620000 1.669378 
0.621000 1.669540 
0.622000 1.669661 
0.623000 1.669742 
0.624000 1.669783 
0.625000 1.669786 
0.626000 1.669749 
0.627000 1.669673 
0.628000 1.669559 
0.629000 1.669406 
0.630000 1.669216 
0.631000 1.668987 
0.632000 1.668721 
0.633000 1.668418 
0.634000 1.668078 
0.635000 1.667701 
0.636000 1.667287 
0.637000 1.666837 
0.638000 1.666351 
0.639000 1.665829 
0.640000 1.665271 
0.641000 1.664677 
0.642000 1.664049 
0.643000 1.663385 
0.644000 1.662687 
0.645000 1.661954 
0.646000 1.661187 
0.647000 1.660386 
0.648000 1.659550 
0.649000 1.658681 
0.650000 1.657778 
0.651000 1.656842 
0.652000 1.655873 
0.653000 1.654871 
0.654000 1.653836 
0.655000 1.652769 
0.656000 1.651669 
0.657000 1.650537 
0.658000 1.649373 
0.659000 1.648177 
0.660000 1.646950 
0.661000 1.645691 
0.662000 1.644400 
0.663000 1.643079 
0.664000 1.641727 
0.665000 1.640344 
0.666000 1.638930 
0.667000 1.637486 
0.668000 1.636012 
0.669000 1.634507 
0.670000 1.632973 
0.671000 1.631408 
0.672000 1.629814 
0.673000 1.628191 
0.674000 1.626538 
0.675000 1.624857 
0.676000 1.623146 
0.677000 1.621406 
0.678000 1.619638 
0.679000 1.617840 
0.680000 1.616015 
0.681000 1.614161 
0.682000 1.612279 
0.683000 1.610369 
0.684000 1.608431 
0.685000 1.606466 
0.686000 1.604473 
0.687000 1.602452 
0.688000 1.600404 
0.689000 1.598329 
0.690000 1.596226 
0.691000 1.594097 
0.692000 1.591941 
0.693000 1.589758 
0.694000 1.587548 
0.695000 1.585312 
0.696000 1.583050 
0.697000 1.580761 
0.698000 1.578446 
0.699000 1.576105 
0.700000 1.573739 
0.701000 1.571346 
0.702000 1.568928 
0.703000 1.566484 
0.704000 1.564015 
0.705000 1.561520 
0.706000 1.559000 
0.707000 1.556455 
0.708000 1.553885 
0.709000 1.551289 
0.710000 1.548669 
0.711000 1.546025 
0.712000 1.543355 
0.713000 1.540661 
0.714000 1.537942 
0.715000 1.535199 
0.716000 1.532432 
0.717000 1.529641 
0.718000 1.526825 
0.719000 1.523985 
0.720000 1.521122 
0.721000 1.518234 
0.722000 1.515323 
0.723000 1.512388 
0.724000 1.509429 
0.725000 1.506447 
0.726000 1.503441 
0.727000 1.500412 
0.728000 1.497360 
0.729000 1.494284 
0.730000 1.491185 
0.731000 1.488063 
0.732000 1.484918 
0.733000 1.481750 
0.734000 1.478560 
0.735000 1.475346 
0.736000 1.472110 
0.737000 1.468851 
0.738000 1.465569 
0.739000 1.462265 
0.740000 1.458938 
0.741000 1.455589 
0.742000 1.452218 
0.743000 1.448824 
0.744000 1.445408 
0.745000 1.441970 
0.746000 1.438510 
0.747000 1.435028 
0.748000 1.431523 
0.749000 1.427997 
0.750000 1.424449 
0.751000 1.420879 
0.752000 1.417287 
0.753000 1.413674 
0.754000 1.410038 
0.755000 1.406381 
0.756000 1.402703 
0.757000 1.399003 
0.758000 1.395281 
0.759000 1.391538 
0.760000 1.387774 
0.761000 1.383988 
0.762000 1.380181 
0.763000 1.376353 
0.764000 1.372503 
0.765000 1.368632 
0.766000 1.364740 
0.767000 1.360827 
0.768000 1.356893 
0.769000 1.352938 
0.770000 1.348961 
0.771000 1.344964 
0.772000 1.340946 
0.773000 1.336907 
0.774000 1.332847 
0.775000 1.328766 
0.776000 1.324664 
0.777000 1.320542 
0.778000 1.316399 
0.779000 1.312235 
0.780000 1.308050 
0.781000 1.303845 
0.782000 1.299619 
0.783000 1.295373 
0.784000 1.291106 
0.785000 1.286818 
0.786000 1.282510 
0.787000 1.278181 
0.788000 1.273832 
0.789000 1.269462 
0.790000 1.265072 
0.791000 1.260661 
0.792000 1.256230 
0.793000 1.251779 
0.794000 1.247307 
0.795000 1.242815 
0.796000 1.238303 
0.797000 1.233770 
0.798000 1.229217 
0.799000 1.224644 
0.800000 1.220050 
0.801000 1.215436 
0.802000 1.210802 
0.803000 1.206147 
0.804000 1.201473 
0.805000 1.196778 
0.806000 1.192063 
0.807000 1.187327 
0.808000 1.182572 
0.809000 1.177796 
0.810000 1.173000 
0.811000 1.168184 
0.812000 1.163348 
0.813000 1.158486 
0.814000 1.153609 
0.815000 1.148712 
0.816000 1.143796 
0.817000 1.138858 
0.818000 1.133901 
0.819000 1.128924 
0.820000 1.123926 
0.821000 1.118909 
0.822000 1.113871 
0.823000 1.108813 
0.824000 1.103735 
0.825000 1.098636 
0.826000 1.093518 
0.827000 1.088379 
0.828000 1.083220 
0.829000 1.078041 
0.830000 1.072842 
0.831000 1.067623 
0.832000 1.062383 
0.833000 1.057124 
0.834000 1.051844 
0.835000 1.046543 
0.836000 1.041223 
0.837000 1.035882 
0.838000 1.030521 
0.839000 1.025140 
0.840000 1.019739 
0.841000 1.014317 
0.842000 1.008875 
0.843000 1.003413 
0.844000 0.997930 
0.845000 0.992427 
0.846000 0.986904 
0.847000 0.981361 
0.848000 0.975796 
0.849000 0.970212 
0.850000 0.964607 
0.851000 0.958982 
0.852000 0.953336 
0.853000 0.947670 
0.854000 0.941983 
0.855000 0.936276 
0.856000 0.930549 
0.857000 0.924800 
0.858000 0.919031 
0.859000 0.913242 
0.860000 0.907432 
0.861000 0.901601 
0.862000 0.895750 
0.863000 0.889878 
0.864000 0.883985 
0.865000 0.878072 
0.866000 0.872138 
0.867000 0.866183 
0.868000 0.860207 
0.869000 0.854210 
0.870000 0.848193 
0.871000 0.842154 
0.872000 0.836095 
0.873000 0.830015 
0.874000 0.823914 
0.875000 0.817791 
0.876000 0.811648 
0.877000 0.805484 
0.878000 0.799298 
0.879000 0.793092 
0.880000 0.786864 
0.881000 0.780615 
0.882000 0.774345 
0.883000 0.768053 
0.884000 0.761740 
0.885000 0.755406 
0.886000 0.749051 
0.887000 0.742674 
0.888000 0.736275 
0.889000 0.729855 
0.890000 0.723414 
0.891000 0.716951 
0.892000 0.710467 
0.893000 0.703960 
0.894000 0.697433 
0.895000 0.690883 
0.896000 0.684312 
0.897000 0.677718 
0.898000 0.671103 
0.899000 0.664467 
0.900000 0.657808 
0.901000 0.651127 
0.902000 0.644424 
0.903000 0.637699 
0.904000 0.630953 
0.905000 0.624184 
0.906000 0.617392 
0.907000 0.610579 
0.908000 0.603743 
0.909000 0.596885 
0.910000 0.590005 
0.911000 0.583102 
0.912000 0.576176 
0.913000 0.569228 
0.914000 0.562258 
0.915000 0.555265 
0.916000 0.548249 
0.917000 0.541211 
0.918000 0.534150 
0.919000 0.527066 
0.920000 0.519959 
0.921000 0.512830 
0.922000 0.505677 
0.923000 0.498501 
0.924000 0.491302 
0.925000 0.484081 
0.926000 0.476836 
0.927000 0.469567 
0.928000 0.462276 
0.929000 0.454961 
0.930000 0.447623 
0.931000 0.440261 
0.932000 0.432876 
0.933000 0.425467 
0.934000 0.418035 
0.935000 0.410579 
0.936000 0.403099 
0.937000 0.395596 
0.938000 0.388068 
0.939000 0.380517 
0.940000 0.372942 
0.941000 0.365343 
0.942000 0.357720 
0.943000 0.350072 
0.944000 0.342401 
0.945000 0.334705 
0.946000 0.326985 
0.947000 0.319241 
0.948000 0.311472 
0.949000 0.303679 
0.950000 0.295861 
0.951000 0.288018 
0.952000 0.280151 
0.953000 0.272259 
0.954000 0.264343 
0.955000 0.256401 
0.956000 0.248435 
0.957000 0.240444 
0.958000 0.232427 
0.959000 0.224386 
0.960000 0.216319 
0.961000 0.208228 
0.962000 0.200110 
0.963000 0.191968 
0.964000 0.183800 
0.965000 0.175607 
0.966000 0.167388 
0.967000 0.159144 
0.968000 0.150873 
0.969000 0.142578 
0.970000 0.134256 
0.971000 0.125909 
0.972000 0.117535 
0.973000 0.109136 
0.974000 0.100710 
0.975000 0.092259 
0.976000 0.083781 
0.977000 0.075277 
0.978000 0.066747 
0.979000 0.058190 
0.980000 0.049607 
0.981000 0.040998 
0.982000 0.032362 
0.983000 0.023699 
0.984000 0.015010 
0.985000 0.006294 
0.986000 -0.002449 
0.987000 -0.011219 
0.988000 -0.020016 
0.989000 -0.028840 
0.990000 -0.037690 
0.991000 -0.046568 
0.992000 -0.055473 
0.993000 -0.064406 
0.994000 -0.073365 
0.995000 -0.082352 
0.996000 -0.091367 
0.997000 -0.100409 
0.998000 -0.109478 
0.999000 -0.118576 
1.000000 -0.127700 
1.001000 -0.136853 
1.002000 -0.146033 
1.003000 -0.155242 
1.004000 -0.164478 
1.005000 -0.173742 
1.006000 -0.183034 
1.007000 -0.192354 
1.008000 -0.201702 
1.009000 -0.211079 
1.010000 -0.220484 
1.011000 -0.229917 
1.012000 -0.239378 
1.013000 -0.248868 
1.014000 -0.258386 
1.015000 -0.267933 
1.016000 -0.277508 
1.017000 -0.287112 
1.018000 -0.296745 
1.019000 -0.306406 
1.020000 -0.316097 
1.021000 -0.325815 
1.022000 -0.335563 
1.023000 -0.345340 
1.024000 -0.355145 
1.025000 -0.364980 
1.026000 -0.374843 
1.027000 -0.384736 
1.028000 -0.394658 
1.029000 -0.404609 
1.030000 -0.414589 
1.031000 -0.424598 
1.032000 -0.434636 
1.033000 -0.444704 
1.034000 -0.454801 
1.035000 -0.464927 
1.036000 -0.475083 
1.037000 -0.485268 
1.038000 -0.495482 
1.039000 -0.505726 
1.040000 -0.515999 
1.041000 -0.526302 
1.042000 -0.536634 
1.043000 -0.546995 
1.044000 -0.557387 
1.045000 -0.567807 
1.046000 -0.578257 
1.047000 -0.588737 
1.048000 -0.599246 
1.049000 -0.609785 
1.050000 -0.620353 
1.051000 -0.630951 
1.052000 -0.641578 
1.053000 -0.652235 
1.054000 -0.662921 
1.055000 -0.673636 
1.056000 -0.684381 
1.057000 -0.695156 
1.058000 -0.705960 
1.059000 -0.716793 
1.060000 -0.727656 
1.061000 -0.738548 
1.062000 -0.749469 
1.063000 -0.760420 
1.064000 -0.771399 
1.065000 -0.782408 
1.066000 -0.793446 
1.067000 -0.804513 
1.068000 -0.815609 
1.069000 -0.826734 
1.070000 -0.837888 
1.071000 -0.849070 
1.072000 -0.860282 
1.073000 -0.871522 
1.074000 -0.882790 
1.075000 -0.894087 
1.076000 -0.905412 
1.077000 -0.916766 
1.078000 -0.928147 
1.079000 -0.939557 
1.080000 -0.950995 
1.081000 -0.962460 
1.082000 -0.973954 
1.083000 -0.985474 
1.084000 -0.997023 
1.085000 -1.008598 
1.086000 -1.020201 
1.087000 -1.031830 
1.088000 -1.043487 
1.089000 -1.055170 
1.090000 -1.066880 
1.091000 -1.078615 
1.092000 -1.090378 
1.093000 -1.102165 
1.094000 -1.113979 
1.095000 -1.125818 
1.096000 -1.137683 
1.097000 -1.149572 
1.098000 -1.161487 
1.099000 -1.173425 
1.100000 -1.185389 
1.101000 -1.197376 
1.102000 -1.209387 
1.103000 -1.221422 
1.104000 -1.233480 
1.105000 -1.245561 
1.106000 -1.257664 
1.107000 -1.269790 
1.108000 -1.281938 
1.109000 -1.294107 
1.110000 -1.306298 
1.111000 -1.318510 
1.112000 -1.330743 
1.113000 -1.342995 
1.114000 -1.355268 
1.115000 -1.367560 
1.116000 -1.379870 
1.117000 -1.392200 
1.118000 -1.404548 
1.119000 -1.416913 
1.120000 -1.429296 
1.121000 -1.441695 
1.122000 -1.454110 
1.123000 -1.466542 
1.124000 -1.478988 
1.125000 -1.491450 
1.126000 -1.503925 
1.127000 -1.516414 
1.128000 -1.528916 
1.129000 -1.541430 
1.130000 -1.553957 
1.131000 -1.566494 
1.132000 -1.579042 
1.133000 -1.591600 
1.134000 -1.604167 
1.135000 -1.616742 
1.136000 -1.629325 
1.137000 -1.641916 
1.138000 -1.654512 
1.139000 -1.667114 
1.140000 -1.679721 
1.141000 -1.692332 
1.142000 -1.704946 
1.143000 -1.717562 
1.144000 -1.730179 
1.145000 -1.742797 
1.146000 -1.755414 
1.147000 -1.768030 
1.148000 -1.780644 
1.149000 -1.793254 
1.150000 -1.805860 
1.151000 -1.818461 
1.152000 -1.831055 
1.153000 -1.843642 
1.154000 -1.856220 
1.155000 -1.868788 
1.156000 -1.881346 
1.157000 -1.893891 
1.158000 -1.906423 
1.159000 -1.918941 
1.160000 -1.931443 
1.161000 -1.943927 
1.162000 -1.956394 
1.163000 -1.968840 
1.164000 -1.981266 
1.165000 -1.993669 
1.166000 -2.006048 
1.167000 -2.018402 
1.168000 -2.030728 
1.169000 -2.043027 
1.170000 -2.055295 
1.171000 -2.067532 
1.172000 -2.079735 
1.173000 -2.091904 
1.174000 -2.104035 
1.175000 -2.116129 
1.176000 -2.128183 
1.177000 -2.140194 
1.178000 -2.152162 
1.179000 -2.164085 
1.180000 -2.175960 
1.181000 -2.187785 
1.182000 -2.199560 
1.183000 -2.211280 
1.184000 -2.222946 
1.185000 -2.234554 
1.186000 -2.246102 
1.187000 -2.257588 
1.188000 -2.269011 
1.189000 -2.280367 
1.190000 -2.291655 
1.191000 -2.302872 
1.192000 -2.314016 
1.193000 -2.325084 
1.194000 -2.336074 
1.195000 -2.346984 
1.196000 -2.357811 
1.197000 -2.368552 
1.198000 -2.379205 
1.199000 -2.389768 
1.200000 -2.400237 
1.201000 -2.410610 
1.202000 -2.420884 
1.203000 -2.431057 
1.204000 -2.441125 
1.205000 -2.451086 
1.206000 -2.460936 
1.207000 -2.470674 
1.208000 -2.480295 
1.209000 -2.489798 
1.210000 -2.499178 
1.211000 -2.508432 
1.212000 -2.517559 
1.213000 -2.526554 
1.214000 -2.535414 
1.215000 -2.544136 
1.216000 -2.552717 
1.217000 -2.561153 
1.218000 -2.569442 
1.219000 -2.577579 
1.220000 -2.585562 
1.221000 -2.593387 
1.222000 -2.601051 
1.223000 -2.608549 
1.224000 -2.615879 
1.225000 -2.623037 
1.226000 -2.630020 
1.227000 -2.636824 
1.228000 -2.643445 
1.229000 -2.649880 
1.230000 -2.656126 
1.231000 -2.662177 
1.232000 -2.668032 
1.233000 -2.673686 
1.234000 -2.679136 
1.235000 -2.684377 
1.236000 -2.689407 
1.237000 -2.694222 
1.238000 -2.698817 
1.239000 -2.703190 
1.240000 -2.707337 
1.241000 -2.711253 
1.242000 -2.714936 
1.243000 -2.718381 
1.244000 -2.721585 
1.245000 -2.724545 
1.246000 -2.727257 
1.247000 -2.729716 
1.248000 -2.731921 
1.249000 -2.733867 
1.250000 -2.735551 
1.251000 -2.736969 
1.252000 -2.738118 
1.253000 -2.738994 
1.254000 -2.739595 
1.255000 -2.739917 
1.256000 -2.739957 
1.257000 -2.739712 
1.258000 -2.739178 
1.259000 -2.738353 
1.260000 -2.737234 
1.261000 -2.735817 
1.262000 -2.734100 
1.263000 -2.732081 
1.264000 -2.729756 
1.265000 -2.727123 
1.266000 -2.724180 
1.267000 -2.720924 
1.268000 -2.717354 
1.269000 -2.713466 
1.270000 -2.709258 
1.271000 -2.704730 
1.272000 -2.699878 
1.273000 -2.694701 
1.274000 -2.689198 
1.275000 -2.683367 
1.276000 -2.677207 
1.277000 -2.670716 
1.278000 -2.663894 
1.279000 -2.656739 
1.280000 -2.649250 
1.281000 -2.641427 
1.282000 -2.633269 
1.283000 -2.624777 
1.284000 -2.615948 
1.285000 -2.606784 
1.286000 -2.597285 
1.287000 -2.587450 
1.288000 -2.577280 
1.289000 -2.566776 
1.290000 -2.555938 
1.291000 -2.544766 
1.292000 -2.533263 
1.293000 -2.521428 
1.294000 -2.509264 
1.295000 -2.496771 
1.296000 -2.483952 
1.297000 -2.470808 
1.298000 -2.457341 
1.299000 -2.443553 
1.300000 -2.429446 
1.301000 -2.415023 
1.302000 -2.400287 
1.303000 -2.385240 
1.304000 -2.369885 
1.305000 -2.354224 
1.306000 -2.338262 
1.307000 -2.322002 
1.308000 -2.305446 
1.309000 -2.288600 
1.310000 -2.271466 
1.311000 -2.254048 
1.312000 -2.236350 
1.313000 -2.218358 
1.314000 -2.200114 
1.315000 -2.181603 
1.316000 -2.162830 
1.317000 -2.143800 
1.318000 -2.124517 
1.319000 -2.104986 
1.320000 -2.085213 
1.321000 -2.065202 
1.322000 -2.044959 
1.323000 -2.024489 
1.324000 -2.003797 
1.325000 -1.982889 
1.326000 -1.961770 
1.327000 -1.940447 
1.328000 -1.918924 
1.329000 -1.897208 
1.330000 -1.875304 
1.331000 -1.853218 
1.332000 -1.830957 
1.333000 -1.808525 
1.334000 -1.785930 
1.335000 -1.763177 
1.336000 -1.740272 
1.337000 -1.717221 
1.338000 -1.694031 
1.339000 -1.670708 
1.340000 -1.647257 
1.341000 -1.623684 
1.342000 -1.599997 
1.343000 -1.576201 
1.344000 -1.552302 
1.345000 -1.528306 
1.346000 -1.504219 
1.347000 -1.480047 
1.348000 -1.455797 
1.349000 -1.431474 
1.350000 -1.407085 
1.351000 -1.382634 
1.352000 -1.358129 
1.353000 -1.333574 
1.354000 -1.308975 
1.355000 -1.284339 
1.356000 -1.259671 
1.357000 -1.234975 
1.358000 -1.210259 
1.359000 -1.185527 
1.360000 -1.160785 
1.361000 -1.136037 
1.362000 -1.111290 
1.363000 -1.086548 
1.364000 -1.061816 
1.365000 -1.037099 
1.366000 -1.012402 
1.367000 -0.987731 
1.368000 -0.963089 
1.369000 -0.938481 
1.370000 -0.913911 
1.371000 -0.889385 
1.372000 -0.864906 
1.373000 -0.840479 
1.374000 -0.816108 
1.375000 -0.791797 
1.376000 -0.767550 
1.377000 -0.743370 
1.378000 -0.719262 
1.379000 -0.695228 
1.380000 -0.671274 
1.381000 -0.647402 
1.382000 -0.623615 
1.383000 -0.599917 
1.384000 -0.576311 
1.385000 -0.552799 
1.386000 -0.529386 
1.387000 -0.506074 
1.388000 -0.482866 
1.389000 -0.459764 
1.390000 -0.436771 
1.391000 -0.413890 
1.392000 -0.391123 
1.393000 -0.368472 
1.394000 -0.345939 
1.395000 -0.323528 
1.396000 -0.301239 
1.397000 -0.279075 
1.398000 -0.257038 
1.399000 -0.235129 
1.400000 -0.213351 
1.401000 -0.191704 
1.402000 -0.170191 
1.403000 -0.148814 
1.404000 -0.127572 
1.405000 -0.106469 
1.406000 -0.085505 
1.407000 -0.064681 
1.408000 -0.043998 
1.409000 -0.023458 
1.410000 -0.003062 
1.411000 0.017190 
1.412000 0.037297 
1.413000 0.057257 
1.414000 0.077071 
1.415000 0.096737 
1.416000 0.116255 
1.417000 0.135623 
1.418000 0.154843 
1.419000 0.173913 
1.420000 0.192832 
1.421000 0.211602 
1.422000 0.230220 
1.423000 0.248687 
1.424000 0.267003 
1.425000 0.285167 
1.426000 0.303180 
1.427000 0.321041 
1.428000 0.338751 
1.429000 0.356308 
1.430000 0.373714 
1.431000 0.390969 
1.432000 0.408072 
1.433000 0.425024 
1.434000 0.441825 
1.435000 0.458475 
1.436000 0.474974 
1.437000 0.491323 
1.438000 0.507522 
1.439000 0.523571 
1.440000 0.539471 
1.441000 0.555223 
1.442000 0.570825 
1.443000 0.586280 
1.444000 0.601587 
1.445000 0.616748 
1.446000 0.631761 
1.447000 0.646629 
1.448000 0.661352 
1.449000 0.675929 
1.450000 0.690363 
1.451000 0.704653 
1.452000 0.718800 
1.453000 0.732804 
1.454000 0.746667 
1.455000 0.760389 
1.456000 0.773971 
1.457000 0.787413 
1.458000 0.800717 
1.459000 0.813882 
1.460000 0.826910 
1.461000 0.839801 
1.462000 0.852556 
1.463000 0.865177 
1.464000 0.877663 
1.465000 0.890015 
1.466000 0.902235 
1.467000 0.914322 
1.468000 0.926279 
1.469000 0.938105 
1.470000 0.949802 
1.471000 0.961370 
1.472000 0.972810 
1.473000 0.984123 
1.474000 0.995310 
1.475000 1.006372 
1.476000 1.017309 
1.477000 1.028122 
1.478000 1.038812 
1.479000 1.049381 
1.480000 1.059828 
1.481000 1.070155 
1.482000 1.080363 
1.483000 1.090452 
1.484000 1.100423 
1.485000 1.110277 
1.486000 1.120015 
1.487000 1.129638 
1.488000 1.139147 
1.489000 1.148542 
1.490000 1.157824 
1.491000 1.166995 
1.492000 1.176054 
1.493000 1.185003 
1.494000 1.193843 
1.495000 1.202575 
1.496000 1.211199 
1.497000 1.219716 
1.498000 1.228126 
1.499000 1.236432 
