# time Tc_folded Tref_folded value value_err offset model full_model val_compare val_compare_err residuals residuals_err jitter jitter_flag offset_flag subset_flag 
2460042.883932 -4.890712 0.439489 0.500000 0.100000 -1.067637 1.776790 0.563381 1.713408 0.100000 -0.063381 0.100000 1.121817  -1  -1  -1 
2460042.889532 -4.885112 0.439881 0.200000 0.100000 -1.067637 1.780666 0.568316 1.412350 0.100000 -0.368316 0.100000 1.121817  -1  -1  -1 
2460043.870973 -3.903671 0.508591 0.300000 0.100000 -1.067637 2.303395 1.279712 1.323683 0.100000 -0.979712 0.100000 1.121817  -1  -1  -1 
2460043.876677 -3.897967 0.508990 0.200000 0.100000 -1.067637 2.305370 1.282803 1.222567 0.100000 -1.082803 0.100000 1.121817  -1  -1  -1 
2460044.793251 -2.981393 0.573159 1.900000 0.100000 -1.067637 2.423762 1.583724 2.740038 0.100000 0.316276 0.100000 1.121817  -1  -1  -1 
2460044.798982 -2.975662 0.573560 1.700000 0.100000 -1.067637 2.423165 1.584289 2.538876 0.100000 0.115711 0.100000 1.121817  -1  -1  -1 
2460045.773704 -2.000940 0.641800 -0.900000 0.300000 -1.067637 2.063696 1.426374 -0.262678 0.300000 -2.326374 0.300000 1.121817  -1  -1  -1 
2460045.779649 -1.994995 0.642216 -0.700000 0.200000 -1.067637 2.059951 1.423883 -0.063932 0.200000 -2.123883 0.200000 1.121817  -1  -1  -1 
2460046.786658 -0.987986 0.712716 1.400000 0.100000 -1.067637 1.194909 0.775498 1.819412 0.100000 0.624502 0.100000 1.121817  -1  -1  -1 
2460046.792204 -0.982440 0.713104 0.500000 0.100000 -1.067637 1.189081 0.770886 0.918195 0.100000 -0.270886 0.100000 1.121817  -1  -1  -1 
2460047.789500 0.014856 0.782924 -0.000000 0.100000 -1.067637 0.048566 -0.147338 0.195903 0.100000 0.147338 0.100000 1.121817  -1  -1  -1 
2460047.795047 0.020403 0.783313 -0.300000 0.100000 -1.067637 0.042016 -0.152634 -0.105350 0.100000 -0.147366 0.100000 1.121817  -1  -1  -1 
2460048.783364 1.008720 0.852504 -0.500000 0.100000 -1.067637 -1.057636 -1.027584 -0.530052 0.100000 0.527584 0.100000 1.121817  -1  -1  -1 
2460048.789012 1.014368 0.852899 0.000000 0.100000 -1.067637 -1.063278 -1.031942 -0.031336 0.100000 1.031942 0.100000 1.121817  -1  -1  -1 
2460049.801102 2.026458 0.923755 -0.800000 0.100000 -1.067637 -1.886428 -1.629594 -1.056834 0.100000 0.829594 0.100000 1.121817  -1  -1  -1 
2460049.806533 2.031889 0.924135 -1.000000 0.100000 -1.067637 -1.889718 -1.631719 -1.258000 0.100000 0.631719 0.100000 1.121817  -1  -1  -1 
2460050.776767 3.002123 0.992061 -2.800000 0.100000 -1.067637 -2.266777 -1.818120 -3.248657 0.100000 -0.981880 0.100000 1.121817  -1  -1  -1 
2460050.782471 3.007827 0.992460 -2.500000 0.100000 -1.067637 -2.267756 -1.818126 -2.949630 0.100000 -0.681874 0.100000 1.121817  -1  -1  -1 
2460068.823617 6.765153 0.255508 0.600000 0.100000 -1.067637 -0.507671 -3.105607 3.197936 0.100000 3.705607 0.100000 1.121817  -1  -1  -1 
2460068.829253 6.770789 0.255902 -0.100000 0.200000 -1.067637 -0.502671 -3.099660 2.496988 0.200000 2.999660 0.200000 1.121817  -1  -1  -1 
2460073.775251 -2.567034 0.602168 -0.600000 0.100000 -1.067637 2.334971 0.581833 1.153138 0.100000 -1.181833 0.100000 1.121817  -1  -1  -1 
2460073.780774 -2.561511 0.602555 -0.500000 0.100000 -1.067637 2.333158 0.580993 1.252165 0.100000 -1.080993 0.100000 1.121817  -1  -1  -1 
2460076.728213 0.385928 0.808903 -0.600000 0.100000 -1.067637 -0.384432 -1.597282 0.612850 0.100000 0.997282 0.100000 1.121817  -1  -1  -1 
2460076.733797 0.391512 0.809294 -0.300000 0.100000 -1.067637 -0.390828 -1.602610 0.911783 0.100000 1.302610 0.100000 1.121817  -1  -1  -1 
2460077.755001 1.412716 0.880787 -1.700000 0.200000 -1.067637 -1.434319 -2.447216 -0.687103 0.200000 0.747216 0.200000 1.121817  -1  -1  -1 
2460077.760768 1.418483 0.881191 -1.800000 0.200000 -1.067637 -1.439274 -2.451026 -0.788248 0.200000 0.651026 0.200000 1.121817  -1  -1  -1 
2460078.818364 2.476079 0.955233 -2.000000 0.100000 -1.067637 -2.114566 -2.911991 -1.202575 0.100000 0.911991 0.100000 1.121817  -1  -1  -1 
2460078.823976 2.481691 0.955626 -2.600000 0.100000 -1.067637 -2.116843 -2.913106 -1.803736 0.100000 0.313106 0.100000 1.121817  -1  -1  -1 
2460079.846559 3.504274 0.027216 -1.700000 0.100000 -1.067637 -2.299546 -2.879728 -1.119818 0.100000 1.179728 0.100000 1.121817  -1  -1  -1 
2460079.852048 3.509763 0.027600 -1.500000 0.100000 -1.067637 -2.299321 -2.878319 -0.921002 0.100000 1.378319 0.100000 1.121817  -1  -1  -1 
2460080.730235 4.387950 0.089081 -1.700000 0.100000 -1.067637 -2.113853 -2.500303 -1.313551 0.100000 0.800303 0.100000 1.121817  -1  -1  -1 
2460080.735864 4.393579 0.089476 -1.500000 0.100000 -1.067637 -2.111768 -2.496964 -1.114804 0.100000 0.996964 0.100000 1.121817  -1  -1  -1 
2460082.755256 6.412971 0.230852 -1.000000 0.100000 -1.067637 -0.813340 -0.740522 -1.072818 0.100000 -0.259478 0.100000 1.121817  -1  -1  -1 
2460082.760842 6.418557 0.231243 -0.400000 0.100000 -1.067637 -0.808608 -0.734530 -0.474078 0.100000 0.334530 0.100000 1.121817  -1  -1  -1 
2460086.748603 -3.877503 0.510423 4.300000 0.100000 -1.067637 2.312339 2.646497 3.965842 0.100000 1.653503 0.100000 1.121817  -1  -1  -1 
2460086.754324 -3.871782 0.510824 3.800000 0.100000 -1.067637 2.314255 2.646111 3.468144 0.100000 1.153889 0.100000 1.121817  -1  -1  -1 
2460199.601214 -5.295459 0.411153 0.200000 0.200000 -1.067637 1.476136 1.585867 0.090269 0.200000 -1.385867 0.200000 1.121817  -1  -1  -1 
2460199.607025 -5.289648 0.411560 -1.200000 0.200000 -1.067637 1.480713 1.591019 -1.310306 0.200000 -2.791019 0.200000 1.121817  -1  -1  -1 
2460201.515076 -3.381597 0.545141 1.500000 0.100000 -1.067637 2.422921 2.728247 1.194675 0.100000 -1.228247 0.100000 1.121817  -1  -1  -1 
2460201.520627 -3.376046 0.545530 1.700000 0.100000 -1.067637 2.423493 2.729402 1.394092 0.100000 -1.029402 0.100000 1.121817  -1  -1  -1 
2460202.533617 -2.363056 0.616448 2.400000 0.100000 -1.067637 2.256998 2.670787 1.986211 0.100000 -0.270787 0.100000 1.121817  -1  -1  -1 
2460202.539273 -2.357400 0.616844 2.600000 0.100000 -1.067637 2.254515 2.668914 2.185600 0.100000 -0.068914 0.100000 1.121817  -1  -1  -1 
2460203.571018 -1.325655 0.689076 2.200000 0.200000 -1.067637 1.530978 2.058242 1.672736 0.200000 0.141758 0.200000 1.121817  -1  -1  -1 
2460203.577196 -1.319477 0.689509 2.400000 0.200000 -1.067637 1.525192 2.053142 1.872050 0.200000 0.346858 0.200000 1.121817  -1  -1  -1 
2460204.530857 -0.365816 0.756274 0.600000 0.100000 -1.067637 0.497648 1.132832 -0.035184 0.100000 -0.532832 0.100000 1.121817  -1  -1  -1 
2460204.536387 -0.360286 0.756661 1.300000 0.100000 -1.067637 0.491174 1.126988 0.664186 0.100000 0.173012 0.100000 1.121817  -1  -1  -1 
2460205.516019 0.619346 0.825244 -0.100000 0.100000 -1.067637 -0.647142 0.102109 -0.849251 0.100000 -0.202109 0.100000 1.121817  -1  -1  -1 
2460205.521490 0.624817 0.825627 0.300000 0.100000 -1.067637 -0.653172 0.096723 -0.449895 0.100000 0.203277 0.100000 1.121817  -1  -1  -1 
2460206.534104 1.637431 0.896520 0.100000 0.100000 -1.067637 -1.617818 -0.746587 -0.771231 0.100000 0.846587 0.100000 1.121817  -1  -1  -1 
2460206.539634 1.642961 0.896907 0.700000 0.100000 -1.067637 -1.622081 -0.750175 -0.171906 0.100000 1.450175 0.100000 1.121817  -1  -1  -1 
2460208.612713 3.716040 0.042042 0.200000 0.100000 -1.067637 -2.282059 -1.146422 -0.935637 0.100000 1.346422 0.100000 1.121817  -1  -1  -1 
2460208.618030 3.721357 0.042414 -0.000000 0.100000 -1.067637 -2.281390 -1.145046 -1.136344 0.100000 1.145046 0.100000 1.121817  -1  -1  -1 
2460209.504007 4.607334 0.104440 -0.300000 0.200000 -1.067637 -2.024906 -0.768230 -1.556675 0.200000 0.468230 0.200000 1.121817  -1  -1  -1 
2460209.509978 4.613305 0.104858 -0.700000 0.200000 -1.067637 -2.022269 -0.764765 -1.957504 0.200000 0.064765 0.200000 1.121817  -1  -1  -1 
2460210.587394 5.690721 0.180288 -0.200000 0.100000 -1.067637 -1.383739 0.027442 -1.611181 0.100000 -0.227442 0.100000 1.121817  -1  -1  -1 
2460210.593026 5.696353 0.180682 0.200000 0.100000 -1.067637 -1.379660 0.032347 -1.212007 0.100000 0.167653 0.100000 1.121817  -1  -1  -1 
2460211.516295 6.619622 0.245319 -1.000000 0.200000 -1.067637 -0.635675 0.915235 -2.550910 0.200000 -1.915235 0.200000 1.121817  -1  -1  -1 
2460211.522268 6.625595 0.245737 -0.700000 0.200000 -1.067637 -0.630465 0.921367 -2.251832 0.200000 -1.621367 0.200000 1.121817  -1  -1  -1 
