# time model 
2449300.559923 1.385792 
2449313.101259 -2.130195 
2449325.642595 -0.226598 
2449338.183931 2.281544 
2449350.725267 -1.670572 
2449363.266603 0.490653 
2449375.807939 1.122838 
2449388.349275 -0.983619 
2449400.890611 1.296362 
2449413.431947 -2.108988 
2449425.973283 -0.297210 
2449438.514619 2.199862 
2449451.055955 -1.738226 
2449463.597291 0.414519 
2449476.138627 1.576673 
2449488.679963 -1.053812 
2449501.221299 1.208365 
2449513.762635 -2.055284 
2449526.303971 -0.367580 
2449538.845307 2.111964 
2449551.386643 -1.804284 
2449563.927979 0.339234 
2449576.469315 1.930490 
2449589.010651 -1.124109 
2449601.551987 1.121803 
2449614.093323 -1.958592 
2449626.634659 -0.437758 
2449639.175995 2.020309 
2449651.717331 -1.868104 
2449664.258667 0.264728 
2449676.800003 2.181007 
2449689.341339 -1.194500 
2449701.882675 1.036654 
2449714.424011 -1.806065 
2449726.965347 -0.507793 
2449739.506684 1.926617 
2449752.048020 -1.928826 
2449764.589356 0.190935 
2449777.130692 2.339849 
2449789.672028 -1.264956 
2449802.213364 0.952876 
2449814.754700 -1.583291 
2449827.296036 -0.577730 
2449839.837372 1.832086 
2449852.378708 -1.985307 
2449864.920044 0.117787 
2449877.461380 2.424770 
2449890.002716 -1.335428 
2449902.544052 0.870416 
2449915.085388 -1.276780 
2449927.626724 -0.647612 
2449940.168060 1.737546 
2449952.709396 -2.036017 
2449965.250732 0.045222 
2449977.792068 2.453662 
2449990.333404 -1.405842 
2450002.874740 0.789214 
2450015.416076 -0.879040 
2450027.957412 -0.717479 
2450040.498748 1.643561 
2450053.040084 -2.078907 
2450065.581420 -0.026825 
2450078.122756 2.441776 
2450090.664092 -1.476089 
2450103.205428 0.709201 
2450115.746764 -0.396053 
2450128.288100 -0.787366 
2450140.829436 1.550508 
2450153.370772 -2.111230 
2450165.912109 -0.098412 
2450178.453445 2.401037 
2450190.994781 -1.546015 
2450203.536117 0.630308 
2450216.077453 0.146090 
2450228.618789 -0.857304 
2450241.160125 1.458631 
2450253.701461 -2.129297 
2450266.242797 -0.169599 
2450278.784133 2.340332 
2450291.325469 -1.615410 
2450303.866805 0.552464 
2450316.408141 0.702350 
2450328.949477 -0.927318 
2450341.490813 1.368077 
2450354.032149 -2.128170 
2450366.573485 -0.240519 
2450379.114821 2.266106 
2450391.656157 -1.683990 
2450404.197493 0.475597 
2450416.738829 1.219203 
2450429.280165 -0.997427 
2450441.821501 1.278928 
2450454.362837 -2.101282 
2450466.904173 -0.311079 
2450479.445509 2.182962 
2450491.986845 -1.751372 
2450504.528181 0.399635 
2450517.069517 1.654610 
2450529.610853 -1.067640 
2450542.152189 1.191214 
2450554.693525 -2.040023 
2450567.234861 -0.381407 
2450579.776197 2.094158 
2450592.317534 -1.817047 
2450604.858870 0.324509 
2450617.400206 1.987751 
2450629.941542 -1.137958 
2450642.482878 1.104932 
2450655.024214 -1.933425 
2450667.565550 -0.451553 
2450680.106886 2.001984 
2450692.648222 -1.880332 
2450705.189558 0.250149 
2450717.730894 2.218998 
2450730.272230 -1.208364 
2450742.813566 1.020057 
2450755.354902 -1.768230 
2450767.896238 -0.521565 
2450780.437574 1.908046 
2450792.978910 -1.940321 
2450805.520246 0.176488 
2450818.061582 2.361819 
2450830.602918 -1.278827 
2450843.144254 0.936543 
2450855.685590 -1.529942 
2450868.226926 -0.591488 
2450880.768262 1.813458 
2450893.309598 -1.995801 
2450905.850934 0.103460 
2450918.392270 2.434358 
2450930.933606 -1.349295 
2450943.474942 0.854336 
2450956.016278 -1.205758 
2450968.557614 -0.661364 
2450981.098950 1.718989 
2450993.640286 -2.045153 
2451006.181622 0.031002 
2451018.722959 2.454122 
2451031.264295 -1.419686 
2451043.805631 0.773373 
2451056.346967 -0.790201 
2451068.888303 -0.731232 
2451081.429639 1.625162 
2451093.970975 -2.086206 
2451106.512311 -0.040950 
2451119.053647 2.435718 
2451131.594983 -1.489884 
2451144.136319 0.693586 
2451156.677655 -0.292816 
2451169.218991 -0.801127 
2451181.760327 1.532325 
2451194.301663 -2.116049 
2451206.842999 -0.112454 
2451219.384335 2.390432 
2451231.925671 -1.559724 
2451244.467007 0.614905 
2451257.008343 0.256079 
2451269.549679 -0.871078 
2451282.091015 1.440699 
2451294.632351 -2.130774 
2451307.173687 -0.183644 
2451319.715023 2.326622 
2451332.256359 -1.628984 
2451344.797695 0.537259 
2451357.339031 0.808748 
2451369.880367 -0.941110 
2451382.421703 1.350417 
2451394.963039 -2.125154 
2451407.504375 -0.254428 
2451420.045711 2.250326 
2451432.587047 -1.697362 
2451445.128384 0.460576 
2451457.669720 1.312339 
2451470.211056 -1.011239 
2451482.752392 1.261549 
2451495.293728 -2.092252 
2451507.835064 -0.324938 
2451520.376400 2.165846 
2451532.917736 -1.764453 
2451545.459072 0.384784 
2451558.000408 1.728516 
2451570.541744 -1.081473 
2451583.083080 1.174118 
2451595.624416 -2.023013 
2451608.165752 -0.395227 
2451620.707088 2.076222 
2451633.248424 -1.829717 
2451645.789760 0.309814 
2451658.331096 2.041024 
2451670.872432 -1.151809 
2451683.413768 1.088116 
2451695.955104 -1.905992 
2451708.496440 -0.465343 
2451721.037776 1.983593 
2451733.579112 -1.892434 
2451746.120448 0.235597 
2451758.661784 2.253550 
2451771.203120 -1.222230 
2451783.744456 1.003513 
2451796.285792 -1.727560 
2451808.827128 -0.535334 
2451821.368464 1.889451 
2451833.909800 -1.951642 
2451846.451136 0.162066 
2451858.992472 2.381070 
2451871.533809 -1.292699 
2451884.075145 0.920261 
2451896.616481 -1.473244 
2451909.157817 -0.605245 
2451921.699153 1.794834 
2451934.240489 -2.006059 
2451946.781825 0.089155 
2451959.323161 2.441912 
2451971.864497 -1.363160 
2451984.405833 0.838303 
2451996.947169 -1.131148 
2452009.488505 -0.675116 
2452022.029841 1.700457 
2452034.571177 -2.053969 
2452047.112513 0.016801 
2452059.653849 2.453115 
2452072.195185 -1.433523 
2452084.736521 0.757577 
2452097.277857 -0.698124 
2452109.819193 -0.744987 
2452122.360529 1.606802 
2452134.901865 -2.093073 
2452147.443201 -0.055058 
2452159.984537 2.428628 
2452172.525873 -1.503665 
2452185.067209 0.678014 
2452197.608545 -0.187523 
2452210.149881 -0.814890 
2452222.691217 1.514189 
2452235.232553 -2.120286 
2452247.773889 -0.126481 
2452260.315225 2.379117 
2452272.856561 -1.573410 
2452285.397897 0.599542 
2452297.939234 0.366208 
2452310.480570 -0.884855 
2452323.021906 1.422819 
2452335.563242 -2.131468 
2452348.104578 -0.197600 
2452360.645914 2.312435 
2452373.187250 -1.642523 
2452385.728586 0.522091 
2452398.269922 0.913219 
2452410.811258 -0.954905 
2452423.352594 1.332812 
2452435.893930 -2.121088 
2452448.435266 -0.268327 
2452460.976602 2.234233 
2452473.517938 -1.710684 
2452486.059274 0.445589 
2452498.600610 1.402013 
2452511.141946 -1.025055 
2452523.683282 1.244226 
2452536.224618 -2.081822 
2452548.765954 -0.338789 
2452561.307290 2.148533 
2452573.848626 -1.777463 
2452586.389962 0.369965 
2452598.931298 1.798342 
2452611.472634 -1.095310 
2452624.013970 1.157078 
2452636.555306 -2.004159 
2452649.096642 -0.409040 
2452661.637978 2.058173 
2452674.179314 -1.842289 
2452686.720650 0.295149 
2452699.261986 2.090390 
2452711.803322 -1.165664 
2452724.344658 1.071354 
2452736.885995 -1.876183 
2452749.427331 -0.479128 
2452761.968667 1.965144 
2452774.510003 -1.904400 
2452787.051339 0.221072 
2452799.592675 2.284800 
2452812.134011 -1.236098 
2452824.675347 0.987021 
2452837.216683 -1.683942 
2452849.758019 -0.549100 
2452862.299355 1.870838 
2452874.840691 -1.962779 
2452887.382027 0.147668 
2452899.923363 2.397742 
2452912.464699 -1.306571 
2452925.006035 0.904028 
2452937.547371 -1.413118 
2452950.088707 -0.618999 
2452962.630043 1.776221 
2452975.171379 -2.016067 
2452987.712715 0.074871 
2453000.254051 2.447553 
2453012.795387 -1.377020 
2453025.336723 0.822319 
2453037.878059 -1.052963 
2453050.419395 -0.688868 
2453062.960731 1.681954 
2453075.502067 -2.062447 
2453088.043403 0.002620 
2453100.584739 2.450735 
2453113.126075 -1.447351 
2453125.667411 0.741827 
2453138.208747 -0.602971 
2453150.750083 -0.758742 
2453163.291420 1.588483 
2453175.832756 -2.099483 
2453188.374092 -0.069148 
2453200.915428 2.420577 
2453213.456764 -1.517431 
2453225.998100 0.662484 
2453238.539436 -0.080504 
2453251.080772 -0.828656 
2453263.622108 1.496101 
2453276.163444 -2.123906 
2453288.704780 -0.140493 
2453301.246116 2.367144 
2453313.787452 -1.587073 
2453326.328788 0.584219 
2453338.870124 0.476056 
2453351.411460 -0.898636 
2453363.952796 1.404993 
2453376.494132 -2.131332 
2453389.035468 -0.211545 
2453401.576804 2.297806 
2453414.118140 -1.656027 
2453426.659476 0.506961 
2453439.200812 1.015399 
2453451.742148 -0.968705 
2453464.283484 1.315262 
2453476.824820 -2.115909 
2453489.366156 -0.282215 
2453501.907492 2.217854 
2453514.448828 -1.723953 
2453526.990164 0.430637 
2453539.531500 1.488029 
2453552.072836 -1.038875 
2453564.614172 1.226959 
2453577.155508 -2.069912 
2453589.696845 -0.352632 
2453602.238181 2.131043 
2453614.779517 -1.790398 
2453627.320853 0.355177 
2453639.862189 1.864068 
2453652.403525 -1.109150 
2453664.944861 1.140093 
2453677.486197 -1.983363 
2453690.027533 -0.422847 
2453702.568869 2.040021 
2453715.110205 -1.854757 
2453727.651541 0.280512 
2453740.192877 2.135943 
2453752.734213 -1.179523 
2453765.275549 1.054646 
2453777.816885 -1.843887 
2453790.358221 -0.492908 
2453802.899557 1.946647 
2453815.440893 -1.916223 
2453827.982229 0.206573 
2453840.523565 2.312888 
2453853.064901 -1.249968 
2453865.606237 0.970581 
2453878.147573 -1.637271 
2453890.688909 -0.562863 
2453903.230245 1.852215 
2453915.771581 -1.973720 
2453928.312917 0.133293 
2453940.854253 2.411976 
2453953.395589 -1.320442 
2453965.936925 0.887846 
2453978.478261 -1.349501 
2453991.019597 -0.632753 
2454003.560933 1.757622 
2454016.102270 -2.025809 
2454028.643606 0.060609 
2454041.184942 2.451397 
2454053.726278 -1.390877 
2454066.267614 0.806381 
2454078.808950 -0.971241 
2454091.350286 -0.702620 
2454103.891622 1.663482 
2454116.432958 -2.070565 
2454128.974294 -0.011543 
2454141.515630 2.447074 
2454154.056966 -1.461170 
2454166.598302 0.726121 
2454179.139638 -0.504941 
2454191.680974 -0.772499 
2454204.222310 1.570206 
2454216.763646 -2.105408 
2454229.304982 -0.083223 
2454241.846318 2.411632 
2454254.387654 -1.531180 
2454266.928990 0.646996 
2454279.470326 0.027883 
2454292.011662 -0.842424 
2454304.552998 1.478064 
2454317.094334 -2.126872 
2454329.635670 -0.154490 
2454342.177006 2.354561 
2454354.718342 -1.600709 
2454367.259678 0.568935 
2454379.801014 0.585669 
2454392.342350 -0.912420 
2454404.883686 1.387220 
2454417.425022 -2.130316 
2454429.966358 -0.225478 
2454442.507695 2.282771 
2454455.049031 -1.669490 
2454467.590367 0.491866 
2454480.131703 1.114948 
2454492.673039 -0.982508 
2454505.214375 1.297768 
2454517.755711 -2.109553 
2454530.297047 -0.296094 
2454542.838383 2.201212 
2454555.379719 -1.737165 
2454567.921055 0.415718 
2454580.462391 1.570227 
2454593.003727 -1.052699 
2454605.545063 1.209748 
2454618.086399 -2.056439 
2454630.627735 -0.366467 
2454643.169071 2.113392 
2454655.710407 -1.803253 
2454668.251743 0.340420 
2454680.793079 1.925706 
2454693.334415 -1.122995 
2454705.875751 1.123163 
2454718.417087 -1.960523 
2454730.958423 -0.436648 
2454743.499759 2.021781 
2454756.041095 -1.867114 
2454768.582431 0.265903 
2454781.123767 2.177796 
2454793.665103 -1.193384 
2454806.206439 1.037992 
2454818.747775 -1.808990 
2454831.289111 -0.506685 
2454843.830447 1.928110 
2454856.371783 -1.927894 
2454868.913120 0.192099 
2454881.454456 2.337958 
2454893.995792 -1.263839 
2454906.537128 0.954193 
2454919.078464 -1.587442 
2454931.619800 -0.576623 
2454944.161136 1.833586 
2454956.702472 -1.984453 
2454969.243808 0.118942 
2454981.785144 2.423906 
2454994.326480 -1.334312 
2455006.867816 0.871713 
2455019.409152 -1.282341 
2455031.950488 -0.646506 
2455044.491824 1.739041 
2455057.033160 -2.035269 
2455069.574496 0.046367 
2455082.115832 2.453558 
2455094.657168 -1.404728 
2455107.198504 0.790491 
2455119.739840 -0.886046 
2455132.281176 -0.716372 
2455144.822512 1.645043 
2455157.363848 -2.078302 
2455169.905184 -0.025687 
2455182.446520 2.442216 
2455194.987856 -1.474978 
2455207.529192 0.710459 
2455220.070528 -0.404264 
2455232.611864 -0.786258 
2455245.153200 1.551973 
2455257.694536 -2.110818 
2455270.235872 -0.097281 
2455282.777208 2.401858 
2455295.318545 -1.544911 
2455307.859881 0.631549 
2455320.401217 0.137256 
2455332.942553 -0.856195 
2455345.483889 1.460076 
2455358.025225 -2.129145 
2455370.566561 -0.168474 
2455383.107897 2.341413 
2455395.649233 -1.614316 
2455408.190569 0.553689 
2455420.731905 0.693714 
2455433.273241 -0.926208 
2455445.814577 1.369501 
2455458.355913 -2.128369 
2455470.897249 -0.239399 
2455483.438585 2.267361 
2455495.979921 -1.682912 
2455508.521257 0.476807 
2455521.062593 1.211562 
2455533.603929 -0.996315 
2455546.145265 1.280329 
2455558.686601 -2.101950 
2455571.227937 -0.309963 
2455583.769273 2.184331 
2455596.310609 -1.750316 
2455608.851945 0.400832 
2455621.393281 1.648485 
2455633.934617 -1.066527 
2455646.475953 1.192592 
2455659.017289 -2.041315 
2455671.558625 -0.380294 
2455684.099961 2.095596 
2455696.641297 -1.816023 
2455709.182633 0.325693 
2455721.723970 1.983291 
2455734.265306 -1.136843 
2455746.806642 1.106288 
2455759.347978 -1.935533 
2455771.889314 -0.450443 
2455784.430650 2.003462 
2455796.971986 -1.879352 
2455809.513322 0.251322 
2455822.054658 2.216069 
2455834.595994 -1.207248 
2455847.137330 1.021391 
2455859.678666 -1.771379 
2455872.220002 -0.520457 
2455884.761338 1.909542 
2455897.302674 -1.939402 
2455909.844010 0.177650 
2455922.385346 2.360153 
2455934.926682 -1.277711 
2455947.468018 0.937856 
2455960.009354 -1.534359 
2455972.550690 -0.590381 
2455985.092026 1.814957 
2455997.633362 -1.994965 
2456010.174698 0.104613 
2456022.716034 2.433663 
2456035.257370 -1.348179 
2456047.798706 0.855628 
2456060.340042 -1.211607 
2456072.881378 -0.660258 
2456085.422714 1.720482 
2456097.964050 -2.044429 
2456110.505386 0.032145 
2456123.046722 2.454141 
2456135.588058 -1.418572 
2456148.129394 0.774646 
2456160.670731 -0.797474 
2456173.212067 -0.730125 
2456185.753403 1.626642 
2456198.294739 -2.085634 
2456210.836075 -0.039814 
2456223.377411 2.436245 
2456235.918747 -1.488774 
2456248.460083 0.694841 
2456261.001419 -0.301206 
2456273.542755 -0.800019 
2456286.084091 1.533787 
2456298.625427 -2.115682 
2456311.166763 -0.111324 
2456323.708099 2.391313 
2456336.249435 -1.558621 
2456348.790771 0.616143 
2456361.332107 0.247215 
2456373.873443 -0.869969 
2456386.414779 1.442140 
2456398.956115 -2.130683 
2456411.497451 -0.182520 
2456424.038787 2.327744 
2456436.580123 -1.627892 
2456449.121459 0.538481 
2456461.662795 0.800250 
2456474.204131 -0.939999 
2456486.745467 1.351837 
2456499.286803 -2.125435 
2456511.828139 -0.253309 
2456524.369475 2.251608 
2456536.910811 -1.696287 
2456549.452147 0.461783 
2456561.993483 1.304968 
2456574.534819 -1.010127 
2456587.076156 1.262946 
2456599.617492 -2.093030 
2456612.158828 -0.323823 
2456624.700164 2.167231 
2456637.241500 -1.763402 
2456649.782836 0.385978 
2456662.324172 1.722718 
2456674.865508 -1.080360 
2456687.406844 1.175492 
2456699.948180 -2.024449 
2456712.489516 -0.394115 
2456725.030852 2.077670 
2456737.572188 -1.828701 
2456750.113524 0.310996 
2456762.654860 2.036882 
2456775.196196 -1.150694 
2456787.737532 1.089468 
2456800.278868 -1.908287 
2456812.820204 -0.464233 
2456825.361540 1.985075 
2456837.902876 -1.891464 
2456850.444212 0.236768 
2456862.985548 2.250893 
2456875.526884 -1.221114 
2456888.068220 1.004842 
2456900.609556 -1.730941 
2456913.150892 -0.534226 
2456925.692228 1.890948 
2456938.233564 -1.950737 
2456950.774900 0.163226 
2456963.316236 2.379617 
2456975.857572 -1.291583 
2456988.398908 0.921569 
2457000.940244 -1.477933 
2457013.481581 -0.604137 
2457026.022917 1.796333 
2457038.564253 -2.005242 
2457051.105589 0.090306 
2457063.646925 2.441376 
2457076.188261 -1.362044 
2457088.729597 0.839592 
2457101.270933 -1.137286 
2457113.812269 -0.674009 
2457126.353605 1.701948 
2457138.894941 -2.053272 
2457151.436277 0.017943 
2457163.977613 2.453248 
2457176.518949 -1.432410 
2457189.060285 0.758847 
2457201.601621 -0.705652 
2457214.142957 -0.743880 
2457226.684293 1.608278 
2457239.225629 -2.092537 
2457251.766965 -0.053923 
2457264.308301 2.429235 
2457276.849637 -1.502556 
2457289.390973 0.679266 
2457301.932309 -0.196067 
2457314.473645 -0.813782 
2457327.014981 1.515647 
2457339.556317 -2.119967 
2457352.097653 -0.125352 
2457364.638989 2.380053 
2457377.180325 -1.572310 
2457389.721661 0.600777 
2457402.262997 0.357348 
2457414.804333 -0.883746 
2457427.345669 1.424257 
2457439.887006 -2.131442 
2457452.428342 -0.196477 
2457464.969678 2.313594 
2457477.511014 -1.641435 
2457490.052350 0.523311 
2457502.593686 0.904890 
2457515.135022 -0.953795 
2457527.676358 1.334227 
2457540.217694 -2.121455 
2457552.759030 -0.267208 
2457565.300366 2.235540 
2457577.841702 -1.709613 
2457590.383038 0.446794 
2457602.924374 1.394928 
2457615.465710 -1.023943 
2457628.007046 1.245619 
2457640.548382 -2.082716 
2457653.089718 -0.337675 
2457665.631054 2.149934 
2457678.172390 -1.776419 
2457690.713726 0.371157 
2457703.255062 1.792873 
2457715.796398 -1.094196 
2457728.337734 1.158448 
2457740.879070 -2.005748 
2457753.420406 -0.407929 
2457765.961742 2.059630 
2457778.503078 -1.841281 
2457791.044414 0.296328 
2457803.585750 2.086558 
2457816.127086 -1.164549 
2457828.668422 1.072702 
2457841.209758 -1.878673 
2457853.751094 -0.478019 
2457866.292431 1.966631 
2457878.833767 -1.903442 
2457891.375103 0.222240 
2457903.916439 2.282403 
2457916.457775 -1.234982 
2457928.999111 0.988346 
2457941.540447 -1.687565 
2457954.081783 -0.547992 
2457966.623119 1.872337 
2457979.164455 -1.961889 
2457991.705791 0.148826 
2458004.247127 2.396492 
2458016.788463 -1.305455 
2458029.329799 0.905333 
2458041.871135 -1.418086 
2458054.412471 -0.617892 
2458066.953807 1.777719 
2458079.495143 -2.015271 
2458092.036479 0.076020 
2458104.577815 2.447167 
2458117.119151 -1.375905 
2458129.660487 0.823604 
2458142.201823 -1.059388 
2458154.743159 -0.687761 
2458167.284495 1.683442 
2458179.825831 -2.061778 
2458192.367167 0.003761 
2458204.908503 2.450975 
2458217.449839 -1.446239 
2458229.991175 0.743093 
2458242.532511 -0.610740 
2458255.073847 -0.757635 
2458267.615183 1.589956 
2458280.156519 -2.098985 
2458292.697856 -0.068015 
2458305.239192 2.421258 
2458317.780528 -1.516323 
2458330.321864 0.663732 
2458342.863200 -0.089174 
2458355.404536 -0.827548 
2458367.945872 1.497556 
2458380.487208 -2.123638 
2458393.028544 -0.139365 
2458405.569880 2.368131 
2458418.111216 -1.585974 
2458430.652552 0.585451 
2458443.193888 0.467234 
2458455.735224 -0.897527 
2458468.276560 1.406426 
2458480.817896 -2.131374 
2458493.359232 -0.210423 
2458505.900568 2.298999 
2458518.441904 -1.654941 
2458530.983240 0.508177 
2458543.524576 1.007267 
2458556.065912 -0.967594 
2458568.607248 1.316673 
2458581.148584 -2.116368 
2458593.689920 -0.281098 
2458606.231256 2.219182 
2458618.772592 -1.722887 
2458631.313928 0.431839 
2458643.855264 1.481245 
2458656.396600 -1.037762 
2458668.937936 1.228347 
2458681.479272 -2.070928 
2458694.020608 -0.351518 
2458706.561944 2.132457 
2458719.103281 -1.789360 
2458731.644617 0.356366 
2458744.185953 1.858929 
2458756.727289 -1.108036 
2458769.268625 1.141458 
2458781.809961 -1.985111 
2458794.351297 -0.421736 
2458806.892633 2.041486 
2458819.433969 -1.853758 
2458831.975305 0.281689 
2458844.516641 2.132415 
2458857.057977 -1.178407 
2458869.599313 1.055989 
2458882.140649 -1.846581 
2458894.681985 -0.491799 
2458907.223321 1.948137 
2458919.764657 -1.915277 
2458932.305993 0.207739 
2458944.847329 2.310741 
2458957.388665 -1.248852 
2458969.930001 0.971902 
2458982.471337 -1.641143 
2458995.012673 -0.561755 
2459007.554009 1.853714 
2459020.095345 -1.972847 
2459032.636681 0.134449 
2459045.178017 2.410917 
2459057.719353 -1.319326 
2459070.260689 0.889147 
2459082.802025 -1.354752 
2459095.343361 -0.631646 
2459107.884697 1.759118 
2459120.426033 -2.025035 
2459132.967369 0.061756 
2459145.508706 2.451152 
2459158.050042 -1.389762 
2459170.591378 0.807662 
2459183.132714 -0.977948 
2459195.674050 -0.701513 
2459208.215386 1.664967 
2459220.756722 -2.069925 
2459233.298058 -0.010404 
2459245.839394 2.447414 
2459258.380730 -1.460058 
2459270.922066 0.727384 
2459283.463402 -0.512933 
2459296.004738 -0.771392 
2459308.546074 1.571676 
2459321.087410 -2.104949 
2459333.628746 -0.082091 
2459346.170082 2.412384 
2459358.711418 -1.530074 
2459371.252754 0.648241 
2459383.794090 0.019117 
2459396.335426 -0.841316 
2459408.876762 1.479514 
2459421.418098 -2.126659 
2459433.959434 -0.153364 
2459446.500770 2.355595 
2459459.042106 -1.599612 
2459471.583442 0.570164 
2459484.124778 0.576919 
2459496.666114 -0.911311 
2459509.207450 1.388649 
2459521.748786 -2.130432 
2459534.290122 -0.224356 
2459546.831458 2.283995 
2459559.372794 -1.668408 
2459571.914130 0.493080 
2459584.455467 1.107040 
2459596.996803 -0.981397 
2459609.538139 1.299174 
2459622.079475 -2.110109 
2459634.620811 -0.294977 
2459647.162147 2.202561 
2459659.703483 -1.736104 
2459672.244819 0.416918 
2459684.786155 1.563755 
2459697.327491 -1.051586 
2459709.868827 1.211131 
2459722.410163 -2.057583 
2459734.951499 -0.365354 
2459747.492835 2.114818 
2459760.034171 -1.802222 
2459772.575507 0.341607 
2459785.116843 1.920895 
2459797.658179 -1.121880 
2459810.199515 1.124524 
2459822.740851 -1.962439 
2459835.282187 -0.435537 
2459847.823523 2.023252 
2459860.364859 -1.866124 
2459872.906195 0.267078 
2459885.447531 2.174561 
2459897.988867 -1.192268 
2459910.530203 1.039330 
2459923.071539 -1.811898 
2459935.612875 -0.505576 
2459948.154211 1.929604 
2459960.695547 -1.926960 
2459973.236883 0.193263 
2459985.778219 2.336048 
2459998.319555 -1.262722 
2460010.860892 0.955510 
2460023.402228 -1.591572 
2460035.943564 -0.575515 
2460048.484900 1.835085 
2460061.026236 -1.983597 
2460073.567572 0.120096 
2460086.108908 2.423027 
2460098.650244 -1.333196 
2460111.191580 0.873010 
2460123.732916 -1.287879 
2460136.274252 -0.645399 
2460148.815588 1.740536 
2460161.356924 -2.034518 
2460173.898260 0.047513 
2460186.439596 2.453444 
2460198.980932 -1.403613 
2460211.522268 0.791768 
2460224.063604 -0.893030 
2460236.604940 -0.715265 
2460249.146276 1.646526 
2460261.687612 -2.077694 
2460274.228948 -0.024549 
2460286.770284 2.442650 
2460299.311620 -1.473867 
2460311.852956 0.711718 
2460324.394292 -0.412459 
2460336.935628 -0.785151 
2460349.476964 1.553439 
2460362.018300 -2.110402 
2460374.559636 -0.096150 
2460387.100972 2.402674 
2460399.642308 -1.543806 
2460412.183644 0.632791 
2460424.724980 0.128425 
2460437.266317 -0.855087 
2460449.807653 1.461522 
2460462.348989 -2.128989 
2460474.890325 -0.167349 
2460487.431661 2.342491 
2460499.972997 -1.613222 
2460512.514333 0.554915 
2460525.055669 0.685068 
2460537.597005 -0.925098 
2460550.138341 1.370925 
2460562.679677 -2.128562 
2460575.221013 -0.238279 
2460587.762349 2.268615 
2460600.303685 -1.681833 
2460612.845021 0.478018 
2460625.386357 1.203901 
2460637.927693 -0.995204 
2460650.469029 1.281731 
2460663.010365 -2.102610 
2460675.551701 -0.308847 
2460688.093037 2.185698 
2460700.634373 -1.749260 
2460713.175709 0.402029 
2460725.717045 1.642334 
2460738.258381 -1.065414 
2460750.799717 1.193971 
2460763.341053 -2.042596 
2460775.882389 -0.379182 
2460788.423725 2.097033 
2460800.965061 -1.814998 
2460813.506397 0.326877 
2460826.047733 1.978805 
2460838.589069 -1.135728 
2460851.130405 1.107645 
2460863.671742 -1.937626 
2460876.213078 -0.449333 
2460888.754414 2.004939 
2460901.295750 -1.878372 
2460913.837086 0.252494 
2460926.378422 2.213118 
2460938.919758 -1.206132 
2460951.461094 1.022725 
2460964.002430 -1.774509 
2460976.543766 -0.519349 
2460989.085102 1.911037 
2461001.626438 -1.938482 
2461014.167774 0.178812 
2461026.709110 2.358469 
2461039.250446 -1.276594 
2461051.791782 0.939169 
2461064.333118 -1.538754 
2461076.874454 -0.589274 
2461089.415790 1.816456 
2461101.957126 -1.994127 
2461114.498462 0.105765 
2461127.039798 2.432955 
2461139.581134 -1.347063 
2461152.122470 0.856921 
2461164.663806 -1.217433 
2461177.205142 -0.659151 
2461189.746478 1.721975 
2461202.287814 -2.043703 
2461214.829150 0.033289 
2461227.370486 2.454150 
2461239.911822 -1.417458 
2461252.453158 0.775920 
2461264.994494 -0.804725 
2461277.535830 -0.729018 
2461290.077167 1.628121 
2461302.618503 -2.085059 
2461315.159839 -0.038677 
2461327.701175 2.436765 
2461340.242511 -1.487664 
2461352.783847 0.696097 
2461365.325183 -0.309583 
2461377.866519 -0.798912 
2461390.407855 1.535249 
2461402.949191 -2.115311 
2461415.490527 -0.110195 
2461428.031863 2.392189 
2461440.573199 -1.557518 
2461453.114535 0.617382 
2461465.655871 0.238353 
2461478.197207 -0.868860 
2461490.738543 1.443582 
2461503.279879 -2.130588 
2461515.821215 -0.181396 
2461528.362551 2.328863 
2461540.903887 -1.626801 
2461553.445223 0.539704 
2461565.986559 0.791740 
2461578.527895 -0.938889 
2461591.069231 1.353257 
2461603.610567 -2.125709 
2461616.151903 -0.252190 
2461628.693239 2.252888 
2461641.234575 -1.695212 
2461653.775911 0.462991 
2461666.317247 1.297574 
2461678.858583 -1.009015 
2461691.399919 1.264343 
2461703.941255 -2.093799 
2461716.482592 -0.322708 
2461729.023928 2.168615 
2461741.565264 -1.762352 
2461754.106600 0.387173 
2461766.647936 1.716893 
2461779.189272 -1.079246 
2461791.730608 1.176867 
2461804.271944 -2.025874 
2461816.813280 -0.393003 
2461829.354616 2.079118 
2461841.895952 -1.827684 
2461854.437288 0.312178 
2461866.978624 2.032715 
2461879.519960 -1.149579 
2461892.061296 1.090820 
2461904.602632 -1.910566 
2461917.143968 -0.463124 
2461929.685304 1.986558 
2461942.226640 -1.890494 
2461954.767976 0.237938 
2461967.309312 2.248214 
2461979.850648 -1.219998 
2461992.391984 1.006172 
2462004.933320 -1.734303 
2462017.474656 -0.533118 
2462030.015992 1.892446 
2462042.557328 -1.949832 
2462055.098664 0.164386 
2462067.640000 2.378148 
2462080.181336 -1.290466 
2462092.722672 0.922878 
2462105.264008 -1.482601 
2462117.805344 -0.603030 
2462130.346680 1.797832 
2462142.888017 -2.004424 
2462155.429353 0.091456 
2462167.970689 2.440828 
2462180.512025 -1.360928 
2462193.053361 0.840881 
2462205.594697 -1.143401 
2462218.136033 -0.672902 
2462230.677369 1.703438 
2462243.218705 -2.052572 
2462255.760041 0.019086 
2462268.301377 2.453372 
2462280.842713 -1.431296 
2462293.384049 0.760117 
2462305.925385 -0.713159 
2462318.466721 -0.742772 
2462331.008057 1.609755 
2462343.549393 -2.091998 
2462356.090729 -0.052788 
2462368.632065 2.429836 
2462381.173401 -1.501447 
2462393.714737 0.680518 
2462406.256073 -0.204599 
2462418.797409 -0.812674 
2462431.338745 1.517105 
2462443.880081 -2.119644 
2462456.421417 -0.124224 
2462468.962753 2.380985 
2462481.504089 -1.571209 
2462494.045425 0.602013 
2462506.586761 0.348487 
2462519.128097 -0.882637 
2462531.669433 1.425694 
2462544.210769 -2.131411 
2462556.752105 -0.195354 
2462569.293442 2.314750 
2462581.834778 -1.640346 
2462594.376114 0.524531 
2462606.917450 0.896547 
2462619.458786 -0.952684 
2462632.000122 1.335643 
2462644.541458 -2.121816 
2462657.082794 -0.266090 
2462669.624130 2.236844 
2462682.165466 -1.708543 
2462694.706802 0.447999 
2462707.248138 1.387820 
2462719.789474 -1.022830 
2462732.330810 1.247011 
2462744.872146 -2.083599 
2462757.413482 -0.336560 
2462769.954818 2.151333 
2462782.496154 -1.775374 
2462795.037490 0.372348 
2462807.578826 1.787378 
2462820.120162 -1.093082 
2462832.661498 1.159818 
2462845.202834 -2.007323 
2462857.744170 -0.406817 
2462870.285506 2.061086 
2462882.826842 -1.840272 
2462895.368178 0.297508 
2462907.909514 2.082703 
2462920.450850 -1.163434 
2462932.992186 1.074049 
2462945.533522 -1.881147 
2462958.074858 -0.476909 
2462970.616194 1.968117 
2462983.157530 -1.902483 
2462995.698866 0.223408 
2463008.240203 2.279986 
2463020.781539 -1.233866 
2463033.322875 0.989672 
2463045.864211 -1.691167 
2463058.405547 -0.546884 
2463070.946883 1.873836 
2463083.488219 -1.960999 
2463096.029555 0.149984 
2463108.570891 2.395227 
2463121.112227 -1.304338 
2463133.653563 0.906638 
2463146.194899 -1.423032 
2463158.736235 -0.616785 
2463171.277571 1.779216 
2463183.818907 -2.014473 
2463196.360243 0.077169 
2463208.901579 2.446769 
2463221.442915 -1.374789 
2463233.984251 0.824889 
2463246.525587 -1.065790 
2463259.066923 -0.686654 
2463271.608259 1.684930 
2463284.149595 -2.061106 
2463296.690931 0.004901 
2463309.232267 2.451207 
2463321.773603 -1.445126 
2463334.314939 0.744359 
2463346.856275 -0.618489 
2463359.397611 -0.756528 
2463371.938947 1.591429 
2463384.480283 -2.098483 
2463397.021619 -0.066881 
2463409.562955 2.421935 
2463422.104291 -1.515216 
2463434.645628 0.664981 
2463447.186964 -0.097834 
2463459.728300 -0.826440 
2463472.269636 1.499010 
2463484.810972 -2.123366 
2463497.352308 -0.138238 
2463509.893644 2.369114 
2463522.434980 -1.584875 
2463534.976316 0.586683 
2463547.517652 0.458409 
2463560.058988 -0.896418 
2463572.600324 1.407859 
2463585.141660 -2.131412 
2463597.682996 -0.209301 
2463610.224332 2.300189 
2463622.765668 -1.653855 
2463635.307004 0.509394 
2463647.848340 0.999119 
2463660.389676 -0.966483 
2463672.931012 1.318084 
2463685.472348 -2.116820 
2463698.013684 -0.279980 
2463710.555020 2.220509 
2463723.096356 -1.721821 
2463735.637692 0.433042 
2463748.179028 1.474436 
2463760.720364 -1.036650 
2463773.261700 1.229735 
2463785.803036 -2.071933 
2463798.344372 -0.350404 
2463810.885708 2.133870 
2463823.427044 -1.788321 
2463835.968380 0.357556 
