# time model 
2449300.559923 -0.548678 
2449313.101259 -0.575025 
2449325.642595 -0.600961 
2449338.183931 -0.626518 
2449350.725267 -0.651714 
2449363.266603 -0.676552 
2449375.807939 -0.701016 
2449388.349275 -0.725059 
2449400.890611 -0.748595 
2449413.431947 -0.771473 
2449425.973283 -0.793444 
2449438.514619 -0.814105 
2449451.055955 -0.832790 
2449463.597291 -0.848380 
2449476.138627 -0.858913 
2449488.679963 -0.860756 
2449501.221299 -0.846647 
2449513.762635 -0.800354 
2449526.303971 -0.679086 
2449538.845307 -0.335534 
2449551.386643 1.029437 
2449563.927979 4.908137 
2449576.469315 3.179989 
2449589.010651 2.169354 
2449601.551987 1.625842 
2449614.093323 1.278472 
2449626.634659 1.031543 
2449639.175995 0.843556 
2449651.717331 0.693500 
2449664.258667 0.569512 
2449676.800003 0.464336 
2449689.341339 0.373253 
2449701.882675 0.293049 
2449714.424011 0.221447 
2449726.965347 0.156782 
2449739.506684 0.097804 
2449752.048020 0.043553 
2449764.589356 -0.006721 
2449777.130692 -0.053618 
2449789.672028 -0.097619 
2449802.213364 -0.139120 
2449814.754700 -0.178447 
2449827.296036 -0.215874 
2449839.837372 -0.251632 
2449852.378708 -0.285916 
2449864.920044 -0.318895 
2449877.461380 -0.350714 
2449890.002716 -0.381502 
2449902.544052 -0.411980 
2449915.085388 -0.441076 
2449927.626724 -0.469486 
2449940.168060 -0.497281 
2449952.709396 -0.524527 
2449965.250732 -0.551278 
2449977.792068 -0.577583 
2449990.333404 -0.603481 
2450002.874740 -0.629002 
2450015.416076 -0.654162 
2450027.957412 -0.678965 
2450040.498748 -0.703390 
2450053.040084 -0.727389 
2450065.581420 -0.750868 
2450078.122756 -0.773670 
2450090.664092 -0.795534 
2450103.205428 -0.816036 
2450115.746764 -0.834477 
2450128.288100 -0.849677 
2450140.829436 -0.859557 
2450153.370772 -0.860246 
2450165.912109 -0.843927 
2450178.453445 -0.792905 
2450190.994781 -0.659553 
2450203.536117 -0.274116 
2450216.077453 1.332651 
2450228.618789 4.829745 
2450241.160125 3.044294 
2450253.701461 2.102329 
2450266.242797 1.585410 
2450278.784133 1.250768 
2450291.325469 1.010971 
2450303.866805 0.827425 
2450316.408141 0.680349 
2450328.949477 0.558472 
2450341.490813 0.454853 
2450354.032149 0.364960 
2450366.573485 0.285687 
2450379.114821 0.214830 
2450391.656157 0.150772 
2450404.197493 0.092295 
2450416.738829 0.038464 
2450429.280165 -0.011455 
2450441.821501 -0.058048 
2450454.362837 -0.101788 
2450466.904173 -0.143063 
2450479.445509 -0.182193 
2450491.986845 -0.219447 
2450504.528181 -0.255052 
2450517.069517 -0.289202 
2450529.610853 -0.322061 
2450542.152189 -0.353774 
2450554.693525 -0.384467 
2450567.234861 -0.414862 
2450579.776197 -0.443888 
2450592.317534 -0.472234 
2450604.858870 -0.499973 
2450617.400206 -0.527168 
2450629.941542 -0.553873 
2450642.482878 -0.580137 
2450655.024214 -0.605997 
2450667.565550 -0.631482 
2450680.106886 -0.656607 
2450692.648222 -0.681374 
2450705.189558 -0.705760 
2450717.730894 -0.729713 
2450730.272230 -0.753134 
2450742.813566 -0.775858 
2450755.354902 -0.797610 
2450767.896238 -0.817947 
2450780.437574 -0.836134 
2450792.978910 -0.850924 
2450805.520246 -0.860116 
2450818.061582 -0.859579 
2450830.602918 -0.840894 
2450843.144254 -0.784733 
2450855.685590 -0.637956 
2450868.226926 -0.204030 
2450880.768262 1.693251 
2450893.309598 4.678563 
2450905.850934 2.918841 
2450918.392270 2.039026 
2450930.933606 1.546627 
2450943.474942 1.223941 
2450956.016278 0.990924 
2450968.557614 0.811638 
2450981.098950 0.667436 
2450993.640286 0.547604 
2451006.181622 0.445502 
2451018.722959 0.356768 
2451031.264295 0.278405 
2451043.805631 0.208278 
2451056.346967 0.144815 
2451068.888303 0.086831 
2451081.429639 0.033413 
2451093.970975 -0.016157 
2451106.512311 -0.062451 
2451119.053647 -0.105934 
2451131.594983 -0.146985 
2451144.136319 -0.185920 
2451156.677655 -0.223004 
2451169.218991 -0.258458 
2451181.760327 -0.292474 
2451194.301663 -0.325215 
2451206.842999 -0.356823 
2451219.384335 -0.388028 
2451231.925671 -0.417737 
2451244.467007 -0.446693 
2451257.008343 -0.474977 
2451269.549679 -0.502660 
2451282.091015 -0.529804 
2451294.632351 -0.556464 
2451307.173687 -0.582687 
2451319.715023 -0.608509 
2451332.256359 -0.633958 
2451344.797695 -0.659049 
2451357.339031 -0.683780 
2451369.880367 -0.708127 
2451382.421703 -0.732033 
2451394.963039 -0.755394 
2451407.504375 -0.778037 
2451420.045711 -0.799674 
2451432.587047 -0.819839 
2451445.128384 -0.837759 
2451457.669720 -0.852119 
2451470.211056 -0.860585 
2451482.752392 -0.858745 
2451495.293728 -0.837522 
2451507.835064 -0.775772 
2451520.376400 -0.614033 
2451532.917736 -0.123660 
2451545.459072 2.117446 
2451558.000408 4.489068 
2451570.541744 2.802682 
2451583.083080 1.979124 
2451595.624416 1.509386 
2451608.165752 1.197944 
2451620.707088 0.971381 
2451633.248424 0.796181 
2451645.789760 0.654754 
2451658.331096 0.536905 
2451670.872432 0.436277 
2451683.413768 0.348674 
2451695.955104 0.271202 
2451708.496440 0.201790 
2451721.037776 0.138910 
2451733.579112 0.081410 
2451746.120448 0.028398 
2451758.661784 -0.020828 
2451771.203120 -0.066828 
2451783.744456 -0.110056 
2451796.285792 -0.150887 
2451808.827128 -0.189630 
2451821.368464 -0.226545 
2451833.909800 -0.261851 
2451846.451136 -0.295735 
2451858.992472 -0.328359 
2451871.533809 -0.359862 
2451884.075145 -0.390974 
2451896.616481 -0.420605 
2451909.157817 -0.449492 
2451921.699153 -0.477713 
2451934.240489 -0.505341 
2451946.781825 -0.532436 
2451959.323161 -0.559051 
2451971.864497 -0.585233 
2451984.405833 -0.611018 
2451996.947169 -0.636431 
2452009.488505 -0.661487 
2452022.029841 -0.686182 
2452034.571177 -0.710489 
2452047.112513 -0.734347 
2452059.653849 -0.757647 
2452072.195185 -0.780206 
2452084.736521 -0.801724 
2452097.277857 -0.821709 
2452109.819193 -0.839350 
2452122.360529 -0.853259 
2452134.901865 -0.860958 
2452147.443201 -0.857733 
2452159.984537 -0.833785 
2452172.525873 -0.765943 
2452185.067209 -0.587478 
2452197.608545 -0.031012 
2452210.149881 2.605059 
2452222.691217 4.284702 
2452235.232553 2.694919 
2452247.773889 1.922340 
2452260.315225 1.473584 
2452272.856561 1.172735 
2452285.397897 0.952320 
2452297.939234 0.781043 
2452310.480570 0.642295 
2452323.021906 0.526369 
2452335.563242 0.427177 
2452348.104578 0.340678 
2452360.645914 0.264076 
2452373.187250 0.195364 
2452385.728586 0.133057 
2452398.269922 0.076032 
2452410.811258 0.023419 
2452423.352594 -0.025468 
2452435.893930 -0.071177 
2452448.435266 -0.114156 
2452460.976602 -0.154770 
2452473.517938 -0.193323 
2452486.059274 -0.230070 
2452498.600610 -0.265229 
2452511.141946 -0.298984 
2452523.683282 -0.331492 
2452536.224618 -0.362892 
2452548.765954 -0.393911 
2452561.307290 -0.423466 
2452573.848626 -0.452284 
2452586.389962 -0.480445 
2452598.931298 -0.508017 
2452611.472634 -0.535063 
2452624.013970 -0.561634 
2452636.555306 -0.587776 
2452649.096642 -0.613523 
2452661.637978 -0.638901 
2452674.179314 -0.663922 
2452686.720650 -0.688581 
2452699.261986 -0.712847 
2452711.803322 -0.736656 
2452724.344658 -0.759893 
2452736.885995 -0.782366 
2452749.427331 -0.803759 
2452761.968667 -0.823558 
2452774.510003 -0.840907 
2452787.051339 -0.854341 
2452799.592675 -0.861230 
2452812.134011 -0.856532 
2452824.675347 -0.829654 
2452837.216683 -0.755158 
2452849.758019 -0.557932 
2452862.299355 0.076388 
2452874.840691 3.142491 
2452887.382027 4.079687 
2452899.923363 2.594730 
2452912.464699 1.868419 
2452925.006035 1.439132 
2452937.547371 1.148272 
2452950.088707 0.933719 
2452962.630043 0.766212 
2452975.171379 0.630052 
2452987.712715 0.515993 
2453000.254051 0.418197 
2453012.795387 0.332776 
2453025.336723 0.257025 
2453037.878059 0.188999 
2453050.419395 0.127255 
2453062.960731 0.070697 
2453075.502067 0.018476 
2453088.043403 -0.030077 
2453100.584739 -0.075501 
2453113.126075 -0.118233 
2453125.667411 -0.158632 
2453138.208747 -0.196998 
2453150.750083 -0.233581 
2453163.291420 -0.268595 
2453175.832756 -0.302220 
2453188.374092 -0.334614 
2453200.915428 -0.365913 
2453213.456764 -0.396841 
2453225.998100 -0.426320 
2453238.539436 -0.455070 
2453251.080772 -0.483170 
2453263.622108 -0.510689 
2453276.163444 -0.537686 
2453288.704780 -0.564213 
2453301.246116 -0.590314 
2453313.787452 -0.616024 
2453326.328788 -0.641367 
2453338.870124 -0.666354 
2453351.411460 -0.690975 
2453363.952796 -0.715200 
2453376.494132 -0.738960 
2453389.035468 -0.762132 
2453401.576804 -0.784515 
2453414.118140 -0.805779 
2453426.659476 -0.825383 
2453439.200812 -0.842427 
2453451.742148 -0.855362 
2453464.283484 -0.861395 
2453476.824820 -0.855128 
2453489.366156 -0.825097 
2453501.907492 -0.743320 
2453514.448828 -0.524972 
2453526.990164 0.201618 
2453539.531500 3.694602 
2453552.072836 3.881865 
2453564.614172 2.501369 
2453577.155508 1.817133 
2453589.696845 1.405946 
2453602.238181 1.124518 
2453614.779517 0.915560 
2453627.320853 0.751677 
2453639.862189 0.618019 
2453652.403525 0.505771 
2453664.944861 0.409335 
2453677.486197 0.324965 
2453690.027533 0.250048 
2453702.568869 0.182694 
2453715.110205 0.121501 
2453727.651541 0.065403 
2453740.192877 0.013569 
2453752.734213 -0.034656 
2453765.275549 -0.079799 
2453777.816885 -0.122287 
2453790.358221 -0.162475 
2453802.899557 -0.200656 
2453815.440893 -0.237077 
2453827.982229 -0.271947 
2453840.523565 -0.305445 
2453853.064901 -0.337726 
2453865.606237 -0.368924 
2453878.147573 -0.399763 
2453890.688909 -0.429166 
2453903.230245 -0.457849 
2453915.771581 -0.485890 
2453928.312917 -0.513355 
2453940.854253 -0.540304 
2453953.395589 -0.566787 
2453965.936925 -0.592849 
2453978.478261 -0.618522 
2453991.019597 -0.643830 
2454003.560933 -0.668782 
2454016.102270 -0.693366 
2454028.643606 -0.717549 
2454041.184942 -0.741258 
2454053.726278 -0.764363 
2454066.267614 -0.786654 
2454078.808950 -0.807784 
2454091.350286 -0.827184 
2454103.891622 -0.843908 
2454116.432958 -0.856319 
2454128.974294 -0.861446 
2454141.515630 -0.853507 
2454154.056966 -0.820078 
2454166.598302 -0.730316 
2454179.139638 -0.488101 
2454191.680974 0.348509 
2454204.222310 4.202221 
2454216.763646 3.695075 
2454229.304982 2.414171 
2454241.846318 1.768279 
2454254.387654 1.373948 
2454266.928990 1.101439 
2454279.470326 0.897824 
2454292.011662 0.737428 
2454304.552998 0.606189 
2454317.094334 0.495699 
2454329.635670 0.400588 
2454342.177006 0.317245 
2454354.718342 0.243143 
2454367.259678 0.176448 
2454379.801014 0.115797 
2454392.342350 0.060149 
2454404.883686 0.008695 
2454417.425022 -0.039206 
2454429.966358 -0.084071 
2454442.507695 -0.126320 
2454455.049031 -0.166299 
2454467.590367 -0.204297 
2454480.131703 -0.240557 
2454492.673039 -0.275285 
2454505.214375 -0.308658 
2454517.755711 -0.340827 
2454530.297047 -0.371926 
2454542.838383 -0.402677 
2454555.379719 -0.432006 
2454567.921055 -0.460623 
2454580.462391 -0.488604 
2454593.003727 -0.516016 
2454605.545063 -0.542917 
2454618.086399 -0.569358 
2454630.627735 -0.595380 
2454643.169071 -0.621017 
2454655.710407 -0.646290 
2454668.251743 -0.671206 
2454680.793079 -0.695754 
2454693.334415 -0.719894 
2454705.875751 -0.743550 
2454718.417087 -0.766587 
2454730.958423 -0.788782 
2454743.499759 -0.809772 
2454756.041095 -0.828960 
2454768.582431 -0.845349 
2454781.123767 -0.857208 
2454793.665103 -0.861377 
2454806.206439 -0.851654 
2454818.747775 -0.814558 
2454831.289111 -0.716020 
2454843.830447 -0.446723 
2454856.371783 0.521820 
2454868.913120 4.619588 
2454881.454456 3.520807 
2454893.995792 2.332541 
2454906.537128 1.721673 
2454919.078464 1.343068 
2454931.619800 1.079003 
2454944.161136 0.880495 
2454956.702472 0.723454 
2454969.243808 0.594555 
2454981.785144 0.485773 
2454994.326480 0.391953 
2455006.867816 0.309614 
2455019.409152 0.236308 
2455031.950488 0.170260 
2455044.491824 0.110140 
2455057.033160 0.054936 
2455069.574496 0.003856 
2455082.115832 -0.043727 
2455094.657168 -0.088319 
2455107.198504 -0.130331 
2455119.739840 -0.170104 
2455132.281176 -0.207922 
2455144.822512 -0.244023 
2455157.363848 -0.278611 
2455169.905184 -0.311860 
2455182.446520 -0.343918 
2455194.987856 -0.374919 
2455207.529192 -0.405583 
2455220.070528 -0.434839 
2455232.611864 -0.463391 
2455245.153200 -0.491313 
2455257.694536 -0.518673 
2455270.235872 -0.545527 
2455282.777208 -0.571925 
2455295.318545 -0.597908 
2455307.859881 -0.623508 
2455320.401217 -0.648746 
2455332.942553 -0.673627 
2455345.483889 -0.698137 
2455358.025225 -0.722234 
2455370.566561 -0.745836 
2455383.107897 -0.768802 
2455395.649233 -0.790898 
2455408.190569 -0.811743 
2455420.731905 -0.830710 
2455433.273241 -0.846747 
2455445.814577 -0.858025 
2455458.355913 -0.861179 
2455470.897249 -0.849551 
2455483.438585 -0.808493 
2455495.979921 -0.700286 
2455508.521257 -0.400129 
2455521.062593 0.727396 
2455533.603929 4.844741 
2455546.145265 3.359246 
2455558.686601 2.255954 
2455571.227937 1.677149 
2455583.769273 1.313241 
2455596.310609 1.057177 
2455608.851945 0.863555 
2455621.393281 0.709746 
2455633.934617 0.583112 
2455646.475953 0.475990 
2455659.017289 0.383427 
2455671.558625 0.302068 
2455684.099961 0.229543 
2455696.641297 0.164128 
2455709.182633 0.104531 
2455721.723970 0.049762 
2455734.265306 -0.000950 
2455746.806642 -0.048219 
2455759.347978 -0.092541 
2455771.889314 -0.134320 
2455784.430650 -0.173890 
2455796.971986 -0.211530 
2455809.513322 -0.247475 
2455822.054658 -0.281924 
2455834.595994 -0.315050 
2455847.137330 -0.346999 
2455859.678666 -0.377903 
2455872.220002 -0.408482 
2455884.761338 -0.437665 
2455897.302674 -0.466152 
2455909.844010 -0.494017 
2455922.385346 -0.521324 
2455934.926682 -0.548132 
2455947.468018 -0.574487 
2455960.009354 -0.600432 
2455972.550690 -0.625996 
2455985.092026 -0.651199 
2455997.633362 -0.676044 
2456010.174698 -0.700516 
2456022.716034 -0.724569 
2456035.257370 -0.748117 
2456047.798706 -0.771010 
2456060.340042 -0.793003 
2456072.881378 -0.813696 
2456085.422714 -0.832432 
2456097.964050 -0.848101 
2456110.505386 -0.858767 
2456123.046722 -0.860845 
2456135.588058 -0.847181 
2456148.129394 -0.801834 
2456160.670731 -0.682950 
2456173.212067 -0.347464 
2456185.753403 0.972255 
2456198.294739 4.911403 
2456210.836075 3.209892 
2456223.377411 2.183943 
2456235.918747 1.634558 
2456248.460083 1.284409 
2456261.001419 1.035935 
2456273.542755 0.846990 
2456286.084091 0.696295 
2456298.625427 0.571855 
2456311.166763 0.466345 
2456323.708099 0.375008 
2456336.249435 0.294606 
2456348.790771 0.222846 
2456361.332107 0.158052 
2456373.873443 0.098967 
2456386.414779 0.044627 
2456398.956115 -0.005723 
2456411.497451 -0.052683 
2456424.038787 -0.096740 
2456436.580123 -0.138288 
2456449.121459 -0.177658 
2456461.662795 -0.215122 
2456474.204131 -0.250912 
2456486.745467 -0.285225 
2456499.286803 -0.318229 
2456511.828139 -0.350070 
2456524.369475 -0.380878 
2456536.910811 -0.411373 
2456549.452147 -0.440485 
2456561.993483 -0.468908 
2456574.534819 -0.496715 
2456587.076156 -0.523971 
2456599.617492 -0.550732 
2456612.158828 -0.577046 
2456624.700164 -0.602952 
2456637.241500 -0.628480 
2456649.782836 -0.653648 
2456662.324172 -0.678458 
2456674.865508 -0.702891 
2456687.406844 -0.726900 
2456699.948180 -0.750391 
2456712.489516 -0.773209 
2456725.030852 -0.795096 
2456737.572188 -0.815632 
2456750.113524 -0.834125 
2456762.654860 -0.849409 
2456775.196196 -0.859429 
2456787.737532 -0.860366 
2456800.278868 -0.844524 
2456812.820204 -0.794528 
2456825.361540 -0.663820 
2456837.902876 -0.287692 
2456850.444212 1.264446 
2456862.985548 4.853609 
2456875.526884 3.071923 
2456888.068220 2.116092 
2456900.609556 1.593764 
2456913.150892 1.256514 
2456925.692228 1.015249 
2456938.233564 0.830785 
2456950.774900 0.683092 
2456963.316236 0.560777 
2456975.857572 0.456835 
2456988.398908 0.366694 
2457000.940244 0.287227 
2457013.481581 0.216215 
2457026.022917 0.152030 
2457038.564253 0.093449 
2457051.105589 0.039530 
2457063.646925 -0.010463 
2457076.188261 -0.057120 
2457088.729597 -0.100914 
2457101.270933 -0.142236 
2457113.812269 -0.181407 
2457126.353605 -0.218698 
2457138.894941 -0.254335 
2457151.436277 -0.288512 
2457163.977613 -0.321397 
2457176.518949 -0.353132 
2457189.060285 -0.383845 
2457201.601621 -0.414257 
2457214.142957 -0.443298 
2457226.684293 -0.471657 
2457239.225629 -0.499408 
2457251.766965 -0.526613 
2457264.308301 -0.553328 
2457276.849637 -0.579601 
2457289.390973 -0.605468 
2457301.932309 -0.630961 
2457314.473645 -0.656094 
2457327.014981 -0.680868 
2457339.556317 -0.705263 
2457352.097653 -0.729225 
2457364.638989 -0.752659 
2457377.180325 -0.775399 
2457389.721661 -0.797175 
2457402.262997 -0.817547 
2457414.804333 -0.835789 
2457427.345669 -0.850667 
2457439.887006 -0.860006 
2457452.428342 -0.859732 
2457464.969678 -0.841558 
2457477.511014 -0.786513 
2457490.052350 -0.642678 
2457502.593686 -0.219550 
2457515.135022 1.612357 
2457527.676358 4.714494 
2457540.217694 2.944398 
2457552.759030 2.052034 
2457565.300366 1.554645 
2457577.841702 1.229507 
2457590.383038 0.995094 
2457602.924374 0.814927 
2457615.465710 0.670130 
2457628.007046 0.549873 
2457640.548382 0.447456 
2457653.089718 0.358481 
2457665.631054 0.279929 
2457678.172390 0.209650 
2457690.713726 0.146062 
2457703.255062 0.087975 
2457715.796398 0.034471 
2457728.337734 -0.015172 
2457740.879070 -0.061529 
2457753.420406 -0.105065 
2457765.961742 -0.146163 
2457778.503078 -0.185138 
2457791.044414 -0.222258 
2457803.585750 -0.257744 
2457816.127086 -0.291788 
2457828.668422 -0.324553 
2457841.209758 -0.356183 
2457853.751094 -0.386802 
2457866.292431 -0.417134 
2457878.833767 -0.446104 
2457891.375103 -0.474401 
2457903.916439 -0.502096 
2457916.457775 -0.529251 
2457928.999111 -0.555920 
2457941.540447 -0.582151 
2457954.081783 -0.607981 
2457966.623119 -0.633438 
2457979.164455 -0.658536 
2457991.705791 -0.683275 
2458004.247127 -0.707630 
2458016.788463 -0.731546 
2458029.329799 -0.754920 
2458041.871135 -0.777580 
2458054.412471 -0.799242 
2458066.953807 -0.819443 
2458079.495143 -0.837420 
2458092.036479 -0.851873 
2458104.577815 -0.860494 
2458117.119151 -0.858934 
2458129.660487 -0.838260 
2458142.201823 -0.777724 
2458154.743159 -0.619267 
2458167.284495 -0.141492 
2458179.825831 2.022904 
2458192.367167 4.530746 
2458204.908503 2.826362 
2458217.449839 1.991442 
2458229.991175 1.517088 
2458242.532511 1.203340 
2458255.073847 0.975447 
2458267.615183 0.799402 
2458280.156519 0.657400 
2458292.697856 0.539139 
2458305.239192 0.438205 
2458317.780528 0.350367 
2458330.321864 0.272709 
2458342.863200 0.203148 
2458355.404536 0.140147 
2458367.945872 0.082546 
2458380.487208 0.029449 
2458393.028544 -0.019849 
2458405.569880 -0.065910 
2458418.111216 -0.109192 
2458430.652552 -0.150069 
2458443.193888 -0.188852 
2458455.735224 -0.225802 
2458468.276560 -0.261139 
2458480.817896 -0.295051 
2458493.359232 -0.327699 
2458505.900568 -0.359225 
2458518.441904 -0.390355 
2458530.983240 -0.420003 
2458543.524576 -0.448904 
2458556.065912 -0.477139 
2458568.607248 -0.504778 
2458581.148584 -0.531883 
2458593.689920 -0.558508 
2458606.231256 -0.584698 
2458618.772592 -0.610491 
2458631.313928 -0.635912 
2458643.855264 -0.660975 
2458656.396600 -0.685678 
2458668.937936 -0.709993 
2458681.479272 -0.733861 
2458694.020608 -0.757174 
2458706.561944 -0.779751 
2458719.103281 -0.801294 
2458731.644617 -0.821318 
2458744.185953 -0.839019 
2458756.727289 -0.853025 
2458769.268625 -0.860888 
2458781.809961 -0.857961 
2458794.351297 -0.834602 
2458806.892633 -0.768084 
2458819.433969 -0.593293 
2458831.975305 -0.051611 
2458844.516641 2.497745 
2458857.057977 4.328057 
2458869.599313 2.716907 
2458882.140649 1.934025 
2458894.681985 1.480992 
2458907.223321 1.177968 
2458919.764657 0.956286 
2458932.305993 0.784198 
2458944.847329 0.644894 
2458957.388665 0.528570 
2458969.930001 0.429079 
2458982.471337 0.342350 
2458995.012673 0.265567 
2459007.554009 0.196709 
2459020.095345 0.134283 
2459032.636681 0.077159 
2459045.178017 0.024462 
2459057.719353 -0.024495 
2459070.260689 -0.070266 
2459082.802025 -0.113297 
2459095.343361 -0.153956 
2459107.884697 -0.192548 
2459120.426033 -0.229331 
2459132.967369 -0.264521 
2459145.508706 -0.298302 
2459158.050042 -0.330834 
2459170.591378 -0.362257 
2459183.132714 -0.393295 
2459195.674050 -0.422865 
2459208.215386 -0.451698 
2459220.756722 -0.479871 
2459233.298058 -0.507455 
2459245.839394 -0.534511 
2459258.380730 -0.561092 
2459270.922066 -0.587242 
2459283.463402 -0.612997 
2459296.004738 -0.638382 
2459308.546074 -0.663411 
2459321.087410 -0.688077 
2459333.628746 -0.712352 
2459346.170082 -0.736171 
2459358.711418 -0.759422 
2459371.252754 -0.781913 
2459383.794090 -0.803332 
2459396.335426 -0.823171 
2459408.876762 -0.840583 
2459421.418098 -0.854119 
2459433.959434 -0.861182 
2459446.500770 -0.856801 
2459459.042106 -0.830556 
2459471.583442 -0.757508 
2459484.124778 -0.564408 
2459496.666114 0.052456 
2459509.207450 3.026798 
2459521.748786 4.122355 
2459534.290122 2.615191 
2459546.831458 1.879522 
2459559.372794 1.446263 
2459571.914130 1.153352 
2459584.455467 0.937590 
2459596.996803 0.769303 
2459609.538139 0.632607 
2459622.079475 0.518160 
2459634.620811 0.420074 
2459647.162147 0.334428 
2459659.703483 0.258500 
2459672.244819 0.190331 
2459684.786155 0.128470 
2459697.327491 0.071814 
2459709.868827 0.019512 
2459722.410163 -0.029111 
2459734.951499 -0.074595 
2459747.492835 -0.117378 
2459760.034171 -0.157822 
2459772.575507 -0.196227 
2459785.116843 -0.232845 
2459797.658179 -0.267889 
2459810.199515 -0.301541 
2459822.740851 -0.333959 
2459835.282187 -0.365279 
2459847.823523 -0.396226 
2459860.364859 -0.425721 
2459872.906195 -0.454485 
2459885.447531 -0.482598 
2459897.988867 -0.510128 
2459910.530203 -0.537135 
2459923.071539 -0.563671 
2459935.612875 -0.589781 
2459948.154211 -0.615499 
2459960.695547 -0.640849 
2459973.236883 -0.665843 
2459985.778219 -0.690473 
2459998.319555 -0.714706 
2460010.860892 -0.738476 
2460023.402228 -0.761662 
2460035.943564 -0.784065 
2460048.484900 -0.805356 
2460061.026236 -0.825001 
2460073.567572 -0.842111 
2460086.108908 -0.855153 
2460098.650244 -0.861370 
2460111.191580 -0.855441 
2460123.732916 -0.826092 
2460136.274252 -0.745900 
2460148.815588 -0.532204 
2460161.356924 0.173649 
2460173.898260 3.579999 
2460186.439596 3.922598 
2460198.980932 2.520453 
2460211.522268 1.827700 
2460224.063604 1.412817 
2460236.604940 1.129452 
2460249.146276 0.919340 
2460261.687612 0.754707 
2460274.228948 0.620530 
2460286.770284 0.507906 
2460299.311620 0.411187 
2460311.852956 0.326599 
2460324.394292 0.251508 
2460336.935628 0.184014 
2460349.476964 0.122706 
2460362.018300 0.066512 
2460374.559636 0.014597 
2460387.100972 -0.033697 
2460399.642308 -0.078898 
2460412.183644 -0.121437 
2460424.724980 -0.161669 
2460437.266317 -0.199889 
2460449.807653 -0.236343 
2460462.348989 -0.271243 
2460474.890325 -0.304768 
2460487.431661 -0.337073 
2460499.972997 -0.368292 
2460512.514333 -0.399150 
2460525.055669 -0.428569 
2460537.597005 -0.457266 
2460550.138341 -0.485319 
2460562.679677 -0.512795 
2460575.221013 -0.539754 
2460587.762349 -0.566247 
2460600.303685 -0.592317 
2460612.845021 -0.617998 
2460625.386357 -0.643313 
2460637.927693 -0.668272 
2460650.469029 -0.692864 
2460663.010365 -0.717056 
2460675.551701 -0.740775 
2460688.093037 -0.763895 
2460700.634373 -0.786206 
2460713.175709 -0.807364 
2460725.717045 -0.826808 
2460738.258381 -0.843600 
2460750.799717 -0.856124 
2460763.341053 -0.861445 
2460775.882389 -0.853866 
2460788.423725 -0.821173 
2460800.965061 -0.733151 
2460813.506397 -0.496200 
2460826.047733 0.315628 
2460838.589069 4.102764 
2460851.130405 3.733307 
2460863.671742 2.432011 
2460876.213078 1.778351 
2460888.754414 1.380576 
2460901.295750 1.106234 
2460913.837086 0.901516 
2460926.378422 0.740398 
2460938.919758 0.608658 
2460951.461094 0.497803 
2460964.002430 0.402416 
2460976.543766 0.318860 
2460989.085102 0.244588 
2461001.626438 0.177756 
2461014.167774 0.116992 
2461026.709110 0.061250 
2461039.250446 0.009716 
2461051.791782 -0.038253 
2461064.333118 -0.083176 
2461076.874454 -0.125475 
2461089.415790 -0.165497 
2461101.957126 -0.203533 
2461114.498462 -0.239827 
2461127.039798 -0.274585 
2461139.581134 -0.307984 
2461152.122470 -0.340177 
2461164.663806 -0.371296 
2461177.205142 -0.402065 
2461189.746478 -0.431410 
2461202.287814 -0.460041 
2461214.829150 -0.488034 
2461227.370486 -0.515458 
2461239.911822 -0.542369 
2461252.453158 -0.568818 
2461264.994494 -0.594849 
2461277.535830 -0.620493 
2461290.077167 -0.645773 
2461302.618503 -0.670697 
2461315.159839 -0.695252 
2461327.701175 -0.719402 
2461340.242511 -0.743069 
2461352.783847 -0.766120 
2461365.325183 -0.788336 
2461377.866519 -0.809355 
2461390.407855 -0.828589 
2461402.949191 -0.845050 
2461415.490527 -0.857027 
2461428.031863 -0.861402 
2461440.573199 -0.852063 
2461453.114535 -0.815762 
2461465.655871 -0.719138 
2461478.197207 -0.455824 
2461490.738543 0.482941 
2461503.279879 4.551233 
2461515.821215 3.556361 
2461528.362551 2.349258 
2461540.903887 1.731287 
2461553.445223 1.349466 
2461565.986559 1.083665 
2461578.527895 0.884103 
2461591.069231 0.726367 
2461603.610567 0.596983 
2461616.151903 0.487847 
2461628.693239 0.393758 
2461641.234575 0.311210 
2461653.775911 0.237739 
2461666.317247 0.171555 
2461678.858583 0.111325 
2461691.399919 0.056028 
2461703.941255 0.004870 
2461716.482592 -0.042780 
2461729.023928 -0.087428 
2461741.565264 -0.129490 
2461754.106600 -0.169306 
2461766.647936 -0.207161 
2461779.189272 -0.243296 
2461791.730608 -0.277913 
2461804.271944 -0.311188 
2461816.813280 -0.343270 
2461829.354616 -0.374291 
2461841.895952 -0.404973 
2461854.437288 -0.434244 
2461866.978624 -0.462810 
2461879.519960 -0.490744 
2461892.061296 -0.518115 
2461904.602632 -0.544979 
2461917.143968 -0.571386 
2461929.685304 -0.597377 
2461942.226640 -0.622985 
2461954.767976 -0.648230 
2461967.309312 -0.673119 
2461979.850648 -0.697636 
2461992.391984 -0.721743 
2462004.933320 -0.745356 
2462017.474656 -0.768338 
2462030.015992 -0.790455 
2462042.557328 -0.811330 
2462055.098664 -0.830344 
2462067.640000 -0.846457 
2462080.181336 -0.857860 
2462092.722672 -0.861231 
2462105.264008 -0.850014 
2462117.805344 -0.809815 
2462130.346680 -0.703719 
2462142.888017 -0.410392 
2462155.429353 0.681195 
2462167.970689 4.811267 
2462180.512025 3.392155 
2462193.053361 2.271652 
2462205.594697 1.686339 
2462218.136033 1.319424 
2462230.677369 1.061714 
2462243.218705 0.867083 
2462255.760041 0.712604 
2462268.301377 0.585501 
2462280.842713 0.478034 
2462293.384049 0.385210 
2462305.925385 0.303646 
2462318.466721 0.230959 
2462331.008057 0.165412 
2462343.549393 0.105706 
2462356.090729 0.050846 
2462368.632065 0.000057 
2462381.173401 -0.047278 
2462393.714737 -0.091656 
2462406.256073 -0.133484 
2462418.797409 -0.173096 
2462431.338745 -0.210773 
2462443.880081 -0.246751 
2462456.421417 -0.281229 
2462468.962753 -0.314380 
2462481.504089 -0.346353 
2462494.045425 -0.377277 
2462506.586761 -0.407874 
2462519.128097 -0.437072 
2462531.669433 -0.465572 
2462544.210769 -0.493449 
2462556.752105 -0.520768 
2462569.293442 -0.547585 
2462581.834778 -0.573949 
2462594.376114 -0.599902 
2462606.917450 -0.625473 
2462619.458786 -0.650684 
2462632.000122 -0.675537 
2462644.541458 -0.700017 
2462657.082794 -0.724079 
2462669.624130 -0.747638 
2462682.165466 -0.770547 
2462694.706802 -0.792562 
2462707.248138 -0.813288 
2462719.789474 -0.832072 
2462732.330810 -0.847821 
2462744.872146 -0.858617 
2462757.413482 -0.860927 
2462769.954818 -0.847702 
2462782.496154 -0.803285 
2462795.037490 -0.686735 
2462807.578826 -0.359082 
2462820.120162 0.917161 
2462832.661498 4.909149 
2462845.202834 3.240297 
2462857.744170 2.198715 
2462870.285506 1.643353 
2462882.826842 1.290387 
2462895.368178 1.040351 
2462907.909514 0.850440 
2462920.450850 0.699100 
2462932.992186 0.574205 
2462945.533522 0.468360 
2462958.074858 0.376769 
2462970.616194 0.296167 
2462983.157530 0.224248 
2462995.698866 0.159324 
2463008.240203 0.100132 
2463020.781539 0.045703 
2463033.322875 -0.004723 
2463045.864211 -0.051748 
2463058.405547 -0.095860 
2463070.946883 -0.137456 
2463083.488219 -0.176868 
2463096.029555 -0.214368 
2463108.570891 -0.250191 
2463121.112227 -0.284532 
2463133.653563 -0.317562 
2463146.194899 -0.349426 
2463158.736235 -0.380254 
2463171.277571 -0.410767 
2463183.818907 -0.439893 
2463196.360243 -0.468329 
2463208.901579 -0.496148 
2463221.442915 -0.523415 
2463233.984251 -0.550186 
2463246.525587 -0.576509 
2463259.066923 -0.602423 
2463271.608259 -0.627958 
2463284.149595 -0.653134 
2463296.690931 -0.677951 
2463309.232267 -0.702393 
2463321.773603 -0.726410 
2463334.314939 -0.749914 
2463346.856275 -0.772747 
2463359.397611 -0.794657 
2463371.938947 -0.815227 
2463384.480283 -0.833772 
2463397.021619 -0.849138 
2463409.562955 -0.859296 
2463422.104291 -0.860479 
2463434.645628 -0.845107 
2463447.186964 -0.796119 
2463459.728300 -0.667999 
2463472.269636 -0.300899 
2463484.810972 1.198705 
2463497.352308 4.873910 
2463509.893644 3.100013 
2463522.434980 2.130022 
2463534.976316 1.602192 
2463547.517652 1.262300 
2463560.058988 1.019550 
2463572.600324 0.834161 
2463585.141660 0.685846 
2463597.682996 0.563090 
2463610.224332 0.458822 
2463622.765668 0.368432 
2463635.307004 0.288771 
2463647.848340 0.217603 
2463660.389676 0.153291 
2463672.931012 0.094605 
2463685.472348 0.040598 
2463698.013684 -0.009470 
2463710.555020 -0.056190 
2463723.096356 -0.100039 
2463735.637692 -0.141408 
2463748.179028 -0.180621 
2463760.720364 -0.217948 
2463773.261700 -0.253617 
2463785.803036 -0.287823 
2463798.344372 -0.320732 
2463810.885708 -0.352489 
2463823.427044 -0.383222 
2463835.968380 -0.413652 
