rjd	vrad	svrad
---	----	-----
57972.642390990164	-3403.950745	2.539091
57989.57167673018	-3403.491118	4.308768
57991.55319646001	-3392.727040	5.085907
57991.65688476991	-3401.895347	5.279425
57992.564894990064	-3414.435048	1.785553
57992.647092250176	-3407.356187	1.636293
57992.73718171008	-3417.465868	2.594756
57993.56900535012	-3423.538827	1.597645
57993.649707209785	-3430.623726	5.901415
57994.540225840174	-3421.639748	1.379527
57994.6143317502	-3412.782905	10.883783
57994.726301169954	-3423.971140	1.846029
57995.521310099866	-3418.160026	2.422678
57995.61316815019	-3420.573246	1.865867
57996.51964794006	-3397.815330	6.174933
57996.58690452995	-3399.385989	3.985312
57996.69676961005	-3409.231371	3.762886
57997.51888917014	-3416.192127	10.512481
57999.514325450175	-3420.186816	1.986259
57999.68315084977	-3410.126393	1.923508
58000.51729403017	-3411.448860	2.158012
58000.58732734015	-3418.004900	2.210032
58000.66140032979	-3425.541901	2.702821
58001.483840750065	-3416.756314	1.574567
58001.65926156007	-3405.159578	1.746470
58011.441099150106	-3395.359033	2.361032
58011.463972200174	-3398.194550	2.270627
58011.492836529855	-3400.505372	2.126682
58011.514782030135	-3403.093911	2.230855
58011.53704527998	-3405.241656	2.085680
58011.55966003984	-3404.004867	1.607452
58011.588087399956	-3408.272196	2.359123
58011.611718269996	-3408.808471	1.755062
58011.634613280185	-3403.524582	2.076258
58019.53038681019	-3416.808792	4.312076
58019.57609638991	-3419.493020	4.761156
58021.485174479894	-3415.906900	3.276578
58021.5500353002	-3412.895741	4.662862
58022.50785478996	-3426.093967	2.137532
58022.61311732	-3413.354952	2.387842
58025.44097296009	-3394.381850	1.198154
58025.60403979011	-3406.049107	1.440550
58026.43946168991	-3400.170009	2.651136
58026.52411897015	-3391.749324	2.834279
58820.3858450898	-3407.233581	5.604244
59416.66714301007	-3416.016064	2.191666
59428.72119126981	-3379.863485	1.928625
59442.68999285996	-3394.128765	2.616052
59459.571626000106	-3406.988796	1.986261
59473.56513345009	-3417.074562	3.502489
