# time Tc_folded Tref_folded value value_err offset model full_model val_compare val_compare_err residuals residuals_err jitter jitter_flag offset_flag subset_flag 
2452937.547371 2.572467 1.000000 -2.900000 0.600000 0.089752 -1.371617 -3.191364 -1.080253 0.600000 0.291364 0.600000 2.413394  -1   0  -1 
2453149.838415 13.113390 0.313485 -2.100000 0.600000 0.089752 -0.841289 -1.858248 -1.083041 0.600000 -0.241752 0.600000 2.413394  -1   0  -1 
2453149.916798 13.191773 0.315816 -0.000000 0.600000 0.089752 -0.827280 -1.920317 1.093037 0.600000 1.920317 0.600000 2.413394  -1   0  -1 
2453150.817130 14.092105 0.342591 0.100000 0.800000 0.089752 -0.664225 -2.516766 1.952542 0.800000 2.616766 0.800000 2.413394  -1   0  -1 
2453157.855306 -12.494740 0.551905 4.500000 0.700000 0.089752 0.719418 2.079307 3.140111 0.700000 2.420693 0.700000 2.413394  -1   0  -1 
2453288.510985 -16.339141 0.437573 4.900000 1.000000 0.089752 -0.058700 1.821529 3.019771 1.000000 3.078471 1.000000 2.413394  -1   0  -1 
2453288.512073 -16.338053 0.437606 3.600000 1.000000 0.089752 -0.058487 1.821668 1.719845 1.000000 1.778332 1.000000 2.413394  -1   0  -1 
2453288.513115 -16.337011 0.437637 3.700000 1.000000 0.089752 -0.058283 1.821802 1.819915 1.000000 1.878198 1.000000 2.413394  -1   0  -1 
2453288.514168 -16.335958 0.437668 3.600000 1.000000 0.089752 -0.058077 1.821936 1.719987 1.000000 1.778064 1.000000 2.413394  -1   0  -1 
2453288.515209 -16.334917 0.437699 4.600000 1.200000 0.089752 -0.057873 1.822068 2.720059 1.200000 2.777932 1.200000 2.413394  -1   0  -1 
2453288.516274 -16.333852 0.437731 3.500000 1.100000 0.089752 -0.057665 1.822202 1.620132 1.100000 1.677798 1.100000 2.413394  -1   0  -1 
2453288.517350 -16.332776 0.437763 3.000000 1.000000 0.089752 -0.057455 1.822338 1.120207 1.000000 1.177662 1.000000 2.413394  -1   0  -1 
2453288.518392 -16.331734 0.437794 3.500000 1.000000 0.089752 -0.057251 1.822469 1.620280 1.000000 1.677531 1.000000 2.413394  -1   0  -1 
2453288.519457 -16.330669 0.437825 6.300000 1.000000 0.089752 -0.057042 1.822602 4.420356 1.000000 4.477398 1.000000 2.413394  -1   0  -1 
2453288.520522 -16.329604 0.437857 2.000000 1.000000 0.089752 -0.056834 1.822735 0.120431 1.000000 0.177265 1.000000 2.413394  -1   0  -1 
2453289.509851 -15.340275 0.467279 -0.200000 1.000000 0.089752 0.138527 1.735348 -1.796821 1.000000 -1.935348 1.000000 2.413394  -1   0  -1 
2453289.510916 -15.339210 0.467311 1.000000 1.000000 0.089752 0.138739 1.735031 -0.596293 1.000000 -0.735031 1.000000 2.413394  -1   0  -1 
2453289.511969 -15.338157 0.467342 2.400000 0.900000 0.089752 0.138949 1.734718 0.804230 0.900000 0.665282 0.900000 2.413394  -1   0  -1 
2453289.515151 -15.334975 0.467437 -0.600000 1.000000 0.089752 0.139583 1.733770 -2.194187 1.000000 -2.333770 1.000000 2.413394  -1   0  -1 
2453289.516193 -15.333933 0.467468 0.200000 0.900000 0.089752 0.139790 1.733458 -1.393668 0.900000 -1.533458 0.900000 2.413394  -1   0  -1 
2453289.517235 -15.332891 0.467499 4.100000 0.900000 0.089752 0.139998 1.733146 2.506852 0.900000 2.366854 0.900000 2.413394  -1   0  -1 
2453289.518276 -15.331850 0.467530 -0.100000 1.000000 0.089752 0.140205 1.732834 -1.692628 1.000000 -1.832834 1.000000 2.413394  -1   0  -1 
2453289.519364 -15.330762 0.467562 2.300000 0.900000 0.089752 0.140422 1.732507 0.707915 0.900000 0.567493 0.900000 2.413394  -1   0  -1 
2453289.520383 -15.329743 0.467593 1.300000 0.900000 0.089752 0.140625 1.732201 -0.291575 0.900000 -0.432201 0.900000 2.413394  -1   0  -1 
2453289.521459 -15.328667 0.467625 2.600000 0.900000 0.089752 0.140840 1.731877 1.008963 0.900000 0.868123 0.900000 2.413394  -1   0  -1 
2453289.535926 -15.314200 0.468055 -1.600000 1.100000 0.089752 0.143724 1.727475 -3.183751 1.100000 -3.327475 1.100000 2.413394  -1   0  -1 
2453289.536990 -15.313136 0.468086 -0.300000 1.000000 0.089752 0.143936 1.727148 -1.883212 1.000000 -2.027148 1.000000 2.413394  -1   0  -1 
2453289.538078 -15.312048 0.468119 3.100000 1.000000 0.089752 0.144153 1.726813 1.517340 1.000000 1.373187 1.000000 2.413394  -1   0  -1 
2453289.539120 -15.311006 0.468150 0.600000 1.000000 0.089752 0.144360 1.726491 -0.982131 1.000000 -1.126491 1.000000 2.413394  -1   0  -1 
2453289.540138 -15.309988 0.468180 -1.600000 0.900000 0.089752 0.144563 1.726177 -3.181614 0.900000 -3.326177 0.900000 2.413394  -1   0  -1 
2453289.541238 -15.308888 0.468213 0.800000 1.100000 0.089752 0.144783 1.725837 -0.781055 1.100000 -0.925837 1.100000 2.413394  -1   0  -1 
2453289.542256 -15.307870 0.468243 0.800000 1.000000 0.089752 0.144986 1.725522 -0.780537 1.000000 -0.925522 1.000000 2.413394  -1   0  -1 
2453289.543321 -15.306805 0.468275 0.600000 1.000000 0.089752 0.145198 1.725192 -0.979994 1.000000 -1.125192 1.000000 2.413394  -1   0  -1 
2453289.544351 -15.305775 0.468305 -0.800000 1.000000 0.089752 0.145403 1.724872 -2.379469 1.000000 -2.524872 1.000000 2.413394  -1   0  -1 
2453289.545404 -15.304722 0.468337 0.000000 1.000000 0.089752 0.145613 1.724545 -1.578932 1.000000 -1.724545 1.000000 2.413394  -1   0  -1 
2453289.550820 -15.299306 0.468498 0.900000 1.000000 0.089752 0.146693 1.722855 -0.676162 1.000000 -0.822855 1.000000 2.413394  -1   0  -1 
2453289.551862 -15.298264 0.468529 -0.000000 0.900000 0.089752 0.146901 1.722528 -1.575627 0.900000 -1.722528 0.900000 2.413394  -1   0  -1 
2453289.552915 -15.297211 0.468560 0.800000 0.900000 0.089752 0.147111 1.722198 -0.775087 0.900000 -0.922198 0.900000 2.413394  -1   0  -1 
2453290.516529 -14.333597 0.497218 2.000000 1.300000 0.089752 0.340933 1.248293 1.092640 1.300000 0.751707 1.300000 2.413394  -1   0  -1 
2453290.517582 -14.332544 0.497249 -0.000000 1.300000 0.089752 0.341146 1.247608 -0.906461 1.300000 -1.247608 1.300000 2.413394  -1   0  -1 
2453290.518612 -14.331514 0.497280 2.400000 1.300000 0.089752 0.341355 1.246937 1.494418 1.300000 1.153063 1.300000 2.413394  -1   0  -1 
2453290.519665 -14.330461 0.497311 -3.000000 1.300000 0.089752 0.341569 1.246252 -3.904683 1.300000 -4.246252 1.300000 2.413394  -1   0  -1 
2453290.520730 -14.329396 0.497343 3.100000 1.500000 0.089752 0.341785 1.245558 2.196227 1.500000 1.854442 1.500000 2.413394  -1   0  -1 
2453290.521737 -14.328389 0.497373 0.700000 1.500000 0.089752 0.341989 1.244902 -0.202913 1.500000 -0.544902 1.500000 2.413394  -1   0  -1 
2453290.522824 -14.327302 0.497405 -1.700000 1.700000 0.089752 0.342209 1.244193 -2.601984 1.700000 -2.944193 1.700000 2.413394  -1   0  -1 
2453290.523878 -14.326248 0.497436 1.700000 1.700000 0.089752 0.342423 1.243506 0.798918 1.700000 0.456494 1.700000 2.413394  -1   0  -1 
2453290.524942 -14.325184 0.497468 0.300000 1.500000 0.089752 0.342639 1.242811 -0.600172 1.500000 -0.942811 1.500000 2.413394  -1   0  -1 
2453290.525972 -14.324154 0.497499 -3.000000 1.600000 0.089752 0.342848 1.242139 -3.899291 1.600000 -4.242139 1.600000 2.413394  -1   0  -1 
2453293.491230 -11.358896 0.585685 0.300000 1.400000 0.089752 0.957562 -1.016654 2.274217 1.400000 1.316654 1.400000 2.413394  -1   0  -1 
2453293.492283 -11.357843 0.585716 1.500000 1.400000 0.089752 0.957784 -1.017231 3.475014 1.400000 2.517231 1.400000 2.413394  -1   0  -1 
2453293.493371 -11.356755 0.585748 0.800000 1.200000 0.089752 0.958013 -1.017826 2.775838 1.200000 1.817826 1.200000 2.413394  -1   0  -1 
2453293.494459 -11.355667 0.585781 -3.100000 1.200000 0.089752 0.958242 -1.018420 -1.123338 1.200000 -2.081580 1.200000 2.413394  -1   0  -1 
2453293.495489 -11.354637 0.585811 0.900000 1.400000 0.089752 0.958459 -1.018983 2.877441 1.400000 1.918983 1.400000 2.413394  -1   0  -1 
2453293.496507 -11.353619 0.585842 -0.800000 1.200000 0.089752 0.958673 -1.019538 1.178211 1.200000 0.219538 1.200000 2.413394  -1   0  -1 
2453293.497630 -11.352496 0.585875 -2.900000 1.200000 0.089752 0.958909 -1.020151 -0.920940 1.200000 -1.879849 1.200000 2.413394  -1   0  -1 
2453293.498671 -11.351455 0.585906 -0.400000 1.200000 0.089752 0.959129 -1.020718 1.579846 1.200000 0.620718 1.200000 2.413394  -1   0  -1 
2453294.486901 -10.363225 0.615296 -0.900000 0.900000 0.089752 1.167160 -1.370552 1.637712 0.900000 0.470552 0.900000 2.413394  -1   0  -1 
2453294.488846 -10.361280 0.615353 -3.600000 0.800000 0.089752 1.167569 -1.370837 -1.061594 0.800000 -2.229163 0.800000 2.413394  -1   0  -1 
2453294.490721 -10.359405 0.615409 0.100000 0.800000 0.089752 1.167963 -1.371110 2.639073 0.800000 1.471110 0.800000 2.413394  -1   0  -1 
2453294.492758 -10.357368 0.615470 -2.600000 0.800000 0.089752 1.168390 -1.371405 -0.060204 0.800000 -1.228595 0.800000 2.413394  -1   0  -1 
2453294.494702 -10.355424 0.615528 -1.800000 0.800000 0.089752 1.168799 -1.371685 0.740484 0.800000 -0.428315 0.800000 2.413394  -1   0  -1 
2453295.508972 -9.341154 0.645692 -1.000000 0.800000 0.089752 1.380099 -1.286114 1.666213 0.800000 0.286114 0.800000 2.413394  -1   0  -1 
2453295.510014 -9.340112 0.645723 -4.300000 0.800000 0.089752 1.380314 -1.285790 -1.633896 0.800000 -3.014210 0.800000 2.413394  -1   0  -1 
2453295.511090 -9.339036 0.645755 -6.900000 0.900000 0.089752 1.380535 -1.285455 -4.234010 0.900000 -5.614545 0.900000 2.413394  -1   0  -1 
2453295.512132 -9.337994 0.645786 -1.300000 0.800000 0.089752 1.380749 -1.285130 1.365880 0.800000 -0.014870 0.800000 2.413394  -1   0  -1 
2453295.513196 -9.336930 0.645817 -2.900000 0.900000 0.089752 1.380968 -1.284798 -0.234234 0.900000 -1.615202 0.900000 2.413394  -1   0  -1 
2453295.514250 -9.335876 0.645849 -4.400000 0.900000 0.089752 1.381185 -1.284468 -1.734346 0.900000 -3.115532 0.900000 2.413394  -1   0  -1 
2453295.515291 -9.334835 0.645880 -5.500000 0.900000 0.089752 1.381399 -1.284142 -2.834458 0.900000 -4.215858 0.900000 2.413394  -1   0  -1 
2453295.516344 -9.333782 0.645911 -4.600000 0.900000 0.089752 1.381616 -1.283812 -1.934572 0.900000 -3.316188 0.900000 2.413394  -1   0  -1 
2453295.517409 -9.332717 0.645943 -0.300000 0.900000 0.089752 1.381835 -1.283478 2.365313 0.900000 0.983478 0.900000 2.413394  -1   0  -1 
2453295.518439 -9.331687 0.645973 -3.300000 0.900000 0.089752 1.382047 -1.283154 -0.634800 0.900000 -2.016846 0.900000 2.413394  -1   0  -1 
2453297.507029 -7.343097 0.705114 0.200000 1.100000 0.089752 1.766145 0.076805 1.889340 1.100000 0.123195 1.100000 2.413394  -1   0  -1 
2453297.508082 -7.342044 0.705145 3.300000 1.100000 0.089752 1.766327 0.077827 4.988500 1.100000 3.222173 1.100000 2.413394  -1   0  -1 
2453297.509135 -7.340991 0.705176 1.500000 1.000000 0.089752 1.766510 0.078849 3.187660 1.000000 1.421151 1.000000 2.413394  -1   0  -1 
2453297.510212 -7.339914 0.705208 0.500000 1.000000 0.089752 1.766696 0.079895 2.186801 1.000000 0.420105 1.000000 2.413394  -1   0  -1 
2453297.511253 -7.338873 0.705239 0.500000 1.000000 0.089752 1.766877 0.080906 2.185970 1.000000 0.419094 1.000000 2.413394  -1   0  -1 
2453297.512330 -7.337796 0.705271 1.400000 1.000000 0.089752 1.767063 0.081952 3.085111 1.000000 1.318048 1.000000 2.413394  -1   0  -1 
2453297.513371 -7.336755 0.705302 0.300000 0.900000 0.089752 1.767243 0.082964 1.984280 0.900000 0.217036 0.900000 2.413394  -1   0  -1 
2453297.514413 -7.335713 0.705333 0.900000 0.900000 0.089752 1.767424 0.083976 2.583447 0.900000 0.816024 0.900000 2.413394  -1   0  -1 
2453297.515478 -7.334648 0.705365 2.700000 1.000000 0.089752 1.767608 0.085012 4.382596 1.000000 2.614988 1.000000 2.413394  -1   0  -1 
2453297.516554 -7.333572 0.705397 -0.200000 1.000000 0.089752 1.767794 0.086058 1.481736 1.000000 -0.286058 1.000000 2.413394  -1   0  -1 
2453297.634786 -7.215340 0.708913 0.600000 1.500000 0.089752 1.788040 0.202282 2.185757 1.500000 0.397718 1.500000 2.413394  -1   0  -1 
2453297.635828 -7.214298 0.708944 -1.600000 1.300000 0.089752 1.788216 0.203318 -0.015101 1.300000 -1.803318 1.300000 2.413394  -1   0  -1 
2453297.636893 -7.213233 0.708976 0.300000 1.400000 0.089752 1.788397 0.204376 1.884021 1.400000 0.095624 1.400000 2.413394  -1   0  -1 
2453297.637946 -7.212180 0.709007 3.100000 1.500000 0.089752 1.788575 0.205422 4.683153 1.500000 2.894578 1.500000 2.413394  -1   0  -1 
2453297.639011 -7.211115 0.709039 3.300000 1.300000 0.089752 1.788755 0.206481 4.882274 1.300000 3.093519 1.300000 2.413394  -1   0  -1 
2453297.640075 -7.210051 0.709070 -0.300000 1.400000 0.089752 1.788935 0.207539 1.281397 1.400000 -0.507539 1.400000 2.413394  -1   0  -1 
2453297.641106 -7.209020 0.709101 0.300000 1.600000 0.089752 1.789110 0.208564 1.880546 1.600000 0.091436 1.600000 2.413394  -1   0  -1 
2453297.642228 -7.207898 0.709134 0.700000 1.400000 0.089752 1.789300 0.209679 2.279620 1.400000 0.490321 1.400000 2.413394  -1   0  -1 
2453297.643304 -7.206822 0.709166 2.800000 1.400000 0.089752 1.789482 0.210750 4.378732 1.400000 2.589250 1.400000 2.413394  -1   0  -1 
2453297.644346 -7.205780 0.709197 3.800000 1.600000 0.089752 1.789658 0.211786 5.377871 1.600000 3.588214 1.600000 2.413394  -1   0  -1 
2453298.514691 -6.335435 0.735081 3.300000 1.100000 0.089752 1.922414 1.121239 4.101175 1.100000 2.178761 1.100000 2.413394  -1   0  -1 
2453298.515803 -6.334323 0.735114 9.000000 1.300000 0.089752 1.922562 1.122431 9.800131 1.300000 7.877569 1.300000 2.413394  -1   0  -1 
2453298.516821 -6.333305 0.735144 0.700000 1.000000 0.089752 1.922697 1.123523 1.499174 1.000000 -0.423523 1.000000 2.413394  -1   0  -1 
2453298.517863 -6.332263 0.735175 0.700000 1.100000 0.089752 1.922836 1.124640 1.498196 1.100000 -0.424640 1.100000 2.413394  -1   0  -1 
2453298.518939 -6.331187 0.735207 -0.700000 1.000000 0.089752 1.922979 1.125794 0.097185 1.000000 -1.825794 1.000000 2.413394  -1   0  -1 
2453298.520004 -6.330122 0.735239 -1.000000 0.900000 0.089752 1.923120 1.126935 -0.203816 0.900000 -2.126935 0.900000 2.413394  -1   0  -1 
2453298.521045 -6.329081 0.735270 0.900000 0.900000 0.089752 1.923258 1.128052 1.695206 0.900000 -0.228052 0.900000 2.413394  -1   0  -1 
2453298.522122 -6.328004 0.735302 0.100000 1.000000 0.089752 1.923401 1.129206 0.894195 1.000000 -1.029206 1.000000 2.413394  -1   0  -1 
2453298.523186 -6.326940 0.735334 0.900000 0.900000 0.089752 1.923542 1.130347 1.693195 0.900000 -0.230347 0.900000 2.413394  -1   0  -1 
2453298.524239 -6.325887 0.735365 -0.300000 0.900000 0.089752 1.923681 1.131476 0.492205 0.900000 -1.431476 0.900000 2.413394  -1   0  -1 
2453298.614916 -6.235210 0.738062 2.400000 1.000000 0.089752 1.935474 1.228706 3.106767 1.000000 1.171294 1.000000 2.413394  -1   0  -1 
2453298.615946 -6.234180 0.738092 -4.300000 1.100000 0.089752 1.935605 1.229810 -3.594205 1.100000 -5.529810 1.100000 2.413394  -1   0  -1 
2453298.617046 -6.233080 0.738125 -0.800000 1.100000 0.089752 1.935745 1.230990 -0.095244 1.100000 -2.030990 1.100000 2.413394  -1   0  -1 
2453298.618099 -6.232027 0.738156 1.700000 1.200000 0.089752 1.935879 1.232118 2.403761 1.200000 0.467882 1.200000 2.413394  -1   0  -1 
2453298.619152 -6.230974 0.738188 2.500000 1.200000 0.089752 1.936013 1.233247 3.202766 1.200000 1.266753 1.200000 2.413394  -1   0  -1 
2453298.620217 -6.229909 0.738219 -1.000000 1.600000 0.089752 1.936149 1.234389 -0.298240 1.600000 -2.234389 1.600000 2.413394  -1   0  -1 
2453298.621328 -6.228798 0.738252 1.400000 1.400000 0.089752 1.936290 1.235580 2.100710 1.400000 0.164420 1.400000 2.413394  -1   0  -1 
2453298.622300 -6.227826 0.738281 2.900000 1.400000 0.089752 1.936414 1.236622 3.599792 1.400000 1.663378 1.400000 2.413394  -1   0  -1 
2453298.623411 -6.226715 0.738314 -0.200000 1.500000 0.089752 1.936555 1.237813 0.498742 1.500000 -1.437813 1.500000 2.413394  -1   0  -1 
2453298.624441 -6.225685 0.738345 -3.000000 1.500000 0.089752 1.936686 1.238917 -2.302231 1.500000 -4.238917 1.500000 2.413394  -1   0  -1 
2453308.509601 3.659475 0.032327 -5.500000 0.600000 0.089752 -1.663351 -4.113387 -3.049965 0.600000 -1.386613 0.600000 2.413394  -1   0  -1 
2453308.511684 3.661558 0.032389 -5.700000 0.600000 0.089752 -1.663737 -4.114753 -3.248984 0.600000 -1.585247 0.600000 2.413394  -1   0  -1 
2453308.513744 3.663618 0.032451 -5.700000 0.700000 0.089752 -1.664117 -4.116101 -3.248016 0.700000 -1.583899 0.700000 2.413394  -1   0  -1 
2453308.515908 3.665782 0.032515 -7.900000 0.700000 0.089752 -1.664517 -4.117515 -5.447002 0.700000 -3.782485 0.700000 2.413394  -1   0  -1 
2453308.517922 3.667796 0.032575 -4.200000 0.700000 0.089752 -1.664888 -4.118828 -1.746059 0.700000 -0.081172 0.700000 2.413394  -1   0  -1 
2453309.515681 4.665555 0.062248 -7.100000 0.500000 0.089752 -1.786714 -4.485380 -4.401334 0.500000 -2.614620 0.500000 2.413394  -1   0  -1 
2453309.518111 4.667985 0.062320 -7.800000 0.500000 0.089752 -1.786876 -4.485587 -5.101289 0.500000 -3.314413 0.500000 2.413394  -1   0  -1 
2453309.520530 4.670404 0.062392 -9.700000 0.600000 0.089752 -1.787037 -4.485790 -7.001246 0.600000 -5.214210 0.600000 2.413394  -1   0  -1 
2453309.522995 4.672869 0.062465 -8.600000 0.500000 0.089752 -1.787200 -4.485994 -5.901206 0.500000 -4.114006 0.500000 2.413394  -1   0  -1 
2453311.532241 6.682115 0.122220 -9.500000 0.400000 0.089752 -1.764597 -3.672784 -7.591813 0.400000 -5.827216 0.400000 2.413394  -1   0  -1 
2453311.534857 6.684731 0.122298 -6.400000 0.400000 0.089752 -1.764412 -3.670673 -4.493739 0.400000 -2.729327 0.400000 2.413394  -1   0  -1 
2453311.537553 6.687427 0.122378 -7.100000 0.400000 0.089752 -1.764220 -3.668495 -5.195725 0.400000 -3.431505 0.400000 2.413394  -1   0  -1 
2453311.540238 6.690112 0.122458 -8.300000 0.400000 0.089752 -1.764029 -3.666325 -6.397705 0.400000 -4.633675 0.400000 2.413394  -1   0  -1 
2453311.542865 6.692739 0.122536 -6.200000 0.400000 0.089752 -1.763842 -3.664198 -4.299644 0.400000 -2.535802 0.400000 2.413394  -1   0  -1 
2453312.560845 7.710719 0.152810 -3.100000 0.600000 0.089752 -1.671105 -2.713773 -2.057332 0.600000 -0.386227 0.600000 2.413394  -1   0  -1 
2453312.564282 7.714156 0.152913 -5.500000 0.500000 0.089752 -1.670732 -2.710237 -4.460495 0.500000 -2.789763 0.500000 2.413394  -1   0  -1 
2453312.567684 7.717558 0.153014 -4.800000 0.500000 0.089752 -1.670363 -2.706736 -3.763627 0.500000 -2.093264 0.500000 2.413394  -1   0  -1 
2453314.539667 9.689541 0.211660 -0.700000 0.600000 0.089752 -1.410965 -0.642305 -1.468661 0.600000 -0.057695 0.600000 2.413394  -1   0  -1 
2453314.541889 9.691763 0.211726 2.000000 0.600000 0.089752 -1.410633 -0.640173 1.229540 0.600000 2.640173 0.600000 2.413394  -1   0  -1 
2453314.544088 9.693962 0.211792 -2.400000 0.600000 0.089752 -1.410305 -0.638065 -3.172240 0.600000 -1.761935 0.600000 2.413394  -1   0  -1 
2453314.546310 9.696184 0.211858 -0.400000 0.700000 0.089752 -1.409972 -0.635935 -1.174037 0.700000 0.235935 0.700000 2.413394  -1   0  -1 
2453314.548463 9.698337 0.211922 -2.000000 0.700000 0.089752 -1.409651 -0.633873 -2.775777 0.700000 -1.366127 0.700000 2.413394  -1   0  -1 
2453321.600305 16.750179 0.421642 -4.000000 0.500000 0.089752 -0.162971 -1.796905 -2.366065 0.500000 -2.203095 0.500000 2.413394  -1   0  -1 
2453321.602944 16.752818 0.421720 -3.800000 0.500000 0.089752 -0.162460 -1.798761 -2.163698 0.500000 -2.001239 0.500000 2.413394  -1   0  -1 
2453321.605583 16.755457 0.421799 -5.400000 0.500000 0.089752 -0.161948 -1.800615 -3.761334 0.500000 -3.599385 0.500000 2.413394  -1   0  -1 
2453321.608326 16.758200 0.421880 -3.700000 0.600000 0.089752 -0.161417 -1.802540 -2.058878 0.600000 -1.897460 0.600000 2.413394  -1   0  -1 
2453340.510028 2.034882 0.984012 -5.000000 0.400000 0.089752 -1.152170 -2.777830 -3.374339 0.400000 -2.222170 0.400000 2.413394  -1   0  -1 
2453340.513489 2.038343 0.984115 -4.800000 0.400000 0.089752 -1.153754 -2.776545 -3.177209 0.400000 -2.023455 0.400000 2.413394  -1   0  -1 
2453340.517007 2.041861 0.984220 -5.000000 0.400000 0.089752 -1.155363 -2.775234 -3.380128 0.400000 -2.224766 0.400000 2.413394  -1   0  -1 
2453342.505663 4.030517 0.043362 -4.200000 0.400000 0.089752 -1.722905 -1.512350 -4.410555 0.400000 -2.687650 0.400000 2.413394  -1   0  -1 
2453342.509170 4.034024 0.043466 -2.300000 0.500000 0.089752 -1.723384 -1.509649 -2.513735 0.500000 -0.790351 0.500000 2.413394  -1   0  -1 
2453342.512758 4.037612 0.043573 -1.500000 0.500000 0.089752 -1.723873 -1.506886 -1.716987 0.500000 0.006886 0.500000 2.413394  -1   0  -1 
2453484.884129 11.908902 0.277663 -2.400000 0.400000 0.089752 -1.052182 -1.434356 -2.017826 0.400000 -0.965644 0.400000 2.413394  -1   0  -1 
2453484.887683 11.912456 0.277769 -2.700000 0.400000 0.089752 -1.051573 -1.430390 -2.321183 0.400000 -1.269610 0.400000 2.413394  -1   0  -1 
2453484.891132 11.915905 0.277872 -1.300000 0.400000 0.089752 -1.050982 -1.426541 -0.924441 0.400000 0.126541 0.400000 2.413394  -1   0  -1 
2453491.890208 -14.710039 0.486022 -3.400000 0.400000 0.089752 0.264823 -0.455949 -2.679229 0.400000 -2.944051 0.400000 2.413394  -1   0  -1 
2453491.893668 -14.706579 0.486125 -3.300000 0.400000 0.089752 0.265520 -0.458901 -2.575579 0.400000 -2.841099 0.400000 2.413394  -1   0  -1 
2453491.897210 -14.703037 0.486231 -3.000000 0.500000 0.089752 0.266234 -0.461923 -2.271843 0.500000 -2.538077 0.500000 2.413394  -1   0  -1 
2453511.905148 5.304901 0.081262 -2.300000 0.500000 0.089752 -1.810871 -3.639979 -0.470892 0.500000 1.339979 0.500000 2.413394  -1   0  -1 
2453511.907717 5.307470 0.081338 -4.500000 0.500000 0.089752 -1.810899 -3.637882 -2.673017 0.500000 -0.862118 0.500000 2.413394  -1   0  -1 
2453511.910403 5.310156 0.081418 -5.000000 0.600000 0.089752 -1.810927 -3.635687 -3.175240 0.600000 -1.364313 0.600000 2.413394  -1   0  -1 
2453511.913042 5.312795 0.081497 -3.300000 0.500000 0.089752 -1.810955 -3.633529 -1.477426 0.500000 0.333529 0.500000 2.413394  -1   0  -1 
2453512.835981 6.235734 0.108945 -3.900000 0.700000 0.089752 -1.791482 -2.786118 -2.905364 0.700000 -1.113882 0.700000 2.413394  -1   0  -1 
2453512.839488 6.239241 0.109049 -2.900000 0.600000 0.089752 -1.791310 -2.782638 -1.908672 0.600000 -0.117362 0.600000 2.413394  -1   0  -1 
2453512.843007 6.242760 0.109154 -4.100000 0.600000 0.089752 -1.791137 -2.779144 -3.111993 0.600000 -1.320856 0.600000 2.413394  -1   0  -1 
2453515.858256 9.258009 0.198826 -1.000000 0.600000 0.089752 -1.474068 -0.085785 -2.388283 0.600000 -0.914215 0.600000 2.413394  -1   0  -1 
2453515.863580 9.263333 0.198985 -1.500000 0.500000 0.089752 -1.473307 -0.082791 -2.890516 0.500000 -1.417209 0.500000 2.413394  -1   0  -1 
2453520.869093 14.268846 0.347847 -3.700000 0.300000 0.089752 -0.631779 -1.810154 -2.521626 0.300000 -1.889846 0.300000 2.413394  -1   0  -1 
2453542.739620 2.514353 0.998272 1.900000 0.700000 0.089752 -1.350447 -1.128331 1.677883 0.700000 3.028331 0.700000 2.413394  -1   0  -1 
2453542.742850 2.517583 0.998368 3.800000 1.500000 0.089752 -1.351640 -1.126708 3.575068 1.500000 4.926708 1.500000 2.413394  -1   0  -1 
2453543.789930 3.564663 0.029508 2.000000 0.400000 0.089752 -1.645165 -0.620270 0.975105 0.400000 2.620270 0.400000 2.413394  -1   0  -1 
2453543.794953 3.569686 0.029657 2.700000 0.400000 0.089752 -1.646161 -0.618095 1.671935 0.400000 3.318095 0.400000 2.413394  -1   0  -1 
2453544.816592 4.591325 0.060040 4.500000 0.400000 0.089752 -1.781483 -0.284173 3.002691 0.400000 4.784173 0.400000 2.413394  -1   0  -1 
2453544.822032 4.596765 0.060202 3.600000 0.400000 0.089752 -1.781885 -0.283107 2.101222 0.400000 3.883107 0.400000 2.413394  -1   0  -1 
2453545.842524 5.617257 0.090551 11.600000 3.700000 0.089752 -1.810705 -0.254912 10.044207 3.700000 11.854912 3.700000 2.413394  -1   0  -1 
2453546.861360 6.636093 0.120851 6.600000 0.400000 0.089752 -1.767808 -0.601287 5.433479 0.400000 7.201287 0.400000 2.413394  -1   0  -1 
2453546.866534 6.641267 0.121005 7.100000 0.400000 0.089752 -1.767452 -0.604000 5.936548 0.400000 7.704000 0.400000 2.413394  -1   0  -1 
2453547.771038 7.545771 0.147905 2.400000 0.400000 0.089752 -1.688577 -1.206052 1.917475 0.400000 3.606052 0.400000 2.413394  -1   0  -1 
2453547.776200 7.550933 0.148058 2.400000 0.400000 0.089752 -1.688043 -1.210128 1.922085 0.400000 3.610128 0.400000 2.413394  -1   0  -1 
2453549.847373 9.622106 0.209655 2.100000 2.900000 0.089752 -1.421009 -3.036365 3.715356 2.900000 5.136365 2.900000 2.413394  -1   0  -1 
2453550.760428 10.535161 0.236809 0.500000 0.300000 0.089752 -1.280078 -3.667214 2.887136 0.300000 4.167214 0.300000 2.413394  -1   0  -1 
2453550.765520 10.540253 0.236960 0.400000 0.300000 0.089752 -1.279265 -3.669963 2.790697 0.300000 4.069963 0.300000 2.413394  -1   0  -1 
2453551.768482 11.543215 0.266788 -0.900000 0.500000 0.089752 -1.114356 -4.002350 1.987994 0.500000 3.102350 0.500000 2.413394  -1   0  -1 
2453551.773563 11.548296 0.266939 0.700000 0.600000 0.089752 -1.113499 -4.002904 3.589405 0.600000 4.702904 0.600000 2.413394  -1   0  -1 
2453573.752332 -0.097956 0.920582 -0.900000 0.200000 0.089752 0.188398 1.732942 -2.444543 0.200000 -2.632942 0.200000 2.413394  -1   0  -1 
2453671.583392 -3.141956 0.830054 4.600000 0.400000 0.089752 1.863179 2.227717 4.235463 0.400000 2.372283 0.400000 2.413394  -1   0  -1 
2453671.586875 -3.138473 0.830158 4.200000 0.500000 0.089752 1.862295 2.229691 3.832604 0.500000 1.970309 0.500000 2.413394  -1   0  -1 
2453671.590324 -3.135024 0.830261 4.100000 0.500000 0.089752 1.861417 2.231641 3.729776 0.500000 1.868359 0.500000 2.413394  -1   0  -1 
2453810.907634 1.682205 0.973524 -6.200000 0.400000 0.089752 -0.978980 -3.705893 -3.473087 0.400000 -2.494107 0.400000 2.413394  -1   0  -1 
2453810.911488 1.686059 0.973638 -6.000000 0.300000 0.089752 -0.980997 -3.705705 -3.275292 0.300000 -2.294295 0.300000 2.413394  -1   0  -1 
2453810.915331 1.689902 0.973753 -4.600000 0.300000 0.089752 -0.983006 -3.705510 -1.877496 0.300000 -0.894490 0.300000 2.413394  -1   0  -1 
2453815.909918 6.684489 0.122291 -3.300000 0.300000 0.089752 -1.764429 -0.554975 -4.509454 0.300000 -2.745025 0.300000 2.413394  -1   0  -1 
2453815.914965 6.689536 0.122441 -4.400000 0.300000 0.089752 -1.764070 -0.552668 -5.611402 0.300000 -3.847332 0.300000 2.413394  -1   0  -1 
2453816.914372 7.688943 0.152163 -2.500000 0.300000 0.089752 -1.673459 -0.276475 -3.896984 0.300000 -2.223525 0.300000 2.413394  -1   0  -1 
2453816.919638 7.694209 0.152319 -3.400000 0.400000 0.089752 -1.672891 -0.276037 -4.796853 0.400000 -3.123963 0.400000 2.413394  -1   0  -1 
2453862.858999 -13.616470 0.518545 -2.600000 0.500000 0.089752 0.487269 -0.064839 -2.047891 0.500000 -2.535161 0.500000 2.413394  -1   0  -1 
2453862.862564 -13.612905 0.518651 -3.100000 0.400000 0.089752 0.488001 -0.067815 -2.544184 0.400000 -3.032185 0.400000 2.413394  -1   0  -1 
2453862.866256 -13.609213 0.518761 -2.200000 0.400000 0.089752 0.488759 -0.070897 -1.640344 0.400000 -2.129103 0.400000 2.413394  -1   0  -1 
2453870.847549 -5.627920 0.756122 -0.700000 0.400000 0.089752 2.001520 1.627505 -0.325985 0.400000 -2.327505 0.400000 2.413394  -1   0  -1 
2453870.853070 -5.622399 0.756287 -0.500000 0.400000 0.089752 2.002003 1.633091 -0.131088 0.400000 -2.133091 0.400000 2.413394  -1   0  -1 
2453882.860433 6.384964 0.113383 -3.600000 0.400000 0.089752 -1.783587 -4.196005 -1.187582 0.400000 0.596005 0.400000 2.413394  -1   0  -1 
2453882.863003 6.387534 0.113459 -3.800000 0.400000 0.089752 -1.783441 -4.193981 -1.389460 0.400000 0.393981 0.400000 2.413394  -1   0  -1 
2453882.865792 6.390323 0.113542 -3.300000 0.400000 0.089752 -1.783282 -4.191783 -0.891499 0.400000 0.891783 0.400000 2.413394  -1   0  -1 
2453882.868420 6.392951 0.113620 -2.400000 0.500000 0.089752 -1.783132 -4.189709 0.006577 0.500000 1.789709 0.500000 2.413394  -1   0  -1 
2453883.847121 7.371652 0.142727 -2.200000 0.400000 0.089752 -1.706086 -3.294992 -0.611094 0.400000 1.094992 0.400000 2.413394  -1   0  -1 
2453883.851033 7.375564 0.142843 -2.000000 0.400000 0.089752 -1.705704 -3.291033 -0.414671 0.400000 1.291033 0.400000 2.413394  -1   0  -1 
2453883.854887 7.379418 0.142958 -1.900000 0.400000 0.089752 -1.705326 -3.287130 -0.318196 0.400000 1.387130 0.400000 2.413394  -1   0  -1 
2453886.875724 10.400255 0.232797 -0.900000 0.400000 0.089752 -1.301520 -0.338724 -1.862796 0.400000 -0.561276 0.400000 2.413394  -1   0  -1 
2453886.879069 10.403600 0.232896 -2.100000 0.500000 0.089752 -1.300991 -0.336368 -3.064623 0.500000 -1.763632 0.500000 2.413394  -1   0  -1 
2453886.882321 10.406852 0.232993 -0.000000 0.400000 0.089752 -1.300476 -0.334081 -0.966395 0.400000 0.334081 0.400000 2.413394  -1   0  -1 
2453917.821767 7.721278 0.153124 -1.500000 1.100000 0.089752 -1.669958 -0.525243 -2.644716 1.100000 -0.974757 1.100000 2.413394  -1   0  -1 
2453917.822831 7.722342 0.153156 2.100000 1.200000 0.089752 -1.669843 -0.525576 0.955733 1.200000 2.625576 1.200000 2.413394  -1   0  -1 
2453917.824000 7.723511 0.153191 -0.200000 1.200000 0.089752 -1.669715 -0.525943 -1.343773 1.200000 0.325943 1.200000 2.413394  -1   0  -1 
2453917.825100 7.724611 0.153224 -2.400000 1.300000 0.089752 -1.669596 -0.526288 -3.543307 1.300000 -1.873712 1.300000 2.413394  -1   0  -1 
2453917.826165 7.725676 0.153255 -1.600000 1.300000 0.089752 -1.669480 -0.526623 -2.742856 1.300000 -1.073377 1.300000 2.413394  -1   0  -1 
2453917.827253 7.726764 0.153288 2.600000 1.300000 0.089752 -1.669361 -0.526966 1.457605 1.300000 3.126966 1.300000 2.413394  -1   0  -1 
2453917.828341 7.727852 0.153320 1.100000 1.200000 0.089752 -1.669243 -0.527309 -0.041933 1.200000 1.627309 1.200000 2.413394  -1   0  -1 
2453917.829452 7.728963 0.153353 -0.500000 1.300000 0.089752 -1.669122 -0.527660 -1.641461 1.300000 0.027660 1.300000 2.413394  -1   0  -1 
2453917.830517 7.730028 0.153385 1.300000 1.400000 0.089752 -1.669006 -0.527997 0.158992 1.400000 1.827997 1.400000 2.413394  -1   0  -1 
2453917.831663 7.731174 0.153419 1.900000 1.400000 0.089752 -1.668881 -0.528360 0.759480 1.400000 2.428360 1.400000 2.413394  -1   0  -1 
2453919.820486 9.719997 0.212566 -4.100000 1.200000 0.089752 -1.406408 -1.804252 -3.702156 1.200000 -2.295748 1.200000 2.413394  -1   0  -1 
2453919.821562 9.721073 0.212598 -4.800000 1.200000 0.089752 -1.406247 -1.805191 -4.401057 1.200000 -2.994809 1.200000 2.413394  -1   0  -1 
2453919.822662 9.722173 0.212631 -0.100000 1.500000 0.089752 -1.406082 -1.806150 0.300067 1.500000 1.706150 1.500000 2.413394  -1   0  -1 
2453919.823761 9.723272 0.212663 -5.200000 1.500000 0.089752 -1.405918 -1.807108 -4.798810 1.500000 -3.392892 1.500000 2.413394  -1   0  -1 
2453919.824884 9.724395 0.212697 -5.600000 1.500000 0.089752 -1.405749 -1.808088 -5.197662 1.500000 -3.791912 1.500000 2.413394  -1   0  -1 
2453919.825949 9.725460 0.212728 -0.700000 1.300000 0.089752 -1.405590 -1.809017 -0.296573 1.300000 1.109017 1.300000 2.413394  -1   0  -1 
2453919.827060 9.726571 0.212761 -1.200000 1.400000 0.089752 -1.405423 -1.809986 -0.795437 1.400000 0.609986 1.400000 2.413394  -1   0  -1 
2453919.828171 9.727682 0.212794 -6.300000 1.400000 0.089752 -1.405257 -1.810955 -5.894301 1.400000 -4.489045 1.400000 2.413394  -1   0  -1 
2453919.829259 9.728770 0.212827 -2.900000 1.200000 0.089752 -1.405093 -1.811905 -2.493188 1.200000 -1.088095 1.200000 2.413394  -1   0  -1 
2453919.830335 9.729846 0.212859 -1.700000 1.200000 0.089752 -1.404932 -1.812844 -1.292088 1.200000 0.112844 1.200000 2.413394  -1   0  -1 
2453921.830717 11.730228 0.272350 -3.100000 1.600000 0.089752 -1.082682 -3.469401 -0.713281 1.600000 0.369401 1.600000 2.413394  -1   0  -1 
2453921.831828 11.731339 0.272383 -3.700000 1.600000 0.089752 -1.082493 -3.470107 -1.312385 1.600000 -0.229893 1.600000 2.413394  -1   0  -1 
2453921.832892 11.732403 0.272414 -1.900000 1.500000 0.089752 -1.082312 -3.470783 0.488472 1.500000 1.570783 1.500000 2.413394  -1   0  -1 
2453921.833992 11.733503 0.272447 -2.500000 1.600000 0.089752 -1.082125 -3.471482 -0.110643 1.600000 0.971482 1.600000 2.413394  -1   0  -1 
2453921.835126 11.734637 0.272481 -5.000000 1.300000 0.089752 -1.081932 -3.472202 -2.609730 1.300000 -1.527798 1.300000 2.413394  -1   0  -1 
2453921.836214 11.735725 0.272513 -3.600000 1.100000 0.089752 -1.081747 -3.472892 -1.208855 1.100000 -0.127108 1.100000 2.413394  -1   0  -1 
2453921.837291 11.736802 0.272545 -3.200000 1.000000 0.089752 -1.081564 -3.473574 -0.807989 1.000000 0.273574 1.000000 2.413394  -1   0  -1 
2453921.838413 11.737924 0.272578 -2.200000 1.000000 0.089752 -1.081373 -3.474285 0.192913 1.000000 1.274285 1.000000 2.413394  -1   0  -1 
2453921.839467 11.738978 0.272610 -1.600000 1.000000 0.089752 -1.081193 -3.474953 0.793759 1.000000 1.874953 1.000000 2.413394  -1   0  -1 
2453921.840566 11.740077 0.272643 -2.400000 1.000000 0.089752 -1.081006 -3.475648 -0.005358 1.000000 1.075648 1.000000 2.413394  -1   0  -1 
2453950.742238 7.016728 0.132171 -5.500000 0.400000 0.089752 -1.738517 -4.393614 -2.844903 0.400000 -1.106386 0.400000 2.413394  -1   0  -1 
2453974.597984 -2.752546 0.841635 8.600000 1.100000 0.089752 1.748678 2.995700 7.352978 1.100000 5.604300 1.100000 2.413394  -1   0  -1 
2453974.600009 -2.750521 0.841696 9.400000 0.900000 0.089752 1.747998 2.994477 8.153522 0.900000 6.405523 0.900000 2.413394  -1   0  -1 
2453974.601954 -2.748576 0.841753 11.400000 0.900000 0.089752 1.747345 2.993299 10.154046 0.900000 8.406701 0.900000 2.413394  -1   0  -1 
2453974.603956 -2.746574 0.841813 11.600000 0.900000 0.089752 1.746671 2.992084 10.354587 0.900000 8.607916 0.900000 2.413394  -1   0  -1 
2453976.591620 -0.758910 0.900926 5.100000 0.600000 0.089752 0.669007 0.611653 5.157353 0.600000 4.488347 0.600000 2.413394  -1   0  -1 
2453976.594050 -0.756480 0.900998 3.300000 0.600000 0.089752 0.667288 0.607595 3.359692 0.600000 2.692405 0.600000 2.413394  -1   0  -1 
2453976.596469 -0.754061 0.901070 4.200000 0.600000 0.089752 0.665576 0.603554 4.262022 0.600000 3.596446 0.600000 2.413394  -1   0  -1 
2453976.598980 -0.751550 0.901145 3.300000 0.600000 0.089752 0.663799 0.599357 3.364442 0.600000 2.700643 0.600000 2.413394  -1   0  -1 
2453980.640151 3.289621 0.021328 -3.300000 0.600000 0.089752 -1.585047 -4.797044 -0.088002 0.600000 1.497044 0.600000 2.413394  -1   0  -1 
2453980.643079 3.292549 0.021415 -2.900000 0.600000 0.089752 -1.585746 -4.798081 0.312335 0.600000 1.898081 0.600000 2.413394  -1   0  -1 
2453980.645938 3.295408 0.021500 -2.300000 0.600000 0.089752 -1.586428 -4.799089 0.912661 0.600000 2.499089 0.600000 2.413394  -1   0  -1 
2453980.648924 3.298394 0.021589 -3.600000 0.600000 0.089752 -1.587139 -4.800136 -0.387003 0.600000 1.200136 0.600000 2.413394  -1   0  -1 
2453981.703761 4.353231 0.052960 -5.800000 0.400000 0.089752 -1.760879 -4.844280 -2.716599 0.400000 -0.955720 0.400000 2.413394  -1   0  -1 
2453981.706284 4.355754 0.053035 -7.100000 0.400000 0.089752 -1.761129 -4.843651 -4.017477 0.400000 -2.256349 0.400000 2.413394  -1   0  -1 
2453981.708796 4.358266 0.053109 -7.600000 0.400000 0.089752 -1.761377 -4.843023 -4.518354 0.400000 -2.756977 0.400000 2.413394  -1   0  -1 
2453981.711342 4.360812 0.053185 -5.800000 0.400000 0.089752 -1.761628 -4.842382 -2.719245 0.400000 -0.957618 0.400000 2.413394  -1   0  -1 
2453982.690997 5.340467 0.082320 -2.900000 0.700000 0.089752 -1.811214 -4.373847 -0.337367 0.700000 1.473847 0.700000 2.413394  -1   0  -1 
2453982.693555 5.343025 0.082396 -2.500000 0.700000 0.089752 -1.811235 -4.372107 0.060872 0.700000 1.872107 0.700000 2.413394  -1   0  -1 
2453982.695997 5.345467 0.082468 -2.100000 0.700000 0.089752 -1.811255 -4.370444 0.459189 0.700000 2.270444 0.700000 2.413394  -1   0  -1 
2453982.698647 5.348117 0.082547 -3.700000 0.700000 0.089752 -1.811275 -4.368636 -1.142639 0.700000 0.668636 0.700000 2.413394  -1   0  -1 
2454292.812219 12.836508 0.305250 -0.700000 0.300000 0.089752 -0.890513 -3.019416 1.428903 0.300000 2.319416 0.300000 2.413394  -1   0  -1 
2454292.817485 12.841774 0.305407 -0.300000 0.300000 0.089752 -0.889581 -3.023315 1.833735 0.300000 2.723315 0.300000 2.413394  -1   0  -1 
2454315.727933 2.127202 0.986758 0.400000 0.800000 0.089752 -1.193665 -0.167788 -0.625877 0.800000 0.567788 0.800000 2.413394  -1   0  -1 
2454315.732909 2.132178 0.986906 -1.800000 0.800000 0.089752 -1.195857 -0.167843 -2.828013 0.800000 -1.632157 0.800000 2.413394  -1   0  -1 
2454953.915075 1.438960 0.966290 -4.800000 0.400000 0.089752 -0.846179 -3.373542 -2.272637 0.400000 -1.426458 0.400000 2.413394  -1   0  -1 
2454953.918663 1.442548 0.966396 -2.900000 0.400000 0.089752 -0.848215 -3.373183 -0.375033 0.400000 0.473183 0.400000 2.413394  -1   0  -1 
2454953.922240 1.446125 0.966503 -3.700000 0.400000 0.089752 -0.850243 -3.372818 -1.177425 0.400000 -0.327182 0.400000 2.413394  -1   0  -1 
2454954.854520 2.378405 0.994229 -3.300000 0.300000 0.089752 -1.298536 -3.089673 -1.508863 0.300000 -0.210327 0.300000 2.413394  -1   0  -1 
2454954.858270 2.382155 0.994340 -3.500000 0.300000 0.089752 -1.300013 -3.087855 -1.712158 0.300000 -0.412145 0.300000 2.413394  -1   0  -1 
2454954.861812 2.385697 0.994446 -3.200000 0.300000 0.089752 -1.301406 -3.086134 -1.415272 0.300000 -0.113866 0.300000 2.413394  -1   0  -1 
2454955.841317 3.365202 0.023576 -3.100000 0.400000 0.089752 -1.602689 -2.477532 -2.225157 0.400000 -0.622468 0.400000 2.413394  -1   0  -1 
2454955.845010 3.368895 0.023686 -2.300000 0.400000 0.089752 -1.603529 -2.474853 -1.428676 0.400000 0.174853 0.400000 2.413394  -1   0  -1 
2454955.848783 3.372668 0.023798 -1.400000 0.700000 0.089752 -1.604385 -2.472113 -0.532272 0.700000 1.072113 0.700000 2.413394  -1   0  -1 
2454956.895780 4.419665 0.054935 -2.300000 0.500000 0.089752 -1.767232 -1.669033 -2.398199 0.500000 -0.630967 0.500000 2.413394  -1   0  -1 
2454956.899345 4.423230 0.055041 -0.900000 0.400000 0.089752 -1.767559 -1.666281 -1.001279 0.400000 0.766281 0.400000 2.413394  -1   0  -1 
2454956.902968 4.426853 0.055149 -1.700000 0.400000 0.089752 -1.767891 -1.663484 -1.804406 0.400000 -0.036516 0.400000 2.413394  -1   0  -1 
2454988.882690 2.781555 0.006218 0.000000 0.400000 0.089752 -1.442825 -0.130676 -1.312148 0.400000 0.130676 0.400000 2.413394  -1   0  -1 
2454988.888119 2.786984 0.006380 0.100000 0.400000 0.089752 -1.444572 -0.134193 -1.210378 0.400000 0.234193 0.400000 2.413394  -1   0  -1 
2454989.877517 3.776382 0.035804 -0.100000 0.300000 0.089752 -1.684068 -0.898289 -0.885779 0.300000 0.798289 0.300000 2.413394  -1   0  -1 
2454989.883200 3.782065 0.035973 -0.200000 0.300000 0.089752 -1.685028 -0.903344 -0.981684 0.300000 0.703344 0.300000 2.413394  -1   0  -1 
2454991.889668 5.788533 0.095645 -0.800000 0.400000 0.089752 -1.807736 -2.938285 0.330548 0.400000 2.138285 0.400000 2.413394  -1   0  -1 
2454991.895131 5.793996 0.095808 -1.900000 0.400000 0.089752 -1.807610 -2.943872 -0.763739 0.400000 1.043872 0.400000 2.413394  -1   0  -1 
2454993.901526 7.800391 0.155477 -5.800000 0.200000 0.089752 -1.661265 -4.481854 -2.979411 0.200000 -1.318146 0.200000 2.413394  -1   0  -1 
2455021.881363 2.155208 0.987591 -1.400000 0.500000 0.089752 -1.205938 -3.638449 1.032510 0.500000 2.238449 0.500000 2.413394  -1   0  -1 
2455021.884638 2.158483 0.987688 -1.500000 0.500000 0.089752 -1.207364 -3.642293 0.934929 0.500000 2.142293 0.500000 2.413394  -1   0  -1 
2455021.887879 2.161724 0.987785 0.300000 0.500000 0.089752 -1.208773 -3.646092 2.737319 0.500000 3.946092 0.500000 2.413394  -1   0  -1 
2455023.870780 4.144625 0.046756 -1.300000 0.700000 0.089752 -1.737723 -4.819987 1.782264 0.700000 3.519987 0.700000 2.413394  -1   0  -1 
2455023.874484 4.148329 0.046866 -2.100000 0.800000 0.089752 -1.738178 -4.820011 0.981833 0.800000 2.720011 0.800000 2.413394  -1   0  -1 
2455023.878292 4.152137 0.046979 -0.900000 0.700000 0.089752 -1.738644 -4.820027 2.181383 0.700000 3.920027 0.700000 2.413394  -1   0  -1 
2455023.893431 4.167276 0.047429 -2.900000 0.600000 0.089752 -1.740480 -4.820012 0.179532 0.600000 1.920012 0.600000 2.413394  -1   0  -1 
2455023.897135 4.170980 0.047539 -2.300000 0.600000 0.089752 -1.740925 -4.819988 0.779063 0.600000 2.519988 0.600000 2.413394  -1   0  -1 
2455023.901151 4.174996 0.047659 -2.000000 0.600000 0.089752 -1.741406 -4.819955 1.078549 0.600000 2.819955 0.600000 2.413394  -1   0  -1 
2455025.707370 5.981215 0.101375 -3.600000 0.600000 0.089752 -1.802169 -4.016665 -1.385504 0.600000 0.416665 0.600000 2.413394  -1   0  -1 
2455025.710657 5.984502 0.101473 -2.300000 0.600000 0.089752 -1.802055 -4.014029 -0.088026 0.600000 1.714029 0.600000 2.413394  -1   0  -1 
2455025.713979 5.987824 0.101572 -3.800000 0.600000 0.089752 -1.801938 -4.011362 -1.590577 0.600000 0.211362 0.600000 2.413394  -1   0  -1 
2455036.781145 -16.570030 0.430707 -0.700000 0.800000 0.089752 -0.103770 -2.910217 2.106446 0.800000 2.210217 0.800000 2.413394  -1   0  -1 
2455036.782916 -16.568259 0.430759 1.300000 0.800000 0.089752 -0.103425 -2.910755 4.107330 0.800000 4.210755 0.800000 2.413394  -1   0  -1 
2455036.784721 -16.566454 0.430813 -0.000000 0.700000 0.089752 -0.103074 -2.911302 2.808229 0.700000 2.911302 0.700000 2.413394  -1   0  -1 
2455036.786434 -16.564741 0.430864 0.300000 0.700000 0.089752 -0.102740 -2.911821 3.109080 0.700000 3.211821 0.700000 2.413394  -1   0  -1 
2455036.788217 -16.562958 0.430917 1.200000 0.700000 0.089752 -0.102393 -2.912359 4.009966 0.700000 4.112359 0.700000 2.413394  -1   0  -1 
2455036.789988 -16.561187 0.430970 0.300000 0.700000 0.089752 -0.102048 -2.912892 3.110844 0.700000 3.212892 0.700000 2.413394  -1   0  -1 
2455037.797226 -15.553949 0.460925 -1.500000 0.700000 0.089752 0.096032 -2.989298 1.585330 0.700000 1.489298 0.700000 2.413394  -1   0  -1 
2455037.799009 -15.552166 0.460978 3.000000 0.700000 0.089752 0.096385 -2.989023 6.085408 0.700000 5.989023 0.700000 2.413394  -1   0  -1 
2455037.800733 -15.550442 0.461029 1.300000 0.700000 0.089752 0.096728 -2.988755 4.385483 0.700000 4.288755 0.700000 2.413394  -1   0  -1 
2455037.802539 -15.548636 0.461083 0.200000 0.700000 0.089752 0.097086 -2.988474 3.285560 0.700000 3.188474 0.700000 2.413394  -1   0  -1 
2455037.804321 -15.546854 0.461136 2.000000 0.700000 0.089752 0.097440 -2.988194 5.085634 0.700000 4.988194 0.700000 2.413394  -1   0  -1 
2455037.806057 -15.545118 0.461187 0.000000 0.700000 0.089752 0.097785 -2.987921 3.085705 0.700000 2.987921 0.700000 2.413394  -1   0  -1 
2455039.786805 -13.564370 0.520094 2.700000 0.800000 0.089752 0.497968 -1.858213 5.056181 0.800000 4.558213 0.800000 2.413394  -1   0  -1 
2455039.788332 -13.562843 0.520140 3.100000 0.900000 0.089752 0.498281 -1.856808 5.455089 0.900000 4.956808 0.900000 2.413394  -1   0  -1 
2455039.789964 -13.561211 0.520188 3.200000 0.800000 0.089752 0.498616 -1.855305 5.553922 0.800000 5.055305 0.800000 2.413394  -1   0  -1 
2455039.791550 -13.559625 0.520235 1.100000 0.800000 0.089752 0.498942 -1.853844 3.452786 0.800000 2.953844 0.800000 2.413394  -1   0  -1 
2455039.793147 -13.558028 0.520283 2.400000 0.800000 0.089752 0.499270 -1.852372 4.751642 0.800000 4.252372 0.800000 2.413394  -1   0  -1 
2455039.794710 -13.556465 0.520329 3.300000 0.900000 0.089752 0.499592 -1.850931 5.650522 0.900000 5.150931 0.900000 2.413394  -1   0  -1 
2455039.796330 -13.554845 0.520378 3.700000 0.800000 0.089752 0.499924 -1.849436 6.049361 0.800000 5.549436 0.800000 2.413394  -1   0  -1 
2455041.699644 -11.651531 0.576982 3.000000 0.400000 0.089752 0.896006 0.223869 3.672137 0.400000 2.776131 0.400000 2.413394  -1   0  -1 
2455041.704829 -11.646346 0.577136 2.700000 0.400000 0.089752 0.897096 0.229889 3.367207 0.400000 2.470111 0.400000 2.413394  -1   0  -1 
2455045.801844 -7.549331 0.698980 1.300000 0.400000 0.089752 1.729805 3.140059 -0.110254 0.400000 -1.840059 0.400000 2.413394  -1   0  -1 
2455046.832613 -6.518562 0.729635 -0.800000 0.400000 0.089752 1.897210 2.844971 -1.747761 0.400000 -3.644971 0.400000 2.413394  -1   0  -1 
2455047.816890 -5.534285 0.758907 -0.900000 0.500000 0.089752 2.009404 2.155312 -1.045908 0.500000 -3.055312 0.500000 2.413394  -1   0  -1 
2455047.821971 -5.529204 0.759058 -1.800000 0.500000 0.089752 2.009812 2.150897 -1.941085 0.500000 -3.950897 0.500000 2.413394  -1   0  -1 
2455066.705240 13.354065 0.320642 -3.800000 0.300000 0.089752 -0.798176 -3.852049 -0.746127 0.300000 0.052049 0.300000 2.413394  -1   0  -1 
2455067.723686 14.372511 0.350930 -2.600000 0.300000 0.089752 -0.612686 -3.339853 0.127167 0.300000 0.739853 0.300000 2.413394  -1   0  -1 
2455068.708996 15.357821 0.380233 -4.000000 0.300000 0.089752 -0.428992 -2.495297 -1.933696 0.300000 -1.504703 0.300000 2.413394  -1   0  -1 
2455069.712847 16.361672 0.410088 -0.800000 0.200000 0.089752 -0.237928 -1.416286 0.378357 0.200000 0.616286 0.200000 2.413394  -1   0  -1 
2455072.655300 -14.320895 0.497595 4.100000 0.700000 0.089752 0.343509 1.547069 2.896441 0.700000 2.552931 0.700000 2.413394  -1   0  -1 
2455072.657788 -14.318407 0.497669 4.000000 0.600000 0.089752 0.344014 1.548747 2.795267 0.600000 2.451253 0.600000 2.413394  -1   0  -1 
2455072.660218 -14.315977 0.497742 3.900000 0.600000 0.089752 0.344507 1.550384 2.694123 0.600000 2.349616 0.600000 2.413394  -1   0  -1 
2455072.662649 -14.313546 0.497814 4.900000 0.600000 0.089752 0.345000 1.552019 3.692981 0.600000 3.347981 0.600000 2.413394  -1   0  -1 
2455075.660497 -11.315698 0.586969 4.300000 0.700000 0.089752 0.966656 1.752727 3.513929 0.700000 2.547273 0.700000 2.413394  -1   0  -1 
2455075.662928 -11.313267 0.587042 3.800000 0.600000 0.089752 0.967168 1.751422 3.015746 0.600000 2.048578 0.600000 2.413394  -1   0  -1 
2455075.665358 -11.310837 0.587114 4.700000 0.600000 0.089752 0.967679 1.750115 3.917564 0.600000 2.949885 0.600000 2.413394  -1   0  -1 
2455078.680711 -8.295484 0.676790 -1.100000 1.000000 0.089752 1.590075 -0.534550 1.024626 1.000000 -0.565450 1.000000 2.413394  -1   0  -1 
2455078.683604 -8.292591 0.676876 -1.100000 1.100000 0.089752 1.590638 -0.536439 1.027076 1.100000 -0.563561 1.100000 2.413394  -1   0  -1 
2455078.686092 -8.290103 0.676950 1.300000 1.200000 0.089752 1.591121 -0.538061 3.429182 1.200000 1.838061 1.200000 2.413394  -1   0  -1 
2455078.689171 -8.287024 0.677041 1.200000 1.400000 0.089752 1.591719 -0.540067 3.331785 1.400000 1.740067 1.400000 2.413394  -1   0  -1 
2455109.549819 -11.051397 0.594830 -2.200000 0.600000 0.089752 1.022318 -1.999063 0.821381 0.600000 -0.200937 0.600000 2.413394  -1   0  -1 
2455109.555767 -11.045449 0.595006 -2.400000 0.800000 0.089752 1.023571 -1.997176 0.620747 0.800000 -0.402824 0.800000 2.413394  -1   0  -1 
2455110.576472 -10.024744 0.625362 -1.900000 0.400000 0.089752 1.238128 -1.455054 0.793182 0.400000 -0.444946 0.400000 2.413394  -1   0  -1 
2455110.581946 -10.019270 0.625525 -3.000000 0.400000 0.089752 1.239273 -1.451065 -0.309662 0.400000 -1.548935 0.400000 2.413394  -1   0  -1 
2455112.566577 -8.034639 0.684547 0.000000 0.500000 0.089752 1.640186 0.497405 1.142781 0.500000 -0.497405 0.500000 2.413394  -1   0  -1 
2455112.571947 -8.029269 0.684707 0.700000 0.400000 0.089752 1.641205 0.503482 1.837722 0.400000 0.196518 0.400000 2.413394  -1   0  -1 
2455116.586194 -4.015022 0.804090 0.900000 0.200000 0.089752 2.012677 3.536402 -0.623724 0.200000 -2.636402 0.200000 2.413394  -1   0  -1 
2455121.587607 0.986391 0.952831 -8.100000 0.700000 0.089752 -0.571978 -2.709041 -5.962937 0.700000 -5.390959 0.700000 2.413394  -1   0  -1 
2455121.590037 0.988821 0.952903 -6.900000 0.700000 0.089752 -0.573538 -2.712618 -4.760919 0.700000 -4.187382 0.700000 2.413394  -1   0  -1 
2455121.592479 0.991263 0.952975 -9.400000 0.700000 0.089752 -0.575104 -2.716211 -7.258893 0.700000 -6.683789 0.700000 2.413394  -1   0  -1 
2455121.594956 0.993740 0.953049 -7.500000 0.800000 0.089752 -0.576691 -2.719852 -5.356839 0.800000 -4.780148 0.800000 2.413394  -1   0  -1 
2455121.597456 0.996240 0.953123 -8.700000 0.800000 0.089752 -0.578293 -2.723524 -6.554769 0.800000 -5.976476 0.800000 2.413394  -1   0  -1 
2455122.525933 1.924717 0.980736 -6.400000 0.800000 0.089752 -1.100565 -3.862221 -3.638345 0.800000 -2.537779 0.800000 2.413394  -1   0  -1 
2455122.528352 1.927136 0.980808 -7.000000 0.800000 0.089752 -1.101723 -3.864541 -4.237182 0.800000 -3.135459 0.800000 2.413394  -1   0  -1 
2455122.530794 1.929578 0.980881 -7.600000 0.700000 0.089752 -1.102890 -3.866880 -4.836011 0.700000 -3.733120 0.700000 2.413394  -1   0  -1 
2455122.533248 1.932032 0.980954 -5.800000 0.700000 0.089752 -1.104062 -3.869226 -3.034836 0.700000 -1.930774 0.700000 2.413394  -1   0  -1 
2455122.535701 1.934485 0.981027 -6.300000 0.700000 0.089752 -1.105233 -3.871568 -3.533664 0.700000 -2.428432 0.700000 2.413394  -1   0  -1 
2455124.520796 3.919580 0.040063 -7.500000 0.300000 0.089752 -1.706967 -4.543409 -4.663558 0.300000 -2.956591 0.300000 2.413394  -1   0  -1 
2455124.526421 3.925205 0.040230 -7.500000 0.300000 0.089752 -1.707813 -4.542040 -4.665773 0.300000 -2.957960 0.300000 2.413394  -1   0  -1 
2455127.527559 6.926343 0.129483 -2.300000 0.300000 0.089752 -1.746017 -2.233547 -1.812470 0.300000 -0.066453 0.300000 2.413394  -1   0  -1 
2455127.531367 6.930151 0.129596 -2.500000 0.300000 0.089752 -1.745708 -2.229635 -2.016073 0.300000 -0.270365 0.300000 2.413394  -1   0  -1 
2455127.535232 6.934016 0.129711 -3.800000 0.300000 0.089752 -1.745393 -2.225663 -3.319730 0.300000 -1.574337 0.300000 2.413394  -1   0  -1 
2455129.550559 8.949343 0.189647 -2.600000 0.300000 0.089752 -1.517358 -0.391459 -3.725899 0.300000 -2.208541 0.300000 2.413394  -1   0  -1 
2455129.556068 8.954852 0.189811 -2.600000 0.300000 0.089752 -1.516600 -0.387656 -3.728944 0.300000 -2.212344 0.300000 2.413394  -1   0  -1 
2455132.521473 11.920257 0.278001 -1.900000 0.300000 0.089752 -1.050236 -0.026573 -2.923663 0.300000 -1.873427 0.300000 2.413394  -1   0  -1 
2455134.512800 13.911584 0.337223 -3.100000 0.400000 0.089752 -0.697221 -1.496574 -2.300647 0.400000 -1.603426 0.400000 2.413394  -1   0  -1 
2455134.518436 13.917220 0.337390 -3.700000 0.400000 0.089752 -0.696193 -1.501482 -2.894711 0.400000 -2.198518 0.400000 2.413394  -1   0  -1 
2455135.502747 14.901531 0.366663 -4.500000 0.200000 0.089752 -0.514548 -2.314084 -2.700464 0.200000 -2.185916 0.200000 2.413394  -1   0  -1 
2455135.508279 14.907063 0.366828 -4.200000 0.200000 0.089752 -0.513516 -2.318195 -2.395321 0.200000 -1.881805 0.200000 2.413394  -1   0  -1 
2455136.521235 15.920019 0.396953 -3.400000 0.400000 0.089752 -0.322464 -2.915803 -0.806661 0.400000 -0.484197 0.400000 2.413394  -1   0  -1 
2455139.491913 -14.734323 0.485300 -2.200000 0.600000 0.089752 0.259930 -2.208497 0.268427 0.600000 0.008497 0.600000 2.413394  -1   0  -1 
2455139.497642 -14.728594 0.485471 -3.600000 0.500000 0.089752 0.261084 -2.203708 -1.135208 0.500000 -1.396292 0.500000 2.413394  -1   0  -1 
2455142.501946 -11.724290 0.574818 0.300000 0.600000 0.089752 0.880718 1.039390 0.141328 0.600000 -0.739390 0.600000 2.413394  -1   0  -1 
2455142.508519 -11.717717 0.575013 2.000000 0.900000 0.089752 0.882099 1.046536 1.835563 0.900000 0.953464 0.900000 2.413394  -1   0  -1 
2455143.500033 -10.726203 0.604501 3.500000 0.500000 0.089752 1.090810 2.026329 2.564481 0.500000 1.473671 0.500000 2.413394  -1   0  -1 
2455143.505160 -10.721076 0.604653 1.900000 0.500000 0.089752 1.091890 2.030770 0.961119 0.500000 -0.130770 0.500000 2.413394  -1   0  -1 
2455370.737660 14.761303 0.362493 1.200000 1.900000 0.089752 -0.540674 -0.401951 1.061277 1.900000 1.601951 1.900000 2.413394  -1   0  -1 
2455370.742139 14.765782 0.362626 -4.800000 3.200000 0.089752 -0.539841 -0.397009 -4.942832 3.200000 -4.402991 3.200000 2.413394  -1   0  -1 
2455372.810565 -16.790812 0.424141 0.700000 0.600000 0.089752 -0.146685 1.455554 -0.902239 0.600000 -0.755554 0.600000 2.413394  -1   0  -1 
2455372.812926 -16.788451 0.424211 2.600000 0.700000 0.089752 -0.146227 1.456961 0.996813 0.700000 1.143039 0.700000 2.413394  -1   0  -1 
2455372.815461 -16.785916 0.424286 -0.200000 0.700000 0.089752 -0.145735 1.458469 -1.804204 0.700000 -1.658469 0.700000 2.413394  -1   0  -1 
2455372.817961 -16.783416 0.424361 0.000000 0.700000 0.089752 -0.145250 1.459953 -1.605203 0.700000 -1.459953 0.700000 2.413394  -1   0  -1 
2455372.820334 -16.781043 0.424431 -0.700000 0.700000 0.089752 -0.144790 1.461361 -2.306150 0.700000 -2.161361 0.700000 2.413394  -1   0  -1 
2455372.822846 -16.778531 0.424506 -2.000000 0.700000 0.089752 -0.144302 1.462848 -3.607151 0.700000 -3.462848 0.700000 2.413394  -1   0  -1 
2455373.787027 -15.814350 0.453181 2.500000 0.700000 0.089752 0.044468 1.850833 0.693635 0.700000 0.649167 0.700000 2.413394  -1   0  -1 
2455373.789654 -15.811723 0.453259 3.200000 0.600000 0.089752 0.044986 1.851366 1.393621 0.600000 1.348634 0.600000 2.413394  -1   0  -1 
2455373.792363 -15.809014 0.453339 5.400000 0.700000 0.089752 0.045522 1.851912 3.593610 0.700000 3.548088 0.700000 2.413394  -1   0  -1 
2455373.795117 -15.806260 0.453421 0.700000 0.700000 0.089752 0.046066 1.852464 -1.106399 0.700000 -1.152464 0.700000 2.413394  -1   0  -1 
2455374.782319 -14.819058 0.482780 4.100000 0.800000 0.089752 0.242875 1.839881 2.502994 0.800000 2.260119 0.800000 2.413394  -1   0  -1 
2455374.784842 -14.816535 0.482855 5.300000 0.800000 0.089752 0.243382 1.839316 3.704066 0.800000 3.460684 0.800000 2.413394  -1   0  -1 
2455374.787307 -14.814070 0.482929 2.500000 0.700000 0.089752 0.243878 1.838761 0.905117 0.700000 0.661239 0.700000 2.413394  -1   0  -1 
2455374.789738 -14.811639 0.483001 2.600000 0.800000 0.089752 0.244367 1.838212 1.006155 0.800000 0.761788 0.800000 2.413394  -1   0  -1 
2455375.694460 -13.906917 0.509907 1.100000 0.700000 0.089752 0.427793 1.473206 0.054586 0.700000 -0.373206 0.700000 2.413394  -1   0  -1 
2455375.696914 -13.904463 0.509980 -0.500000 0.700000 0.089752 0.428294 1.471815 -1.543521 0.700000 -1.971815 0.700000 2.413394  -1   0  -1 
2455375.699333 -13.902044 0.510052 1.000000 0.700000 0.089752 0.428788 1.470442 -0.041654 0.700000 -0.470442 0.700000 2.413394  -1   0  -1 
2455375.701775 -13.899602 0.510125 0.900000 0.700000 0.089752 0.429287 1.469054 -0.139767 0.700000 -0.569054 0.700000 2.413394  -1   0  -1 
2455376.666000 -12.935377 0.538800 2.300000 0.500000 0.089752 0.627791 0.796000 2.131791 0.500000 1.504000 0.500000 2.413394  -1   0  -1 
2455376.671521 -12.929856 0.538965 1.300000 0.500000 0.089752 0.628936 0.791590 1.137346 0.500000 0.508410 0.500000 2.413394  -1   0  -1 
2455396.818485 7.217108 0.138131 -3.000000 0.400000 0.089752 -1.720769 -3.749988 -0.970780 0.400000 0.749988 0.400000 2.413394  -1   0  -1 
2455399.794059 10.192682 0.226623 -1.600000 0.300000 0.089752 -1.334120 -0.721267 -2.212853 0.300000 -0.878733 0.300000 2.413394  -1   0  -1 
2455401.724236 12.122859 0.284026 3.200000 0.500000 0.089752 -1.015371 0.744710 1.439919 0.500000 2.455290 0.500000 2.413394  -1   0  -1 
2455403.744580 14.143203 0.344111 0.800000 0.400000 0.089752 -0.654858 0.784248 -0.639107 0.400000 0.015752 0.400000 2.413394  -1   0  -1 
2455407.739517 -15.486880 0.462919 0.300000 0.400000 0.089752 0.109352 -2.060007 2.469359 0.400000 2.360007 0.400000 2.413394  -1   0  -1 
2455407.744366 -15.482031 0.463064 -0.200000 0.600000 0.089752 0.110316 -2.062275 1.972591 0.600000 1.862275 0.600000 2.413394  -1   0  -1 
2455409.759906 -13.466491 0.523005 -0.900000 0.400000 0.089752 0.518089 -2.124739 1.742828 0.400000 1.224739 0.400000 2.413394  -1   0  -1 
2455409.765438 -13.460959 0.523170 -1.500000 0.400000 0.089752 0.519228 -2.122407 1.141635 0.400000 0.622407 0.400000 2.413394  -1   0  -1 
2455411.702076 -11.524321 0.580765 1.000000 0.400000 0.089752 0.922753 -0.621423 2.544176 0.400000 1.621423 0.400000 2.413394  -1   0  -1 
2455411.707608 -11.518789 0.580929 1.100000 0.400000 0.089752 0.923917 -0.615615 2.639532 0.400000 1.715615 0.400000 2.413394  -1   0  -1 
2455413.741738 -9.484659 0.641424 2.500000 0.500000 0.089752 1.350502 1.690734 2.159768 0.500000 0.809266 0.500000 2.413394  -1   0  -1 
2455413.747363 -9.479034 0.641591 3.900000 0.500000 0.089752 1.351665 1.696955 3.554710 0.500000 2.203045 0.500000 2.413394  -1   0  -1 
2455423.671167 0.444770 0.936723 -3.900000 0.600000 0.089752 -0.205119 -2.875694 -1.229425 0.600000 -1.024306 0.600000 2.413394  -1   0  -1 
2455423.675010 0.448613 0.936837 -4.000000 0.600000 0.089752 -0.207837 -2.878211 -1.329626 0.600000 -1.121789 0.600000 2.413394  -1   0  -1 
2455423.678921 0.452524 0.936953 -4.400000 0.600000 0.089752 -0.210602 -2.880765 -1.729837 0.600000 -1.519235 0.600000 2.413394  -1   0  -1 
2455424.623362 1.396965 0.965041 -4.200000 0.800000 0.089752 -0.822181 -3.249527 -1.772654 0.800000 -0.950473 0.800000 2.413394  -1   0  -1 
2455424.627274 1.400877 0.965157 -5.000000 0.700000 0.089752 -0.824430 -3.250021 -2.574409 0.700000 -1.749979 0.700000 2.413394  -1   0  -1 
2455424.631012 1.404615 0.965268 -4.600000 0.700000 0.089752 -0.826576 -3.250485 -2.176090 0.700000 -1.349515 0.700000 2.413394  -1   0  -1 
2455425.571355 2.344958 0.993234 -3.600000 0.500000 0.089752 -1.285247 -3.136960 -1.748286 0.500000 -0.463040 0.500000 2.413394  -1   0  -1 
2455425.575244 2.348847 0.993350 -2.900000 0.600000 0.089752 -1.286802 -3.135608 -1.051194 0.600000 0.235608 0.600000 2.413394  -1   0  -1 
2455425.579121 2.352724 0.993465 -3.100000 0.600000 0.089752 -1.288351 -3.134253 -1.254097 0.600000 0.034253 0.600000 2.413394  -1   0  -1 
2455427.718138 4.491741 0.057079 -2.000000 0.500000 0.089752 -1.773590 -1.693091 -2.080498 0.500000 -0.306909 0.500000 2.413394  -1   0  -1 
2455427.721911 4.495514 0.057191 -2.400000 0.500000 0.089752 -1.773907 -1.689892 -2.484015 0.500000 -0.710108 0.500000 2.413394  -1   0  -1 
2455427.725707 4.499310 0.057304 -0.700000 0.500000 0.089752 -1.774225 -1.686673 -0.787552 0.500000 0.986673 0.500000 2.413394  -1   0  -1 
2455428.726322 5.499925 0.087062 -1.000000 0.500000 0.089752 -1.811592 -0.858678 -1.952914 0.500000 -0.141322 0.500000 2.413394  -1   0  -1 
2455428.730153 5.503756 0.087176 -0.400000 0.400000 0.089752 -1.811578 -0.855702 -1.355877 0.400000 0.455702 0.400000 2.413394  -1   0  -1 
2455428.733937 5.507540 0.087288 0.100000 0.500000 0.089752 -1.811564 -0.852765 -0.858799 0.500000 0.952765 0.500000 2.413394  -1   0  -1 
2455435.654960 12.428563 0.293118 -3.400000 0.600000 0.089752 -0.962260 -2.578382 -1.783879 0.600000 -0.821618 0.600000 2.413394  -1   0  -1 
2455436.663126 13.436729 0.323101 -5.600000 0.300000 0.089752 -0.783301 -3.120793 -3.262508 0.300000 -2.479207 0.300000 2.413394  -1   0  -1 
2455436.668404 13.442007 0.323258 -5.900000 0.300000 0.089752 -0.782351 -3.122610 -3.559740 0.300000 -2.777390 0.300000 2.413394  -1   0  -1 
2455437.672380 14.445983 0.353116 -6.300000 0.300000 0.089752 -0.599126 -3.243535 -3.655592 0.300000 -3.056465 0.300000 2.413394  -1   0  -1 
2455437.677657 14.451260 0.353272 -6.400000 0.300000 0.089752 -0.598152 -3.242956 -3.755196 0.300000 -3.157044 0.300000 2.413394  -1   0  -1 
2455438.708355 15.481958 0.383925 -3.600000 0.300000 0.089752 -0.405575 -2.891662 -1.113912 0.300000 -0.708338 0.300000 2.413394  -1   0  -1 
2455438.713494 15.487097 0.384078 -3.700000 0.300000 0.089752 -0.404604 -2.888778 -1.215826 0.300000 -0.811222 0.300000 2.413394  -1   0  -1 
2455439.730928 16.504531 0.414336 -3.000000 0.300000 0.089752 -0.210430 -2.130203 -1.080228 0.300000 -0.869797 0.300000 2.413394  -1   0  -1 
2455443.710245 -13.141172 0.532680 5.700000 0.400000 0.089752 0.585183 2.039061 4.246122 0.400000 3.660939 0.400000 2.413394  -1   0  -1 
2455444.726089 -12.125328 0.562891 3.700000 0.300000 0.089752 0.796606 2.659677 1.836929 0.300000 1.040323 0.300000 2.413394  -1   0  -1 
2455445.637866 -11.213551 0.590007 6.200000 0.200000 0.089752 0.988164 2.865310 4.322854 0.200000 3.334690 0.200000 2.413394  -1   0  -1 
2455446.658848 -10.192569 0.620371 7.400000 0.500000 0.089752 1.202978 2.671967 5.931011 0.500000 4.728033 0.500000 2.413394  -1   0  -1 
2455446.663928 -10.187489 0.620522 6.100000 0.500000 0.089752 1.204043 2.669936 4.634107 0.500000 3.430064 0.500000 2.413394  -1   0  -1 
2455453.602871 -3.248546 0.826884 0.600000 0.400000 0.089752 1.889060 -0.277190 2.766249 0.400000 0.877190 0.400000 2.413394  -1   0  -1 
2455453.606447 -3.244970 0.826991 0.800000 0.400000 0.089752 1.888228 -0.275902 2.964130 0.400000 1.075902 0.400000 2.413394  -1   0  -1 
2455453.610092 -3.241325 0.827099 -0.500000 0.400000 0.089752 1.887378 -0.274587 1.661965 0.400000 -0.225413 0.400000 2.413394  -1   0  -1 
2455456.539745 -0.311672 0.914226 1.100000 0.500000 0.089752 0.345537 0.706285 0.739252 0.500000 0.393715 0.500000 2.413394  -1   0  -1 
2455456.543147 -0.308270 0.914328 2.400000 0.500000 0.089752 0.343040 0.706871 2.036169 0.500000 1.693129 0.500000 2.413394  -1   0  -1 
2455456.546504 -0.304913 0.914427 3.000000 0.600000 0.089752 0.340576 0.707448 2.633128 0.600000 2.292552 0.600000 2.413394  -1   0  -1 
2455458.640176 1.788759 0.976693 1.600000 0.400000 0.089752 -1.033748 0.748624 -0.182372 0.400000 0.851376 0.400000 2.413394  -1   0  -1 
2455458.645361 1.793944 0.976847 1.800000 0.400000 0.089752 -1.036360 0.747848 0.015793 0.400000 1.052152 0.400000 2.413394  -1   0  -1 
2455459.533232 2.681815 0.003252 4.500000 0.300000 0.089752 -1.409816 0.528828 2.561356 0.300000 3.971172 0.300000 2.413394  -1   0  -1 
2455459.538208 2.686791 0.003400 1.800000 0.300000 0.089752 -1.411504 0.527072 -0.138576 0.300000 1.272928 0.300000 2.413394  -1   0  -1 
2455480.529186 -9.947251 0.627667 -4.700000 0.500000 0.089752 1.254328 -1.318054 -2.127618 0.500000 -3.381946 0.500000 2.413394  -1   0  -1 
2455480.532970 -9.943467 0.627779 -3.500000 0.400000 0.089752 1.255119 -1.317539 -0.927343 0.400000 -2.182461 0.400000 2.413394  -1   0  -1 
2455480.536778 -9.939659 0.627892 -1.800000 0.500000 0.089752 1.255914 -1.317014 0.772928 0.500000 -0.482986 0.500000 2.413394  -1   0  -1 
2455482.554786 -7.921651 0.687907 1.700000 0.400000 0.089752 1.661505 -0.205154 3.566659 0.400000 1.905154 0.400000 2.413394  -1   0  -1 
2455484.542056 -5.934381 0.747008 2.300000 0.500000 0.089752 1.971200 1.854164 2.417037 0.500000 0.445836 0.500000 2.413394  -1   0  -1 
2455484.545828 -5.930609 0.747121 4.700000 0.500000 0.089752 1.971613 1.858162 4.813451 0.500000 2.841838 0.500000 2.413394  -1   0  -1 
2455484.549671 -5.926766 0.747235 3.800000 0.500000 0.089752 1.972032 1.862233 3.909799 0.500000 1.937767 0.500000 2.413394  -1   0  -1 
2455485.527184 -4.949253 0.776306 4.400000 0.400000 0.089752 2.041404 2.819781 3.621622 0.400000 1.580219 0.400000 2.413394  -1   0  -1 
2455485.532971 -4.943466 0.776478 6.100000 0.400000 0.089752 2.041554 2.824806 5.316748 0.400000 3.275194 0.400000 2.413394  -1   0  -1 
2455487.543214 -2.933223 0.836262 4.100000 0.400000 0.089752 1.805776 3.734982 2.170795 0.400000 0.365018 0.400000 2.413394  -1   0  -1 
2455487.548897 -2.927540 0.836431 4.100000 0.400000 0.089752 1.804086 3.734550 2.169536 0.400000 0.365450 0.400000 2.413394  -1   0  -1 
2455493.544252 3.067815 0.014732 -2.300000 0.400000 0.089752 -1.528138 -3.621037 -0.207101 0.400000 1.321037 0.400000 2.413394  -1   0  -1 
2455493.550478 3.074041 0.014917 -3.100000 0.400000 0.089752 -1.529842 -3.626644 -1.003198 0.400000 0.526644 0.400000 2.413394  -1   0  -1 
2455495.535877 5.059440 0.073962 -3.000000 0.400000 0.089752 -1.805770 -4.288751 -0.517019 0.400000 1.288751 0.400000 2.413394  -1   0  -1 
2455495.541664 5.065227 0.074134 -3.000000 0.400000 0.089752 -1.805947 -4.287498 -0.518449 0.400000 1.287498 0.400000 2.413394  -1   0  -1 
2455498.517820 8.041383 0.162644 -1.400000 0.700000 0.089752 -1.633703 -2.018540 -1.015163 0.700000 0.618540 0.700000 2.413394  -1   0  -1 
2455498.523445 8.047008 0.162812 -0.800000 0.600000 0.089752 -1.633041 -2.012513 -0.420528 0.600000 1.212513 0.600000 2.413394  -1   0  -1 
2455500.544007 10.067570 0.222903 -1.600000 0.300000 0.089752 -1.353527 0.010443 -2.963970 0.300000 -1.610443 0.300000 2.413394  -1   0  -1 
2455500.549389 10.072952 0.223063 -1.600000 0.400000 0.089752 -1.352696 0.014887 -2.967583 0.400000 -1.614887 0.400000 2.413394  -1   0  -1 
2455501.547102 11.070665 0.252734 -1.800000 0.300000 0.089752 -1.193167 0.684095 -3.677262 0.300000 -2.484095 0.300000 2.413394  -1   0  -1 
2455501.552738 11.076301 0.252902 -2.600000 0.300000 0.089752 -1.192238 0.686899 -4.479137 0.300000 -3.286899 0.300000 2.413394  -1   0  -1 
2455505.514789 15.038352 0.370732 -1.300000 0.300000 0.089752 -0.488981 -0.412499 -1.376481 0.300000 -0.887501 0.300000 2.413394  -1   0  -1 
2455505.520425 15.043988 0.370900 -1.000000 0.300000 0.089752 -0.487926 -0.417300 -1.070626 0.300000 -0.582700 0.300000 2.413394  -1   0  -1 
2455507.517142 -16.584316 0.430282 -4.500000 0.300000 0.089752 -0.106553 -1.959581 -2.646972 0.300000 -2.540419 0.300000 2.413394  -1   0  -1 
2455507.522824 -16.578634 0.430451 -6.000000 0.300000 0.089752 -0.105446 -1.962690 -4.142756 0.300000 -4.037310 0.300000 2.413394  -1   0  -1 
2455509.518050 -14.583408 0.489788 -3.700000 0.400000 0.089752 0.290370 -2.220767 -1.188863 0.400000 -1.479233 0.400000 2.413394  -1   0  -1 
2455509.523524 -14.577934 0.489951 -3.500000 0.400000 0.089752 0.291476 -2.219021 -0.989503 0.400000 -1.280979 0.400000 2.413394  -1   0  -1 
2455511.516449 -12.585009 0.549220 -2.400000 0.400000 0.089752 0.700606 -0.815037 -0.884357 0.400000 -1.584963 0.400000 2.413394  -1   0  -1 
2455511.521935 -12.579523 0.549383 -2.800000 0.400000 0.089752 0.701748 -0.809479 -1.288773 0.400000 -1.990521 0.400000 2.413394  -1   0  -1 
2455513.504562 -10.596896 0.608346 1.000000 0.400000 0.089752 1.118028 1.424768 0.693260 0.400000 -0.424768 0.400000 2.413394  -1   0  -1 
2455513.510244 -10.591214 0.608515 1.200000 0.400000 0.089752 1.119224 1.431219 0.888005 0.400000 -0.231219 0.400000 2.413394  -1   0  -1 
2455514.505835 -9.595623 0.638124 0.400000 0.300000 0.089752 1.327530 2.488037 -0.760507 0.300000 -2.088037 0.300000 2.413394  -1   0  -1 
2455514.511356 -9.590102 0.638288 0.800000 0.300000 0.089752 1.328674 2.493352 -0.364678 0.300000 -1.693352 0.300000 2.413394  -1   0  -1 
2455519.503938 -4.597520 0.786766 3.400000 0.500000 0.089752 2.043743 2.448954 2.994790 0.500000 0.951046 0.500000 2.413394  -1   0  -1 
2455519.508811 -4.592647 0.786911 4.000000 0.500000 0.089752 2.043673 2.443983 3.599690 0.500000 1.556017 0.500000 2.413394  -1   0  -1 
2455523.508036 -0.593422 0.905847 1.800000 0.400000 0.089752 0.550791 -1.947779 4.298570 0.400000 3.747779 0.400000 2.413394  -1   0  -1 
2455523.513036 -0.588422 0.905996 2.000000 0.400000 0.089752 0.547186 -1.951456 4.498642 0.400000 3.951456 0.400000 2.413394  -1   0  -1 
2455524.521481 0.420023 0.935987 1.600000 0.300000 0.089752 -0.187583 -2.478080 3.890497 0.300000 4.078080 0.300000 2.413394  -1   0  -1 
2455524.526446 0.424988 0.936135 2.100000 0.300000 0.089752 -0.191106 -2.479540 4.388434 0.300000 4.579540 0.300000 2.413394  -1   0  -1 
2455653.900831 -4.700707 0.783698 -0.800000 0.400000 0.089752 2.044547 0.506759 0.737787 0.400000 -1.306759 0.400000 2.413394  -1   0  -1 
2455653.906410 -4.695128 0.783863 0.500000 0.400000 0.089752 2.044536 0.510613 2.033923 0.400000 -0.010613 0.400000 2.413394  -1   0  -1 
2455654.900357 -3.701181 0.813423 0.800000 0.400000 0.089752 1.974623 1.244972 1.529652 0.400000 -0.444972 0.400000 2.413394  -1   0  -1 
2455654.905936 -3.695602 0.813589 1.300000 0.400000 0.089752 1.973797 1.249169 2.024628 0.400000 0.050831 0.400000 2.413394  -1   0  -1 
2455657.909222 -0.692316 0.902906 -0.300000 0.300000 0.089752 0.621708 2.488543 -2.166835 0.300000 -2.788543 0.300000 2.413394  -1   0  -1 
2455657.914813 -0.686725 0.903072 -0.700000 0.300000 0.089752 0.617719 2.487909 -2.570190 0.300000 -3.187909 0.300000 2.413394  -1   0  -1 
2455659.907949 1.306411 0.962348 0.500000 0.400000 0.089752 -0.769392 1.554815 -1.824208 0.400000 -1.054815 0.400000 2.413394  -1   0  -1 
2455659.913540 1.312002 0.962514 -0.700000 0.400000 0.089752 -0.772692 1.550466 -3.023159 0.400000 -2.250466 0.400000 2.413394  -1   0  -1 
2455660.901884 2.300346 0.991907 -0.600000 0.300000 0.089752 -1.267200 0.660856 -2.528057 0.300000 -1.260856 0.300000 2.413394  -1   0  -1 
2455662.902485 4.300947 0.051405 -0.700000 0.500000 0.089752 -1.755538 -1.605097 -0.850441 0.500000 0.905097 0.500000 2.413394  -1   0  -1 
2455662.908180 4.306642 0.051574 -1.100000 0.500000 0.089752 -1.756134 -1.611678 -1.244457 0.500000 0.511678 0.500000 2.413394  -1   0  -1 
2455663.839263 5.237725 0.079264 -2.700000 0.900000 0.089752 -1.809955 -2.619225 -1.890729 0.900000 -0.080775 0.900000 2.413394  -1   0  -1 
2455672.897729 14.296191 0.348661 -0.000000 0.300000 0.089752 -0.626748 1.618422 -2.245170 0.300000 -1.618422 0.300000 2.413394  -1   0  -1 
2455672.902775 14.301237 0.348811 0.100000 0.300000 0.089752 -0.625819 1.621142 -2.146960 0.300000 -1.521142 0.300000 2.413394  -1   0  -1 
2455675.905453 -16.321105 0.438110 -2.200000 0.200000 0.089752 -0.055171 1.386002 -3.641173 0.200000 -3.586002 0.200000 2.413394  -1   0  -1 
2455679.879903 -12.346655 0.556309 -3.400000 0.300000 0.089752 0.750323 -1.242741 -1.406936 0.300000 -2.157259 0.300000 2.413394  -1   0  -1 
2455679.885123 -12.341435 0.556464 -4.100000 0.300000 0.089752 0.751413 -1.243498 -2.105089 0.300000 -2.856502 0.300000 2.413394  -1   0  -1 
2455712.893679 -12.957900 0.538131 0.600000 0.300000 0.089752 0.623122 0.858002 0.365120 0.300000 -0.258002 0.300000 2.413394  -1   0  -1 
2455715.864679 -9.986900 0.626487 4.700000 0.700000 0.089752 1.246042 3.652766 2.293276 0.700000 1.047234 0.700000 2.413394  -1   0  -1 
2455715.867376 -9.984203 0.626568 4.200000 0.700000 0.089752 1.246606 3.654169 1.792437 0.700000 0.545831 0.700000 2.413394  -1   0  -1 
2455715.869992 -9.981587 0.626645 4.600000 0.700000 0.089752 1.247153 3.655526 2.191626 0.700000 0.944474 0.700000 2.413394  -1   0  -1 
2455715.872747 -9.978832 0.626727 4.200000 0.700000 0.089752 1.247729 3.656953 1.790775 0.700000 0.543047 0.700000 2.413394  -1   0  -1 
2455735.809170 9.957591 0.219632 -3.700000 0.300000 0.089752 -1.370429 -2.466873 -2.603556 0.300000 -1.233127 0.300000 2.413394  -1   0  -1 
2455754.777241 -4.699358 0.783738 2.200000 0.500000 0.089752 2.044544 1.511604 2.732941 0.500000 0.688396 0.500000 2.413394  -1   0  -1 
2455755.755721 -3.720878 0.812837 1.000000 0.400000 0.089752 1.977499 2.357689 0.619810 0.400000 -1.357689 0.400000 2.413394  -1   0  -1 
2455769.736300 10.259701 0.228616 -1.000000 0.300000 0.089752 -1.323648 -1.184602 -1.139046 0.300000 0.184602 0.300000 2.413394  -1   0  -1 
2455769.742075 10.265476 0.228788 -1.400000 0.400000 0.089752 -1.322743 -1.178209 -1.544534 0.400000 -0.221791 0.400000 2.413394  -1   0  -1 
2455776.628483 -16.473136 0.433588 0.200000 0.400000 0.089752 -0.084880 0.977987 -0.862867 0.400000 -0.777987 0.400000 2.413394  -1   0  -1 
2455782.624998 -10.476621 0.611923 1.200000 0.400000 0.089752 1.143328 0.118950 2.224378 0.400000 1.081050 0.400000 2.413394  -1   0  -1 
2455784.737667 -8.363952 0.674754 4.400000 0.300000 0.089752 1.576736 2.448740 3.527996 0.300000 1.951260 0.300000 2.413394  -1   0  -1 
2455801.526698 8.425079 0.174055 0.600000 0.600000 0.089752 -1.586757 1.093869 -2.080626 0.600000 -0.493869 0.600000 2.413394  -1   0  -1 
2455801.531628 8.430009 0.174202 -0.100000 0.600000 0.089752 -1.586131 1.096108 -2.782239 0.600000 -1.196108 0.600000 2.413394  -1   0  -1 
2455804.632333 11.530714 0.266416 -1.800000 0.600000 0.089752 -1.116464 0.587624 -3.504088 0.600000 -2.387624 0.600000 2.413394  -1   0  -1 
2455804.637669 11.536050 0.266575 -1.100000 0.500000 0.089752 -1.115565 0.583759 -2.799323 0.500000 -1.683759 0.500000 2.413394  -1   0  -1 
2455807.626267 14.524648 0.355455 0.400000 0.500000 0.089752 -0.584583 -1.735934 1.551351 0.500000 2.135934 0.500000 2.413394  -1   0  -1 
2455807.631162 14.529543 0.355601 0.500000 0.400000 0.089752 -0.583677 -1.738390 1.654713 0.400000 2.238390 0.400000 2.413394  -1   0  -1 
2455810.581550 -16.145089 0.443344 -2.800000 0.400000 0.089752 -0.020669 -1.338400 -1.482269 0.400000 -1.461600 0.400000 2.413394  -1   0  -1 
2455810.586723 -16.139916 0.443498 -1.900000 0.400000 0.089752 -0.019653 -1.334506 -0.585147 0.400000 -0.565494 0.400000 2.413394  -1   0  -1 
2455816.587002 -10.139637 0.621945 1.700000 0.500000 0.089752 1.214073 4.081123 -1.167050 0.500000 -2.381123 0.500000 2.413394  -1   0  -1 
2455816.590578 -10.136061 0.622051 2.400000 0.400000 0.089752 1.214822 4.081897 -0.467074 0.400000 -1.681897 0.400000 2.413394  -1   0  -1 
2455816.594154 -10.132485 0.622158 1.900000 0.400000 0.089752 1.215571 4.082665 -0.967094 0.400000 -2.182665 0.400000 2.413394  -1   0  -1 
2455834.622073 7.895434 0.158304 -2.700000 0.300000 0.089752 -1.650585 -1.265589 -3.084995 0.300000 -1.434411 0.300000 2.413394  -1   0  -1 
2455834.627593 7.900954 0.158468 -3.600000 0.300000 0.089752 -1.649957 -1.270719 -3.979237 0.300000 -2.329281 0.300000 2.413394  -1   0  -1 
2455836.585712 9.859073 0.216702 -4.400000 0.300000 0.089752 -1.385438 -2.665360 -3.120078 0.300000 -1.734640 0.300000 2.413394  -1   0  -1 
2455836.591440 9.864801 0.216872 -5.300000 0.300000 0.089752 -1.384569 -2.667538 -4.017031 0.300000 -2.632462 0.300000 2.413394  -1   0  -1 
2455839.585007 12.858368 0.305900 -3.100000 0.500000 0.089752 -0.886642 -1.819732 -2.166909 0.500000 -1.280268 0.500000 2.413394  -1   0  -1 
2455839.590794 12.864155 0.306072 -2.800000 0.500000 0.089752 -0.885616 -1.814700 -1.870917 0.500000 -0.985300 0.500000 2.413394  -1   0  -1 
2455842.549547 15.822908 0.394065 2.500000 0.500000 0.089752 -0.340951 1.361257 0.797792 0.500000 1.138743 0.500000 2.413394  -1   0  -1 
2455842.555033 15.828394 0.394228 2.700000 0.400000 0.089752 -0.339908 1.367005 0.993087 0.400000 1.332995 0.400000 2.413394  -1   0  -1 
2455845.575633 -14.776026 0.484060 5.300000 0.500000 0.089752 0.251533 3.196956 2.354577 0.500000 2.103044 0.500000 2.413394  -1   0  -1 
2455845.581258 -14.770401 0.484227 5.100000 0.500000 0.089752 0.252665 3.197095 2.155570 0.500000 1.902905 0.500000 2.413394  -1   0  -1 
2455870.498785 10.147126 0.225269 -3.100000 0.400000 0.089752 -1.341208 -0.076147 -4.365062 0.400000 -3.023853 0.400000 2.413394  -1   0  -1 
2455870.504422 10.152763 0.225436 -2.300000 0.400000 0.089752 -1.340332 -0.069993 -3.570339 0.400000 -2.230007 0.400000 2.413394  -1   0  -1 
2455874.532217 14.180558 0.345222 1.300000 0.500000 0.089752 -0.648004 2.318084 -1.666088 0.500000 -1.018084 0.500000 2.413394  -1   0  -1 
2455874.537437 14.185778 0.345377 3.300000 0.700000 0.089752 -0.647046 2.317242 0.335712 0.700000 0.982758 0.700000 2.413394  -1   0  -1 
2455878.549549 -15.427130 0.464696 3.500000 0.700000 0.089752 0.121233 -0.354499 3.975732 0.700000 3.854499 0.700000 2.413394  -1   0  -1 
2455878.554965 -15.421714 0.464857 5.200000 0.700000 0.089752 0.122311 -0.358027 5.680338 0.700000 5.558027 0.700000 2.413394  -1   0  -1 
2456020.892743 -7.584017 0.697949 3.600000 0.400000 0.089752 1.723581 2.446717 2.876864 0.400000 1.153283 0.400000 2.413394  -1   0  -1 
2456020.898160 -7.578600 0.698110 3.600000 0.400000 0.089752 1.724555 2.442444 2.882111 0.400000 1.157556 0.400000 2.413394  -1   0  -1 
2456022.889397 -5.587363 0.757329 -0.500000 0.500000 0.089752 2.005019 1.409858 0.095160 0.500000 -1.909858 0.500000 2.413394  -1   0  -1 
2456022.894884 -5.581876 0.757492 -1.400000 0.600000 0.089752 2.005482 1.408886 -0.803404 0.600000 -2.808886 0.600000 2.413394  -1   0  -1 
2456024.891353 -3.585407 0.816866 -3.100000 0.400000 0.089752 1.956340 1.715114 -2.858774 0.400000 -4.815114 0.400000 2.413394  -1   0  -1 
2456024.897048 -3.579712 0.817036 -2.600000 0.400000 0.089752 1.955379 1.717435 -2.362056 0.400000 -4.317435 0.400000 2.413394  -1   0  -1 
2456028.922257 0.445497 0.936744 0.500000 0.300000 0.089752 -0.205633 2.977969 -2.683602 0.300000 -2.477969 0.300000 2.413394  -1   0  -1 
2456029.892891 1.416131 0.965611 0.500000 0.500000 0.089752 -0.833172 2.896106 -3.229278 0.500000 -2.396106 0.500000 2.413394  -1   0  -1 
2456029.898354 1.421594 0.965773 0.000000 0.500000 0.089752 -0.836293 2.895148 -3.731441 0.500000 -2.895148 0.500000 2.413394  -1   0  -1 
2456031.852968 3.376208 0.023903 1.300000 0.400000 0.089752 -1.605186 2.111090 -2.416276 0.400000 -0.811090 0.400000 2.413394  -1   0  -1 
2456052.857065 -9.244715 0.648560 -2.600000 0.400000 0.089752 1.399910 1.052868 -2.252958 0.400000 -3.652868 0.400000 2.413394  -1   0  -1 
2456052.862482 -9.239298 0.648721 -1.800000 0.400000 0.089752 1.401021 1.055902 -1.454881 0.400000 -2.855902 0.400000 2.413394  -1   0  -1 
2456053.851639 -8.250141 0.678138 -3.000000 0.400000 0.089752 1.598869 1.784010 -3.185141 0.400000 -4.784010 0.400000 2.413394  -1   0  -1 
2456053.857114 -8.244666 0.678301 0.900000 0.400000 0.089752 1.599929 1.788888 0.711041 0.400000 -0.888888 0.400000 2.413394  -1   0  -1 
2456054.839916 -7.261864 0.707529 -2.200000 0.300000 0.089752 1.780124 2.767705 -3.187581 0.300000 -4.967705 0.300000 2.413394  -1   0  -1 
2456055.886865 -6.214915 0.738665 -0.400000 0.300000 0.089752 1.938051 3.913542 -2.375491 0.300000 -4.313542 0.300000 2.413394  -1   0  -1 
2456056.818146 -5.283634 0.766361 2.000000 0.400000 0.089752 2.026964 4.857211 -0.830247 0.400000 -2.857211 0.400000 2.413394  -1   0  -1 
2456056.823714 -5.278066 0.766527 1.800000 0.400000 0.089752 2.027292 4.862315 -1.035023 0.400000 -3.062315 0.400000 2.413394  -1   0  -1 
2456078.843392 16.741612 0.421387 2.600000 0.300000 0.089752 -0.164630 0.206683 2.228688 0.300000 2.393317 0.300000 2.413394  -1   0  -1 
2456078.849075 16.747295 0.421556 2.300000 0.300000 0.089752 -0.163529 0.203540 1.932930 0.300000 2.096460 0.300000 2.413394  -1   0  -1 
2456081.832748 -13.894052 0.510290 0.600000 0.400000 0.089752 0.430421 0.442085 0.588336 0.400000 0.157915 0.400000 2.413394  -1   0  -1 
2456081.838651 -13.888149 0.510465 0.300000 0.300000 0.089752 0.431627 0.446301 0.285326 0.300000 -0.146301 0.300000 2.413394  -1   0  -1 
2456085.820521 -9.906279 0.628885 3.400000 0.400000 0.089752 1.262885 4.630755 0.032129 0.400000 -1.230755 0.400000 2.413394  -1   0  -1 
2456085.826250 -9.900550 0.629055 4.100000 0.500000 0.089752 1.264081 4.636357 0.727724 0.500000 -0.536357 0.500000 2.413394  -1   0  -1 
2456088.742747 -6.984053 0.715791 5.500000 0.300000 0.089752 1.826332 5.995384 1.330948 0.300000 -0.495384 0.300000 2.413394  -1   0  -1 
2456092.900369 -2.826431 0.839438 -0.000000 0.300000 0.089752 1.772873 2.414789 -0.641917 0.300000 -2.414789 0.300000 2.413394  -1   0  -1 
2456115.815540 -13.536281 0.520930 3.600000 0.400000 0.089752 0.503739 4.857722 -0.753983 0.400000 -1.257722 0.400000 2.413394  -1   0  -1 
2456118.809984 -10.541837 0.609984 6.100000 0.300000 0.089752 1.129612 4.559872 2.669740 0.300000 1.540128 0.300000 2.413394  -1   0  -1 
2456121.820367 -7.531454 0.699512 2.900000 0.700000 0.089752 1.733001 2.292360 2.340641 0.700000 0.607640 0.700000 2.413394  -1   0  -1 
2456149.686124 -13.290717 0.528233 -1.200000 0.400000 0.089752 0.554301 1.872591 -2.518291 0.400000 -3.072591 0.400000 2.413394  -1   0  -1 
2456154.723489 -8.253352 0.678043 5.400000 0.400000 0.089752 1.598248 3.139869 3.858379 0.400000 2.260131 0.400000 2.413394  -1   0  -1 
2456154.728442 -8.248399 0.678190 6.200000 0.600000 0.089752 1.599206 3.145230 4.653977 0.600000 3.054770 0.600000 2.413394  -1   0  -1 
2456166.527551 3.550710 0.029093 -4.500000 0.300000 0.089752 -1.642382 -1.390311 -4.752071 0.300000 -3.109689 0.300000 2.413394  -1   0  -1 
2456168.609469 5.632628 0.091008 -4.900000 0.500000 0.089752 -1.810518 -0.518903 -6.191615 0.500000 -4.381097 0.500000 2.413394  -1   0  -1 
2456168.615105 5.638264 0.091176 -4.000000 0.400000 0.089752 -1.810446 -0.514225 -5.296220 0.400000 -3.485775 0.400000 2.413394  -1   0  -1 
2456171.510563 8.533722 0.177286 1.200000 0.300000 0.089752 -1.572842 2.338389 -2.711232 0.300000 -1.138389 0.300000 2.413394  -1   0  -1 
2456173.694840 10.717999 0.242246 5.800000 0.400000 0.089752 -1.250716 3.589864 0.959420 0.400000 2.210136 0.400000 2.413394  -1   0  -1 
2456181.612869 -14.988992 0.477726 2.900000 0.300000 0.089752 0.208747 0.765106 2.343641 0.300000 2.134894 0.300000 2.413394  -1   0  -1 
2456186.623747 -9.978114 0.626749 7.200000 0.300000 0.089752 1.247879 5.793929 2.653949 0.300000 1.406071 0.300000 2.413394  -1   0  -1 
2456189.666838 -6.935023 0.717250 6.100000 0.900000 0.089752 1.834209 6.158865 1.775343 0.900000 -0.058865 0.900000 2.413394  -1   0  -1 
2456190.592865 -6.008996 0.744789 3.100000 0.400000 0.089752 1.962854 5.510430 -0.447577 0.400000 -2.410430 0.400000 2.413394  -1   0  -1 
2456190.598548 -6.003313 0.744958 2.100000 0.400000 0.089752 1.963502 5.505631 -1.442129 0.400000 -3.405631 0.400000 2.413394  -1   0  -1 
2456195.586272 -1.015589 0.893292 1.700000 0.500000 0.089752 0.847023 1.372400 1.174623 0.500000 0.327600 0.500000 2.413394  -1   0  -1 
2456195.591793 -1.010068 0.893456 1.200000 0.500000 0.089752 0.843276 1.370367 0.672909 0.500000 -0.170367 0.500000 2.413394  -1   0  -1 
2456198.564091 1.962230 0.981852 8.300000 0.600000 0.089752 -1.118393 1.609964 5.571643 0.600000 6.690036 0.600000 2.413394  -1   0  -1 
2456198.569866 1.968005 0.982023 8.700000 0.600000 0.089752 -1.121114 1.612775 5.966111 0.600000 7.087225 0.600000 2.413394  -1   0  -1 
2456204.547188 7.945327 0.159788 3.800000 0.400000 0.089752 -1.644878 2.288216 -0.133094 0.400000 1.511784 0.400000 2.413394  -1   0  -1 
2456205.523197 8.921336 0.188814 0.900000 0.200000 0.089752 -1.521202 1.456566 -2.077768 0.200000 -0.556566 0.200000 2.413394  -1   0  -1 
2456208.615737 12.013876 0.280785 -0.500000 0.500000 0.089752 -1.034160 -0.473431 -1.060728 0.500000 -0.026569 0.500000 2.413394  -1   0  -1 
2456209.540800 12.938939 0.308296 2.500000 0.500000 0.089752 -0.872350 -0.345865 1.973515 0.500000 2.845865 0.500000 2.413394  -1   0  -1 
2456210.532155 13.930294 0.337779 2.300000 0.400000 0.089752 -0.693808 0.201386 1.404806 0.400000 2.098614 0.400000 2.413394  -1   0  -1 
2456212.523498 15.921637 0.397001 7.600000 0.200000 0.089752 -0.322155 2.175192 5.102653 0.200000 5.424808 0.200000 2.413394  -1   0  -1 
2456217.523649 -12.703232 0.545704 8.100000 0.400000 0.089752 0.675999 5.559327 3.216672 0.400000 2.540673 0.400000 2.413394  -1   0  -1 
2456217.529482 -12.697399 0.545878 9.800000 0.400000 0.089752 0.677212 5.558088 4.919124 0.400000 4.241912 0.400000 2.413394  -1   0  -1 
2456218.587951 -11.638930 0.577356 9.400000 0.400000 0.089752 0.898655 5.115095 5.183560 0.400000 4.284905 0.400000 2.413394  -1   0  -1 
2456219.500319 -10.726562 0.604490 8.400000 0.200000 0.089752 1.090735 4.461063 5.029672 0.200000 3.938937 0.200000 2.413394  -1   0  -1 
2456220.491327 -9.735554 0.633962 6.000000 0.400000 0.089752 1.298466 3.639131 3.659335 0.400000 2.360869 0.400000 2.413394  -1   0  -1 
2456220.514069 -9.712812 0.634639 5.400000 0.300000 0.089752 1.303196 3.620569 3.082627 0.300000 1.779431 0.300000 2.413394  -1   0  -1 
2456409.867093 11.515111 0.265952 2.600000 0.600000 0.089752 -1.119094 -0.254556 1.735463 0.600000 2.854556 0.600000 2.413394  -1   0  -1 
2456409.872719 11.520737 0.266119 2.400000 0.600000 0.089752 -1.118146 -0.251860 1.533714 0.600000 2.651860 0.600000 2.413394  -1   0  -1 
2456410.795661 12.443679 0.293567 4.100000 3.300000 0.089752 -0.959619 0.354565 2.785816 3.300000 3.745435 3.300000 2.413394  -1   0  -1 
2456410.804261 12.452279 0.293823 8.100000 2.400000 0.089752 -0.958116 0.361605 6.780279 2.400000 7.738395 2.400000 2.413394  -1   0  -1 
2456416.824768 -15.152234 0.472872 5.500000 0.600000 0.089752 0.176060 5.433230 0.242830 0.600000 0.066770 0.600000 2.413394  -1   0  -1 
2456416.828565 -15.148437 0.472985 7.100000 0.500000 0.089752 0.176819 5.433463 1.843357 0.500000 1.666537 0.500000 2.413394  -1   0  -1 
2456416.832443 -15.144559 0.473100 6.300000 0.600000 0.089752 0.177595 5.433693 1.043901 0.600000 0.866307 0.600000 2.413394  -1   0  -1 
2456432.884915 0.907913 0.950497 3.100000 0.400000 0.089752 -0.521155 3.776842 -1.197997 0.400000 -0.676842 0.400000 2.413394  -1   0  -1 
2456432.890124 0.913122 0.950651 2.800000 0.500000 0.089752 -0.524556 3.769087 -1.493643 0.500000 -0.969087 0.500000 2.413394  -1   0  -1 
2456433.905268 1.928266 0.980842 5.500000 0.700000 0.089752 -1.102263 2.221360 2.176377 0.700000 3.278640 0.700000 2.413394  -1   0  -1 
2456433.910395 1.933393 0.980994 3.600000 0.800000 0.089752 -1.104712 2.213579 0.281710 0.800000 1.386421 0.800000 2.413394  -1   0  -1 
2456434.892458 2.915456 0.010200 2.200000 0.500000 0.089752 -1.484443 0.804769 -0.089212 0.500000 1.395231 0.500000 2.413394  -1   0  -1 
2456434.898129 2.921127 0.010369 3.800000 0.500000 0.089752 -1.486139 0.797306 1.516556 0.500000 3.002694 0.500000 2.413394  -1   0  -1 
2456437.889188 5.912186 0.099322 0.400000 0.400000 0.089752 -1.804424 -1.161259 -0.243165 0.400000 1.561259 0.400000 2.413394  -1   0  -1 
2456437.894720 5.917718 0.099487 0.800000 0.400000 0.089752 -1.804254 -1.160667 0.156412 0.400000 1.960667 0.400000 2.413394  -1   0  -1 
2456438.860772 6.883770 0.128217 0.900000 0.300000 0.089752 -1.749437 -0.833459 -0.015977 0.300000 1.733459 0.300000 2.413394  -1   0  -1 
2456441.860316 9.883314 0.217423 0.200000 0.400000 0.089752 -1.381757 1.975094 -3.156850 0.400000 -1.775094 0.400000 2.413394  -1   0  -1 
2456454.832361 -10.769661 0.603208 2.300000 0.400000 0.089752 1.081660 3.143066 0.238594 0.400000 -0.843066 0.400000 2.413394  -1   0  -1 
2456454.837894 -10.764128 0.603373 3.200000 0.400000 0.089752 1.082825 3.149198 1.133627 0.400000 0.050802 0.400000 2.413394  -1   0  -1 
2456467.823190 2.221168 0.989552 -0.600000 0.600000 0.089752 -1.234265 -0.246531 -1.587734 0.600000 -0.353469 0.600000 2.413394  -1   0  -1 
2456467.826929 2.224907 0.989664 1.000000 0.600000 0.089752 -1.235846 -0.245839 0.009992 0.600000 1.245839 0.600000 2.413394  -1   0  -1 
2456467.830702 2.228680 0.989776 0.400000 0.600000 0.089752 -1.237440 -0.245134 -0.592306 0.600000 0.645134 0.600000 2.413394  -1   0  -1 
2456473.860840 8.258818 0.169111 1.900000 0.500000 0.089752 -1.607534 3.391635 -3.099169 0.500000 -1.491635 0.500000 2.413394  -1   0  -1 
2456473.864821 8.262799 0.169229 1.400000 0.500000 0.089752 -1.607044 3.391738 -3.598782 0.500000 -1.991738 0.500000 2.413394  -1   0  -1 
2456473.868595 8.266573 0.169341 0.700000 0.500000 0.089752 -1.606580 3.391829 -4.298409 0.500000 -2.691829 0.500000 2.413394  -1   0  -1 
2456480.776552 15.174530 0.374782 0.100000 0.500000 0.089752 -0.463459 -0.036769 -0.326690 0.500000 0.136769 0.500000 2.413394  -1   0  -1 
2456480.782281 15.180259 0.374953 -1.300000 0.500000 0.089752 -0.462384 -0.035171 -1.727213 0.500000 -1.264829 0.500000 2.413394  -1   0  -1 
2456481.631506 16.029484 0.400208 -1.100000 0.600000 0.089752 -0.301582 0.356998 -1.758580 0.600000 -1.456998 0.600000 2.413394  -1   0  -1 
2456481.637189 16.035167 0.400377 -1.400000 0.600000 0.089752 -0.300496 0.360605 -2.061101 0.600000 -1.760605 0.600000 2.413394  -1   0  -1 
2456501.599929 2.372886 0.994065 5.300000 0.300000 0.089752 -1.296358 3.472308 0.531335 0.300000 1.827692 0.300000 2.413394  -1   0  -1 
2456523.744316 -9.107747 0.652633 1.600000 0.300000 0.089752 1.427925 1.614177 1.413748 0.300000 -0.014177 0.300000 2.413394  -1   0  -1 
2456524.691276 -8.160787 0.680796 2.200000 0.400000 0.089752 1.616099 2.120425 1.695674 0.400000 0.079575 0.400000 2.413394  -1   0  -1 
2456524.696693 -8.155370 0.680957 1.600000 0.400000 0.089752 1.617139 2.124273 1.092866 0.400000 -0.524273 0.400000 2.413394  -1   0  -1 
2456525.743740 -7.108323 0.712096 1.700000 0.300000 0.089752 1.805983 3.023490 0.482493 0.300000 -1.323490 0.300000 2.413394  -1   0  -1 
2456569.534062 3.056979 0.014409 1.500000 0.500000 0.089752 -1.525157 0.256023 -0.281179 0.500000 1.243977 0.500000 2.413394  -1   0  -1 
2456585.564665 -14.537438 0.491156 4.800000 0.400000 0.089752 0.299658 3.574599 1.525059 0.400000 1.225401 0.400000 2.413394  -1   0  -1 
2456585.568473 -14.533630 0.491269 3.600000 0.400000 0.089752 0.300428 3.578410 0.322018 0.400000 0.021590 0.400000 2.413394  -1   0  -1 
2456585.572350 -14.529753 0.491384 3.900000 0.400000 0.089752 0.301211 3.582286 0.618925 0.400000 0.317714 0.400000 2.413394  -1   0  -1 
2456586.547688 -13.554415 0.520390 3.500000 0.500000 0.089752 0.500013 4.438550 -0.438537 0.500000 -0.938550 0.500000 2.413394  -1   0  -1 
2456586.551530 -13.550573 0.520505 3.300000 0.500000 0.089752 0.500802 4.441376 -0.640574 0.500000 -1.141376 0.500000 2.413394  -1   0  -1 
2456586.555442 -13.546661 0.520621 2.500000 0.500000 0.089752 0.501606 4.444250 -1.442644 0.500000 -1.944250 0.500000 2.413394  -1   0  -1 
2456590.510961 -9.591142 0.638257 4.600000 0.700000 0.089752 1.328459 4.260481 1.667977 0.700000 0.339519 0.700000 2.413394  -1   0  -1 
2456590.514943 -9.587160 0.638376 6.200000 0.800000 0.089752 1.329284 4.257466 3.271819 0.800000 1.942534 0.800000 2.413394  -1   0  -1 
2456590.518611 -9.583492 0.638485 5.400000 0.600000 0.089752 1.330045 4.254685 2.475360 0.600000 1.145315 0.600000 2.413394  -1   0  -1 
2456765.917789 -2.309415 0.854814 -0.600000 0.400000 0.089752 1.578514 0.382861 0.595654 0.400000 -0.982861 0.400000 2.413394  -1   0  -1 
2456765.923021 -2.304183 0.854970 -1.300000 0.400000 0.089752 1.576246 0.379809 -0.103563 0.400000 -1.679809 0.400000 2.413394  -1   0  -1 
2456789.854143 -11.998081 0.566675 6.600000 0.400000 0.089752 0.823263 3.238093 4.185170 0.400000 3.361907 0.400000 2.413394  -1   0  -1 
2456789.859722 -11.992502 0.566841 6.500000 0.400000 0.089752 0.824432 3.234815 4.089618 0.400000 3.265185 0.400000 2.413394  -1   0  -1 
2456806.890179 5.037955 0.073323 0.300000 0.400000 0.089752 -1.805087 -2.157527 0.652440 0.400000 2.457527 0.400000 2.413394  -1   0  -1 
2456829.893363 -5.583881 0.757432 2.700000 0.300000 0.089752 2.005313 4.910582 -0.205269 0.300000 -2.210582 0.300000 2.413394  -1   0  -1 
2456857.748704 -11.353560 0.585843 3.900000 0.500000 0.089752 0.958685 3.414183 1.444502 0.500000 0.485817 0.500000 2.413394  -1   0  -1 
2456857.754433 -11.347831 0.586014 4.500000 0.400000 0.089752 0.959891 3.418792 2.041099 0.400000 1.081208 0.400000 2.413394  -1   0  -1 
2456866.784629 -2.317635 0.854570 -1.700000 0.400000 0.089752 1.582065 0.013012 -0.130947 0.400000 -1.713012 0.400000 2.413394  -1   0  -1 
2456896.727940 -5.999345 0.745076 1.700000 0.500000 0.089752 1.963953 0.980690 2.683263 0.500000 0.719310 0.500000 2.413394  -1   0  -1 
2456896.733287 -5.993998 0.745235 2.200000 0.700000 0.089752 1.964560 0.985164 3.179396 0.700000 1.214836 0.700000 2.413394  -1   0  -1 
2457146.919889 8.817463 0.185725 2.200000 0.300000 16.517400 -1.535332 16.249278 -15.584610 0.300000 -14.049278 0.300000 2.413394  -1   1  -1 
2457176.844500 5.117054 0.075675 13.800000 0.200000 16.517400 -1.807408 14.635072 -2.642480 0.200000 -0.835072 0.200000 2.413394  -1   1  -1 
2457180.950532 9.223086 0.197788 9.400000 0.300000 16.517400 -1.479047 12.525584 -4.604631 0.300000 -3.125584 0.300000 2.413394  -1   1  -1 
2457180.956053 9.228607 0.197952 8.200000 0.300000 16.517400 -1.478261 12.527535 -5.805796 0.300000 -4.327535 0.300000 2.413394  -1   1  -1 
2457257.708144 -14.894362 0.480541 19.900000 0.500000 16.517400 0.227738 18.115863 2.011875 0.500000 1.784137 0.500000 2.413394  -1   1  -1 
2457257.713815 -14.888691 0.480709 19.800000 0.500000 16.517400 0.228878 18.120362 1.908516 0.500000 1.679638 0.500000 2.413394  -1   1  -1 
2457307.523708 1.296181 0.962044 17.100000 0.300000 16.517400 -0.763341 13.486279 2.850381 0.300000 3.613721 0.300000 2.413394  -1   1  -1 
2457307.529113 1.301586 0.962204 16.800000 0.300000 16.517400 -0.766540 13.479535 2.553924 0.300000 3.320465 0.300000 2.413394  -1   1  -1 
2457675.588735 -0.514014 0.908209 22.800000 0.300000 16.517400 0.493352 17.487037 5.806315 0.300000 5.312963 0.300000 2.413394  -1   1  -1 
2457879.840329 1.987459 0.982602 14.300000 0.400000 16.517400 -1.130234 12.180591 0.989175 0.400000 2.119409 0.400000 2.413394  -1   1  -1 
2457943.770578 -1.332332 0.883872 20.000000 0.200000 16.517400 1.054657 18.569646 2.485011 0.200000 1.430354 0.200000 2.413394  -1   1  -1 
2457968.637355 -10.090575 0.623404 16.000000 0.400000 16.517400 1.224350 15.692288 1.532062 0.400000 0.307712 0.400000 2.413394  -1   1  -1 
