# time Tc_folded Tref_folded value value_err offset model full_model val_compare val_compare_err residuals residuals_err jitter jitter_flag offset_flag subset_flag 
2452937.547371 3.798209 1.000000 -2.900000 0.600000 -0.103253 -1.145578 -3.570482 -0.475096 0.600000 0.670482 0.600000 2.431858  -1   0  -1 
2453149.838415 14.306680 0.312469 -2.100000 0.600000 -0.103253 -0.887202 -1.997377 -0.989825 0.600000 -0.102623 0.600000 2.431858  -1   0  -1 
2453149.916798 14.385063 0.314800 -0.000000 0.600000 -0.103253 -0.869862 -2.065774 1.195911 0.600000 2.065774 0.600000 2.431858  -1   0  -1 
2453150.817130 15.285395 0.341571 0.100000 0.800000 -0.103253 -0.660909 -2.664754 2.103845 0.800000 2.764754 0.800000 2.431858  -1   0  -1 
2453157.855306 -11.306858 0.550851 4.500000 0.700000 -0.103253 1.244842 2.550570 3.194272 0.700000 1.949430 0.700000 2.431858  -1   0  -1 
2453288.510985 -15.172894 0.435895 4.900000 1.000000 -0.103253 0.182662 2.382380 2.700282 1.000000 2.517620 1.000000 2.431858  -1   0  -1 
2453288.512073 -15.171806 0.435927 3.600000 1.000000 -0.103253 0.182969 2.382760 1.400209 1.000000 1.217240 1.000000 2.431858  -1   0  -1 
2453288.513115 -15.170764 0.435958 3.700000 1.000000 -0.103253 0.183264 2.383123 1.500140 1.000000 1.316877 1.000000 2.431858  -1   0  -1 
2453288.514168 -15.169711 0.435989 3.600000 1.000000 -0.103253 0.183561 2.383490 1.400071 1.000000 1.216510 1.000000 2.431858  -1   0  -1 
2453288.515209 -15.168670 0.436020 4.600000 1.200000 -0.103253 0.183855 2.383852 2.400003 1.200000 2.216148 1.200000 2.431858  -1   0  -1 
2453288.516274 -15.167605 0.436052 3.500000 1.100000 -0.103253 0.184156 2.384222 1.299934 1.100000 1.115778 1.100000 2.431858  -1   0  -1 
2453288.517350 -15.166529 0.436084 3.000000 1.000000 -0.103253 0.184460 2.384596 0.799865 1.000000 0.615404 1.000000 2.431858  -1   0  -1 
2453288.518392 -15.165487 0.436115 3.500000 1.000000 -0.103253 0.184755 2.384957 1.299798 1.000000 1.115043 1.000000 2.431858  -1   0  -1 
2453288.519457 -15.164422 0.436147 6.300000 1.000000 -0.103253 0.185056 2.385325 4.099731 1.000000 3.914675 1.000000 2.431858  -1   0  -1 
2453288.520522 -15.163357 0.436178 2.000000 1.000000 -0.103253 0.185357 2.385693 -0.200336 1.000000 -0.385693 1.000000 2.431858  -1   0  -1 
2453289.509851 -14.174028 0.465596 -0.200000 1.000000 -0.103253 0.466416 2.502025 -2.235609 1.000000 -2.702025 1.000000 2.431858  -1   0  -1 
2453289.510916 -14.172963 0.465628 1.000000 1.000000 -0.103253 0.466719 2.501892 -1.035173 1.000000 -1.501892 1.000000 2.431858  -1   0  -1 
2453289.511969 -14.171910 0.465659 2.400000 0.900000 -0.103253 0.467018 2.501760 0.365258 0.900000 -0.101760 0.900000 2.431858  -1   0  -1 
2453289.515151 -14.168728 0.465754 -0.600000 1.000000 -0.103253 0.467923 2.501359 -2.633436 1.000000 -3.101359 1.000000 2.431858  -1   0  -1 
2453289.516193 -14.167686 0.465785 0.200000 0.900000 -0.103253 0.468220 2.501227 -1.833007 0.900000 -2.301227 0.900000 2.431858  -1   0  -1 
2453289.517235 -14.166644 0.465816 4.100000 0.900000 -0.103253 0.468516 2.501094 2.067423 0.900000 1.598906 0.900000 2.431858  -1   0  -1 
2453289.518276 -14.165603 0.465846 -0.100000 1.000000 -0.103253 0.468812 2.500960 -2.132148 1.000000 -2.600960 1.000000 2.431858  -1   0  -1 
2453289.519364 -14.164515 0.465879 2.300000 0.900000 -0.103253 0.469122 2.500820 0.268302 0.900000 -0.200820 0.900000 2.431858  -1   0  -1 
2453289.520383 -14.163496 0.465909 1.300000 0.900000 -0.103253 0.469412 2.500688 -0.731276 0.900000 -1.200688 0.900000 2.431858  -1   0  -1 
2453289.521459 -14.162420 0.465941 2.600000 0.900000 -0.103253 0.469718 2.500549 0.569169 0.900000 0.099451 0.900000 2.431858  -1   0  -1 
2453289.535926 -14.147953 0.466371 -1.600000 1.100000 -0.103253 0.473834 2.498613 -3.624780 1.100000 -4.098613 1.100000 2.431858  -1   0  -1 
2453289.536990 -14.146889 0.466403 -0.300000 1.000000 -0.103253 0.474136 2.498467 -2.324330 1.000000 -2.798467 1.000000 2.431858  -1   0  -1 
2453289.538078 -14.145801 0.466435 3.100000 1.000000 -0.103253 0.474446 2.498316 1.076129 1.000000 0.601684 1.000000 2.431858  -1   0  -1 
2453289.539120 -14.144759 0.466466 0.600000 1.000000 -0.103253 0.474742 2.498172 -1.423429 1.000000 -1.898172 1.000000 2.431858  -1   0  -1 
2453289.540138 -14.143741 0.466497 -1.600000 0.900000 -0.103253 0.475032 2.498030 -3.622998 0.900000 -4.098030 0.900000 2.431858  -1   0  -1 
2453289.541238 -14.142641 0.466529 0.800000 1.100000 -0.103253 0.475345 2.497876 -1.222531 1.100000 -1.697876 1.100000 2.431858  -1   0  -1 
2453289.542256 -14.141623 0.466560 0.800000 1.000000 -0.103253 0.475634 2.497733 -1.222099 1.000000 -1.697733 1.000000 2.431858  -1   0  -1 
2453289.543321 -14.140558 0.466591 0.600000 1.000000 -0.103253 0.475937 2.497583 -1.421646 1.000000 -1.897583 1.000000 2.431858  -1   0  -1 
2453289.544351 -14.139528 0.466622 -0.800000 1.000000 -0.103253 0.476230 2.497437 -2.821207 1.000000 -3.297437 1.000000 2.431858  -1   0  -1 
2453289.545404 -14.138475 0.466653 0.000000 1.000000 -0.103253 0.476530 2.497287 -2.020758 1.000000 -2.497287 1.000000 2.431858  -1   0  -1 
2453289.550820 -14.133059 0.466814 0.900000 1.000000 -0.103253 0.478070 2.496509 -1.118439 1.000000 -1.596509 1.000000 2.431858  -1   0  -1 
2453289.551862 -14.132017 0.466845 -0.000000 0.900000 -0.103253 0.478367 2.496358 -2.017991 0.900000 -2.496358 0.900000 2.431858  -1   0  -1 
2453289.552915 -14.130964 0.466876 0.800000 0.900000 -0.103253 0.478666 2.496204 -1.217538 0.900000 -1.696204 0.900000 2.431858  -1   0  -1 
2453290.516529 -13.167350 0.495529 2.000000 1.300000 -0.103253 0.750870 2.121526 0.629345 1.300000 -0.121526 1.300000 2.431858  -1   0  -1 
2453290.517582 -13.166297 0.495561 -0.000000 1.300000 -0.103253 0.751164 2.120871 -1.369707 1.300000 -2.120871 1.300000 2.431858  -1   0  -1 
2453290.518612 -13.165267 0.495591 2.400000 1.300000 -0.103253 0.751452 2.120231 1.031221 1.300000 0.279769 1.300000 2.431858  -1   0  -1 
2453290.519665 -13.164214 0.495623 -3.000000 1.300000 -0.103253 0.751746 2.119576 -4.367829 1.300000 -5.119576 1.300000 2.431858  -1   0  -1 
2453290.520730 -13.163149 0.495654 3.100000 1.500000 -0.103253 0.752044 2.118912 1.733131 1.500000 0.981088 1.500000 2.431858  -1   0  -1 
2453290.521737 -13.162142 0.495684 0.700000 1.500000 -0.103253 0.752325 2.118285 -0.665960 1.500000 -1.418285 1.500000 2.431858  -1   0  -1 
2453290.522824 -13.161055 0.495717 -1.700000 1.700000 -0.103253 0.752628 2.117607 -3.064978 1.700000 -3.817607 1.700000 2.431858  -1   0  -1 
2453290.523878 -13.160001 0.495748 1.700000 1.700000 -0.103253 0.752923 2.116949 0.335974 1.700000 -0.416949 1.700000 2.431858  -1   0  -1 
2453290.524942 -13.158937 0.495780 0.300000 1.500000 -0.103253 0.753220 2.116284 -1.063064 1.500000 -1.816284 1.500000 2.431858  -1   0  -1 
2453290.525972 -13.157907 0.495810 -3.000000 1.600000 -0.103253 0.753508 2.115640 -4.362133 1.600000 -5.115640 1.600000 2.431858  -1   0  -1 
2453293.491230 -10.192649 0.583982 0.300000 1.400000 -0.103253 1.498928 -0.379272 2.178200 1.400000 0.679272 1.400000 2.431858  -1   0  -1 
2453293.492283 -10.191596 0.584013 1.500000 1.400000 -0.103253 1.499147 -0.379867 3.379014 1.400000 1.879867 1.400000 2.431858  -1   0  -1 
2453293.493371 -10.190508 0.584046 0.800000 1.200000 -0.103253 1.499373 -0.380481 2.679854 1.200000 1.180481 1.200000 2.431858  -1   0  -1 
2453293.494459 -10.189420 0.584078 -3.100000 1.200000 -0.103253 1.499598 -0.381095 -1.219307 1.200000 -2.718905 1.200000 2.431858  -1   0  -1 
2453293.495489 -10.188390 0.584109 0.900000 1.400000 -0.103253 1.499812 -0.381675 2.781487 1.400000 1.281675 1.400000 2.431858  -1   0  -1 
2453293.496507 -10.187372 0.584139 -0.800000 1.200000 -0.103253 1.500023 -0.382248 1.082272 1.200000 -0.417752 1.200000 2.431858  -1   0  -1 
2453293.497630 -10.186249 0.584172 -2.900000 1.200000 -0.103253 1.500256 -0.382880 -1.016864 1.200000 -2.517120 1.200000 2.431858  -1   0  -1 
2453293.498671 -10.185208 0.584203 -0.400000 1.200000 -0.103253 1.500472 -0.383465 1.483937 1.200000 -0.016535 1.200000 2.431858  -1   0  -1 
2453294.486901 -9.196978 0.613588 -0.900000 0.900000 -0.103253 1.682948 -0.706118 1.489065 0.900000 -0.193882 0.900000 2.431858  -1   0  -1 
2453294.488846 -9.195033 0.613646 -3.600000 0.800000 -0.103253 1.683259 -0.706290 -1.210451 0.800000 -2.893710 0.800000 2.431858  -1   0  -1 
2453294.490721 -9.193158 0.613702 0.100000 0.800000 -0.103253 1.683558 -0.706455 2.490013 0.800000 0.806455 0.800000 2.431858  -1   0  -1 
2453294.492758 -9.191121 0.613763 -2.600000 0.800000 -0.103253 1.683883 -0.706632 -0.209485 0.800000 -1.893368 0.800000 2.431858  -1   0  -1 
2453294.494702 -9.189177 0.613820 -1.800000 0.800000 -0.103253 1.684193 -0.706799 0.590992 0.800000 -1.093201 0.800000 2.431858  -1   0  -1 
2453295.508972 -8.174907 0.643980 -1.000000 0.800000 -0.103253 1.815350 -0.571488 1.386837 0.800000 -0.428512 0.800000 2.431858  -1   0  -1 
2453295.510014 -8.173865 0.644011 -4.300000 0.800000 -0.103253 1.815450 -0.571143 -1.913406 0.800000 -3.728857 0.800000 2.431858  -1   0  -1 
2453295.511090 -8.172789 0.644043 -6.900000 0.900000 -0.103253 1.815555 -0.570787 -4.513658 0.900000 -6.329213 0.900000 2.431858  -1   0  -1 
2453295.512132 -8.171747 0.644074 -1.300000 0.800000 -0.103253 1.815656 -0.570442 1.086098 0.800000 -0.729558 0.800000 2.431858  -1   0  -1 
2453295.513196 -8.170683 0.644105 -2.900000 0.900000 -0.103253 1.815758 -0.570089 -0.514152 0.900000 -2.329911 0.900000 2.431858  -1   0  -1 
2453295.514250 -8.169629 0.644137 -4.400000 0.900000 -0.103253 1.815860 -0.569739 -2.014400 0.900000 -3.830261 0.900000 2.431858  -1   0  -1 
2453295.515291 -8.168588 0.644168 -5.500000 0.900000 -0.103253 1.815961 -0.569393 -3.114646 0.900000 -4.930607 0.900000 2.431858  -1   0  -1 
2453295.516344 -8.167535 0.644199 -4.600000 0.900000 -0.103253 1.816062 -0.569043 -2.214895 0.900000 -4.030957 0.900000 2.431858  -1   0  -1 
2453295.517409 -8.166470 0.644231 -0.300000 0.900000 -0.103253 1.816165 -0.568688 2.084853 0.900000 0.268688 0.900000 2.431858  -1   0  -1 
2453295.518439 -8.165440 0.644261 -3.300000 0.900000 -0.103253 1.816264 -0.568345 -0.915391 0.900000 -2.731655 0.900000 2.431858  -1   0  -1 
2453297.507029 -6.176850 0.703392 0.200000 1.100000 -0.103253 1.857959 0.561810 1.496148 1.100000 -0.361810 1.100000 2.431858  -1   0  -1 
2453297.508082 -6.175797 0.703423 3.300000 1.100000 -0.103253 1.857895 0.562555 4.595340 1.100000 2.737445 1.100000 2.431858  -1   0  -1 
2453297.509135 -6.174744 0.703454 1.500000 1.000000 -0.103253 1.857831 0.563299 2.794532 1.000000 0.936701 1.000000 2.431858  -1   0  -1 
2453297.510212 -6.173667 0.703486 0.500000 1.000000 -0.103253 1.857765 0.564060 1.793705 1.000000 -0.064060 1.000000 2.431858  -1   0  -1 
2453297.511253 -6.172626 0.703517 0.500000 1.000000 -0.103253 1.857702 0.564796 1.792905 1.000000 -0.064796 1.000000 2.431858  -1   0  -1 
2453297.512330 -6.171549 0.703549 1.400000 1.000000 -0.103253 1.857636 0.565558 2.692078 1.000000 0.834442 1.000000 2.431858  -1   0  -1 
2453297.513371 -6.170508 0.703580 0.300000 0.900000 -0.103253 1.857573 0.566294 1.591279 0.900000 -0.266294 0.900000 2.431858  -1   0  -1 
2453297.514413 -6.169466 0.703611 0.900000 0.900000 -0.103253 1.857509 0.567031 2.190478 0.900000 0.332969 0.900000 2.431858  -1   0  -1 
2453297.515478 -6.168401 0.703643 2.700000 1.000000 -0.103253 1.857444 0.567784 3.989660 1.000000 2.132216 1.000000 2.431858  -1   0  -1 
2453297.516554 -6.167325 0.703675 -0.200000 1.000000 -0.103253 1.857378 0.568545 1.088833 1.000000 -0.768545 1.000000 2.431858  -1   0  -1 
2453297.634786 -6.049093 0.707191 0.600000 1.500000 -0.103253 1.849511 0.652485 1.797026 1.500000 -0.052485 1.500000 2.431858  -1   0  -1 
2453297.635828 -6.048051 0.707222 -1.600000 1.300000 -0.103253 1.849436 0.653227 -0.403791 1.300000 -2.253227 1.300000 2.431858  -1   0  -1 
2453297.636893 -6.046986 0.707253 0.300000 1.400000 -0.103253 1.849360 0.653986 1.495374 1.400000 -0.353986 1.400000 2.431858  -1   0  -1 
2453297.637946 -6.045933 0.707285 3.100000 1.500000 -0.103253 1.849284 0.654736 4.294548 1.500000 2.445264 1.500000 2.431858  -1   0  -1 
2453297.639011 -6.044868 0.707316 3.300000 1.300000 -0.103253 1.849207 0.655495 4.493713 1.300000 2.644505 1.300000 2.431858  -1   0  -1 
2453297.640075 -6.043804 0.707348 -0.300000 1.400000 -0.103253 1.849131 0.656253 0.892878 1.400000 -0.956253 1.400000 2.431858  -1   0  -1 
2453297.641106 -6.042773 0.707379 0.300000 1.600000 -0.103253 1.849056 0.656987 1.492069 1.600000 -0.356987 1.600000 2.431858  -1   0  -1 
2453297.642228 -6.041651 0.707412 0.700000 1.400000 -0.103253 1.848975 0.657787 1.891188 1.400000 0.042213 1.400000 2.431858  -1   0  -1 
2453297.643304 -6.040575 0.707444 2.800000 1.400000 -0.103253 1.848897 0.658554 3.990344 1.400000 2.141446 1.400000 2.431858  -1   0  -1 
2453297.644346 -6.039533 0.707475 3.800000 1.600000 -0.103253 1.848822 0.659296 4.989525 1.600000 3.140704 1.600000 2.431858  -1   0  -1 
2453298.514691 -5.169188 0.733355 3.300000 1.100000 -0.103253 1.752460 1.280915 3.771545 1.100000 2.019085 1.100000 2.431858  -1   0  -1 
2453298.515803 -5.168076 0.733388 9.000000 1.300000 -0.103253 1.752294 1.281696 9.470598 1.300000 7.718304 1.300000 2.431858  -1   0  -1 
2453298.516821 -5.167058 0.733418 0.700000 1.000000 -0.103253 1.752143 1.282411 1.169731 1.000000 -0.582411 1.000000 2.431858  -1   0  -1 
2453298.517863 -5.166016 0.733449 0.700000 1.100000 -0.103253 1.751987 1.283144 1.168844 1.100000 -0.583144 1.100000 2.431858  -1   0  -1 
2453298.518939 -5.164940 0.733481 -0.700000 1.000000 -0.103253 1.751827 1.283900 -0.232073 1.000000 -1.983900 1.000000 2.431858  -1   0  -1 
2453298.520004 -5.163875 0.733513 -1.000000 0.900000 -0.103253 1.751668 1.284648 -0.532980 0.900000 -2.284648 0.900000 2.431858  -1   0  -1 
2453298.521045 -5.162834 0.733544 0.900000 0.900000 -0.103253 1.751512 1.285379 1.366133 0.900000 -0.385379 0.900000 2.431858  -1   0  -1 
2453298.522122 -5.161757 0.733576 0.100000 1.000000 -0.103253 1.751351 1.286135 0.565215 1.000000 -1.186135 1.000000 2.431858  -1   0  -1 
2453298.523186 -5.160693 0.733607 0.900000 0.900000 -0.103253 1.751192 1.286883 1.364309 0.900000 -0.386883 0.900000 2.431858  -1   0  -1 
2453298.524239 -5.159640 0.733639 -0.300000 0.900000 -0.103253 1.751034 1.287622 0.163412 0.900000 -1.587622 0.900000 2.431858  -1   0  -1 
2453298.614916 -5.068963 0.736335 2.400000 1.000000 -0.103253 1.737094 1.351059 2.786034 1.000000 1.048941 1.000000 2.431858  -1   0  -1 
2453298.615946 -5.067933 0.736365 -4.300000 1.100000 -0.103253 1.736931 1.351777 -3.914846 1.100000 -5.651777 1.100000 2.431858  -1   0  -1 
2453298.617046 -5.066833 0.736398 -0.800000 1.100000 -0.103253 1.736758 1.352543 -0.415786 1.100000 -2.152543 1.100000 2.431858  -1   0  -1 
2453298.618099 -5.065780 0.736429 1.700000 1.200000 -0.103253 1.736591 1.353277 2.083314 1.200000 0.346723 1.200000 2.431858  -1   0  -1 
2453298.619152 -5.064727 0.736461 2.500000 1.200000 -0.103253 1.736425 1.354010 2.882414 1.200000 1.145990 1.200000 2.431858  -1   0  -1 
2453298.620217 -5.063662 0.736492 -1.000000 1.600000 -0.103253 1.736256 1.354752 -0.618496 1.600000 -2.354752 1.600000 2.431858  -1   0  -1 
2453298.621328 -5.062551 0.736526 1.400000 1.400000 -0.103253 1.736081 1.355526 1.780555 1.400000 0.044474 1.400000 2.431858  -1   0  -1 
2453298.622300 -5.061579 0.736554 2.900000 1.400000 -0.103253 1.735927 1.356203 3.279724 1.400000 1.543797 1.400000 2.431858  -1   0  -1 
2453298.623411 -5.060468 0.736587 -0.200000 1.500000 -0.103253 1.735751 1.356976 0.178774 1.500000 -1.556976 1.500000 2.431858  -1   0  -1 
2453298.624441 -5.059438 0.736618 -3.000000 1.500000 -0.103253 1.735588 1.357694 -2.622106 1.500000 -4.357694 1.500000 2.431858  -1   0  -1 
2453308.509601 4.825722 0.030553 -5.500000 0.600000 -0.103253 -1.361665 -3.667390 -3.194275 0.600000 -1.832610 0.600000 2.431858  -1   0  -1 
2453308.511684 4.827805 0.030615 -5.700000 0.600000 -0.103253 -1.362040 -3.668572 -3.393468 0.600000 -2.031428 0.600000 2.431858  -1   0  -1 
2453308.513744 4.829865 0.030676 -5.700000 0.700000 -0.103253 -1.362411 -3.669738 -3.392673 0.700000 -2.030262 0.700000 2.431858  -1   0  -1 
2453308.515908 4.832029 0.030741 -7.900000 0.700000 -0.103253 -1.362800 -3.670960 -5.591840 0.700000 -4.229040 0.700000 2.431858  -1   0  -1 
2453308.517922 4.834043 0.030800 -4.200000 0.700000 -0.103253 -1.363162 -3.672096 -1.891067 0.700000 -0.527904 0.700000 2.431858  -1   0  -1 
2453309.515681 5.831802 0.060469 -7.100000 0.500000 -0.103253 -1.513392 -3.948856 -4.664536 0.500000 -3.151144 0.500000 2.431858  -1   0  -1 
2453309.518111 5.834232 0.060541 -7.800000 0.500000 -0.103253 -1.513688 -3.948872 -5.364816 0.500000 -3.851128 0.500000 2.431858  -1   0  -1 
2453309.520530 5.836651 0.060613 -9.700000 0.600000 -0.103253 -1.513982 -3.948884 -7.265097 0.600000 -5.751116 0.600000 2.431858  -1   0  -1 
2453309.522995 5.839116 0.060686 -8.600000 0.500000 -0.103253 -1.514281 -3.948894 -6.165386 0.500000 -4.651106 0.500000 2.431858  -1   0  -1 
2453311.532241 7.848362 0.120431 -9.500000 0.400000 -0.103253 -1.647016 -3.137269 -8.009748 0.400000 -6.362731 0.400000 2.431858  -1   0  -1 
2453311.534857 7.850978 0.120509 -6.400000 0.400000 -0.103253 -1.647051 -3.135399 -4.911652 0.400000 -3.264601 0.400000 2.431858  -1   0  -1 
2453311.537553 7.853674 0.120589 -7.100000 0.400000 -0.103253 -1.647086 -3.133470 -5.613616 0.400000 -3.966530 0.400000 2.431858  -1   0  -1 
2453311.540238 7.856359 0.120669 -8.300000 0.400000 -0.103253 -1.647121 -3.131548 -6.815573 0.400000 -5.168452 0.400000 2.431858  -1   0  -1 
2453311.542865 7.858986 0.120747 -6.200000 0.400000 -0.103253 -1.647155 -3.129666 -4.717489 0.400000 -3.070334 0.400000 2.431858  -1   0  -1 
2453312.560845 8.876966 0.151017 -3.100000 0.600000 -0.103253 -1.635154 -2.308662 -2.426491 0.600000 -0.791338 0.600000 2.431858  -1   0  -1 
2453312.564282 8.880403 0.151119 -5.500000 0.500000 -0.103253 -1.635031 -2.305648 -4.829382 0.500000 -3.194352 0.500000 2.431858  -1   0  -1 
2453312.567684 8.883805 0.151220 -4.800000 0.500000 -0.103253 -1.634909 -2.302664 -4.132245 0.500000 -2.497336 0.500000 2.431858  -1   0  -1 
2453314.539667 10.855788 0.209857 -0.700000 0.600000 -0.103253 -1.481701 -0.503763 -1.677938 0.600000 -0.196237 0.600000 2.431858  -1   0  -1 
2453314.541889 10.858010 0.209923 2.000000 0.600000 -0.103253 -1.481442 -0.501800 1.020359 0.600000 2.501800 0.600000 2.431858  -1   0  -1 
2453314.544088 10.860209 0.209988 -2.400000 0.600000 -0.103253 -1.481185 -0.499859 -3.381326 0.600000 -1.900141 0.600000 2.431858  -1   0  -1 
2453314.546310 10.862431 0.210054 -0.400000 0.700000 -0.103253 -1.480925 -0.497897 -1.383028 0.700000 0.097897 0.700000 2.431858  -1   0  -1 
2453314.548463 10.864584 0.210118 -2.000000 0.700000 -0.103253 -1.480673 -0.495996 -2.984677 0.700000 -1.504004 0.700000 2.431858  -1   0  -1 
2453321.600305 -15.714003 0.419805 -4.000000 0.500000 -0.103253 0.030641 -1.442142 -2.527217 0.500000 -2.557858 0.500000 2.431858  -1   0  -1 
2453321.602944 -15.711364 0.419883 -3.800000 0.500000 -0.103253 0.031378 -1.443996 -2.324627 0.500000 -2.356004 0.500000 2.431858  -1   0  -1 
2453321.605583 -15.708725 0.419962 -5.400000 0.500000 -0.103253 0.032114 -1.445847 -3.922039 0.500000 -3.954153 0.500000 2.431858  -1   0  -1 
2453321.608326 -15.705982 0.420043 -3.700000 0.600000 -0.103253 0.032880 -1.447769 -2.219352 0.600000 -2.252231 0.600000 2.431858  -1   0  -1 
2453340.510028 3.195720 0.982085 -5.000000 0.400000 -0.103253 -0.990517 -2.170779 -3.819737 0.400000 -2.829221 0.400000 2.431858  -1   0  -1 
2453340.513489 3.199181 0.982188 -4.800000 0.400000 -0.103253 -0.991466 -2.169005 -3.622461 0.400000 -2.630995 0.400000 2.431858  -1   0  -1 
2453340.517007 3.202699 0.982293 -5.000000 0.400000 -0.103253 -0.992429 -2.167199 -3.825230 0.400000 -2.832801 0.400000 2.431858  -1   0  -1 
2453342.505663 5.191355 0.041425 -4.200000 0.400000 -0.103253 -1.423623 -0.928589 -4.695035 0.400000 -3.271411 0.400000 2.431858  -1   0  -1 
2453342.509170 5.194862 0.041529 -2.300000 0.500000 -0.103253 -1.424180 -0.926240 -2.797939 0.500000 -1.373760 0.500000 2.431858  -1   0  -1 
2453342.512758 5.198450 0.041636 -1.500000 0.500000 -0.103253 -1.424748 -0.923838 -2.000910 0.500000 -0.576162 0.500000 2.431858  -1   0  -1 
2453484.884129 13.048106 0.275045 -2.400000 0.400000 -0.103253 -1.144588 -1.043548 -2.501041 0.400000 -1.356452 0.400000 2.431858  -1   0  -1 
2453484.887683 13.051660 0.275151 -2.700000 0.400000 -0.103253 -1.143921 -1.039851 -2.804070 0.400000 -1.660149 0.400000 2.431858  -1   0  -1 
2453484.891132 13.055109 0.275254 -1.300000 0.400000 -0.103253 -1.143273 -1.036263 -1.407010 0.400000 -0.263737 0.400000 2.431858  -1   0  -1 
2453491.890208 -13.576244 0.483371 -3.400000 0.400000 -0.103253 0.635985 0.452360 -3.216375 0.400000 -3.852360 0.400000 2.431858  -1   0  -1 
2453491.893668 -13.572784 0.483474 -3.300000 0.400000 -0.103253 0.636962 0.449071 -3.112110 0.400000 -3.749071 0.400000 2.431858  -1   0  -1 
2453491.897210 -13.569242 0.483579 -3.000000 0.500000 -0.103253 0.637962 0.445704 -2.807743 0.500000 -3.445704 0.500000 2.431858  -1   0  -1 
2453511.905148 6.438696 0.078515 -2.300000 0.500000 -0.103253 -1.576839 -2.773176 -1.103664 0.500000 0.473176 0.500000 2.431858  -1   0  -1 
2453511.907717 6.441265 0.078591 -4.500000 0.500000 -0.103253 -1.577064 -2.771385 -3.305679 0.500000 -1.728615 0.500000 2.431858  -1   0  -1 
2453511.910403 6.443951 0.078671 -5.000000 0.600000 -0.103253 -1.577299 -2.769513 -3.807786 0.600000 -2.230487 0.600000 2.431858  -1   0  -1 
2453511.913042 6.446590 0.078750 -3.300000 0.500000 -0.103253 -1.577529 -2.767671 -2.109858 0.500000 -0.532329 0.500000 2.431858  -1   0  -1 
2453512.835981 7.369529 0.106193 -3.900000 0.700000 -0.103253 -1.634856 -2.062234 -3.472622 0.700000 -1.837766 0.700000 2.431858  -1   0  -1 
2453512.839488 7.373036 0.106297 -2.900000 0.600000 -0.103253 -1.634988 -2.059373 -2.475615 0.600000 -0.840627 0.600000 2.431858  -1   0  -1 
2453512.843007 7.376555 0.106402 -4.100000 0.600000 -0.103253 -1.635119 -2.056501 -3.678618 0.600000 -2.043499 0.600000 2.431858  -1   0  -1 
2453515.858256 10.391804 0.196060 -1.000000 0.600000 -0.103253 -1.531812 0.310063 -2.841874 0.600000 -1.310063 0.600000 2.431858  -1   0  -1 
2453515.863580 10.397128 0.196219 -1.500000 0.500000 -0.103253 -1.531283 0.313227 -3.344510 0.500000 -1.813227 0.500000 2.431858  -1   0  -1 
2453520.869093 15.402641 0.345058 -3.700000 0.300000 -0.103253 -0.632456 -1.315667 -3.016789 0.300000 -2.384333 0.300000 2.431858  -1   0  -1 
2453542.739620 3.642739 0.995377 1.900000 0.700000 -0.103253 -1.107535 -0.408667 1.201132 0.700000 2.308667 0.700000 2.431858  -1   0  -1 
2453542.742850 3.645969 0.995473 3.800000 1.500000 -0.103253 -1.108340 -0.406865 3.098525 1.500000 4.206865 1.500000 2.431858  -1   0  -1 
2453543.789930 4.693049 0.026608 2.000000 0.400000 -0.103253 -1.337243 0.136807 0.525950 0.400000 1.863193 0.400000 2.431858  -1   0  -1 
2453543.794953 4.698072 0.026757 2.700000 0.400000 -0.103253 -1.338187 0.139126 1.222688 0.400000 2.560874 0.400000 2.431858  -1   0  -1 
2453544.816592 5.719711 0.057136 4.500000 0.400000 -0.103253 -1.499390 0.512984 2.487626 0.400000 3.987016 0.400000 2.431858  -1   0  -1 
2453544.822032 5.725151 0.057298 3.600000 0.400000 -0.103253 -1.500086 0.514336 1.585578 0.400000 3.085664 0.400000 2.431858  -1   0  -1 
2453545.842524 6.745643 0.087642 11.600000 3.700000 -0.103253 -1.601126 0.603031 9.395843 3.700000 10.996969 3.700000 2.431858  -1   0  -1 
2453546.861360 7.764479 0.117937 6.600000 0.400000 -0.103253 -1.645724 0.283417 4.670859 0.400000 6.316583 0.400000 2.431858  -1   0  -1 
2453546.866534 7.769653 0.118091 7.100000 0.400000 -0.103253 -1.645814 0.280606 5.173580 0.400000 6.819394 0.400000 2.431858  -1   0  -1 
2453547.771038 8.674157 0.144986 2.400000 0.400000 -0.103253 -1.641436 -0.392533 1.151096 0.400000 2.792533 0.400000 2.431858  -1   0  -1 
2453547.776200 8.679319 0.145140 2.400000 0.400000 -0.103253 -1.641300 -0.397336 1.156036 0.400000 2.797336 0.400000 2.431858  -1   0  -1 
2453549.847373 10.750492 0.206726 2.100000 2.900000 -0.103253 -1.493782 -2.647143 3.253361 2.900000 4.747143 2.900000 2.431858  -1   0  -1 
2453550.760428 11.663547 0.233876 0.500000 0.300000 -0.103253 -1.375817 -3.361379 2.485563 0.300000 3.861379 0.300000 2.431858  -1   0  -1 
2453550.765520 11.668639 0.234027 0.400000 0.300000 -0.103253 -1.375078 -3.364194 2.389117 0.300000 3.764194 0.300000 2.431858  -1   0  -1 
2453551.768482 12.671601 0.263850 -0.900000 0.500000 -0.103253 -1.213240 -3.635207 1.521966 0.500000 2.735207 0.500000 2.431858  -1   0  -1 
2453551.773563 12.676682 0.264001 0.700000 0.600000 -0.103253 -1.212341 -3.635150 3.122809 0.600000 4.335150 0.600000 2.431858  -1   0  -1 
2453573.752332 1.025022 0.917539 -0.900000 0.200000 -0.103253 -0.279290 1.848322 -3.027612 0.200000 -2.748322 0.200000 2.431858  -1   0  -1 
2453671.583392 -2.035204 0.826544 4.600000 0.400000 -0.103253 0.905883 1.828220 3.677663 0.400000 2.771780 0.400000 2.431858  -1   0  -1 
2453671.586875 -2.031721 0.826647 4.200000 0.500000 -0.103253 0.904609 1.829648 3.274961 0.500000 2.370352 0.500000 2.431858  -1   0  -1 
2453671.590324 -2.028272 0.826750 4.100000 0.500000 -0.103253 0.903347 1.831061 3.172287 0.500000 2.268939 0.500000 2.431858  -1   0  -1 
2453810.907634 2.767323 0.969347 -6.200000 0.400000 -0.103253 -0.868048 -2.752181 -4.315866 0.400000 -3.447819 0.400000 2.431858  -1   0  -1 
2453810.911488 2.771177 0.969461 -6.000000 0.300000 -0.103253 -0.869193 -2.750984 -4.118210 0.300000 -3.249016 0.300000 2.431858  -1   0  -1 
2453810.915331 2.775020 0.969575 -4.600000 0.300000 -0.103253 -0.870335 -2.749785 -2.720550 0.300000 -1.850215 0.300000 2.431858  -1   0  -1 
2453815.909918 7.769607 0.118089 -3.300000 0.300000 -0.103253 -1.645813 0.232160 -5.177973 0.300000 -3.532160 0.300000 2.431858  -1   0  -1 
2453815.914965 7.774654 0.118239 -4.400000 0.300000 -0.103253 -1.645900 0.234465 -6.280365 0.300000 -4.634465 0.300000 2.431858  -1   0  -1 
2453816.914372 8.774061 0.147957 -2.500000 0.300000 -0.103253 -1.638577 0.549106 -4.687683 0.300000 -3.049106 0.300000 2.431858  -1   0  -1 
2453816.919638 8.779327 0.148113 -3.400000 0.400000 -0.103253 -1.638413 0.549900 -5.588313 0.400000 -3.949900 0.400000 2.431858  -1   0  -1 
2453862.858999 -12.542170 0.514119 -2.600000 0.500000 -0.103253 0.923358 1.267503 -2.944146 0.500000 -3.867503 0.500000 2.431858  -1   0  -1 
2453862.862564 -12.538605 0.514225 -3.100000 0.400000 -0.103253 0.924327 1.264193 -3.439866 0.400000 -4.364193 0.400000 2.431858  -1   0  -1 
2453862.866256 -12.534913 0.514335 -2.200000 0.400000 -0.103253 0.925331 1.260762 -2.535432 0.400000 -3.460762 0.400000 2.431858  -1   0  -1 
2453870.847549 -4.553620 0.751659 -0.700000 0.400000 -0.103253 1.644385 1.981232 -1.036847 0.400000 -2.681232 0.400000 2.431858  -1   0  -1 
2453870.853070 -4.548099 0.751823 -0.500000 0.400000 -0.103253 1.643270 1.984757 -0.841487 0.400000 -2.484757 0.400000 2.431858  -1   0  -1 
2453882.860433 7.459264 0.108861 -3.600000 0.400000 -0.103253 -1.638026 -3.169549 -2.068476 0.400000 -0.430451 0.400000 2.431858  -1   0  -1 
2453882.863003 7.461834 0.108938 -3.800000 0.400000 -0.103253 -1.638110 -3.167788 -2.270322 0.400000 -0.632212 0.400000 2.431858  -1   0  -1 
2453882.865792 7.464623 0.109021 -3.300000 0.400000 -0.103253 -1.638202 -3.165875 -1.772326 0.400000 -0.134125 0.400000 2.431858  -1   0  -1 
2453882.868420 7.467251 0.109099 -2.400000 0.500000 -0.103253 -1.638288 -3.164071 -0.874216 0.500000 0.764071 0.500000 2.431858  -1   0  -1 
2453883.847121 8.445952 0.138201 -2.200000 0.400000 -0.103253 -1.646233 -2.402730 -1.443503 0.400000 0.202730 0.400000 2.431858  -1   0  -1 
2453883.851033 8.449864 0.138317 -2.000000 0.400000 -0.103253 -1.646171 -2.399401 -1.246770 0.400000 0.399401 0.400000 2.431858  -1   0  -1 
2453883.854887 8.453718 0.138431 -1.900000 0.400000 -0.103253 -1.646110 -2.396120 -1.149990 0.400000 0.496120 0.400000 2.431858  -1   0  -1 
2453886.875724 11.474555 0.228256 -0.900000 0.400000 -0.103253 -1.402627 0.229979 -2.532606 0.400000 -1.129979 0.400000 2.431858  -1   0  -1 
2453886.879069 11.477900 0.228355 -2.100000 0.500000 -0.103253 -1.402163 0.232429 -3.734593 0.500000 -2.332429 0.500000 2.431858  -1   0  -1 
2453886.882321 11.481152 0.228452 -0.000000 0.400000 -0.103253 -1.401712 0.234809 -1.636521 0.400000 -0.234809 0.400000 2.431858  -1   0  -1 
2453917.821767 8.790169 0.148436 -1.500000 1.100000 -0.103253 -1.638073 0.472795 -3.610867 1.100000 -1.972795 1.100000 2.431858  -1   0  -1 
2453917.822831 8.791233 0.148467 2.100000 1.200000 -0.103253 -1.638039 0.472507 -0.010546 1.200000 1.627493 1.200000 2.431858  -1   0  -1 
2453917.824000 8.792402 0.148502 -0.200000 1.200000 -0.103253 -1.638002 0.472190 -2.310192 1.200000 -0.672190 1.200000 2.431858  -1   0  -1 
2453917.825100 8.793502 0.148535 -2.400000 1.300000 -0.103253 -1.637967 0.471891 -4.509858 1.300000 -2.871891 1.300000 2.431858  -1   0  -1 
2453917.826165 8.794567 0.148567 -1.600000 1.300000 -0.103253 -1.637933 0.471602 -3.709535 1.300000 -2.071602 1.300000 2.431858  -1   0  -1 
2453917.827253 8.795655 0.148599 2.600000 1.300000 -0.103253 -1.637898 0.471305 0.490797 1.300000 2.128695 1.300000 2.431858  -1   0  -1 
2453917.828341 8.796743 0.148631 1.100000 1.200000 -0.103253 -1.637864 0.471008 -1.008872 1.200000 0.628992 1.200000 2.431858  -1   0  -1 
2453917.829452 8.797854 0.148664 -0.500000 1.300000 -0.103253 -1.637828 0.470704 -2.608532 1.300000 -0.970704 1.300000 2.431858  -1   0  -1 
2453917.830517 8.798919 0.148696 1.300000 1.400000 -0.103253 -1.637794 0.470412 -0.808206 1.400000 0.829588 1.400000 2.431858  -1   0  -1 
2453917.831663 8.800065 0.148730 1.900000 1.400000 -0.103253 -1.637757 0.470098 -0.207855 1.400000 1.429902 1.400000 2.431858  -1   0  -1 
2453919.820486 10.788888 0.207868 -4.100000 1.200000 -0.103253 -1.489424 -0.935642 -4.653782 1.200000 -3.164358 1.200000 2.431858  -1   0  -1 
2453919.821562 10.789964 0.207900 -4.800000 1.200000 -0.103253 -1.489301 -0.936774 -5.352527 1.200000 -3.863226 1.200000 2.431858  -1   0  -1 
2453919.822662 10.791064 0.207932 -0.100000 1.500000 -0.103253 -1.489176 -0.937932 -0.651244 1.500000 0.837932 1.500000 2.431858  -1   0  -1 
2453919.823761 10.792163 0.207965 -5.200000 1.500000 -0.103253 -1.489050 -0.939088 -5.749962 1.500000 -4.260912 1.500000 2.431858  -1   0  -1 
2453919.824884 10.793286 0.207998 -5.600000 1.500000 -0.103253 -1.488922 -0.940270 -6.148651 1.500000 -4.659730 1.500000 2.431858  -1   0  -1 
2453919.825949 10.794351 0.208030 -0.700000 1.300000 -0.103253 -1.488800 -0.941392 -1.247408 1.300000 0.241392 1.300000 2.431858  -1   0  -1 
2453919.827060 10.795462 0.208063 -1.200000 1.400000 -0.103253 -1.488673 -0.942562 -1.746111 1.400000 -0.257438 1.400000 2.431858  -1   0  -1 
2453919.828171 10.796573 0.208096 -6.300000 1.400000 -0.103253 -1.488545 -0.943732 -6.844814 1.400000 -5.356268 1.400000 2.431858  -1   0  -1 
2453919.829259 10.797661 0.208129 -2.900000 1.200000 -0.103253 -1.488421 -0.944878 -3.443543 1.200000 -1.955122 1.200000 2.431858  -1   0  -1 
2453919.830335 10.798737 0.208161 -1.700000 1.200000 -0.103253 -1.488298 -0.946012 -2.242286 1.200000 -0.753988 1.200000 2.431858  -1   0  -1 
2453921.830717 12.799119 0.267642 -3.100000 1.600000 -0.103253 -1.190449 -2.917933 -1.372516 1.600000 -0.182067 1.600000 2.431858  -1   0  -1 
2453921.831828 12.800230 0.267675 -3.700000 1.600000 -0.103253 -1.190248 -2.918689 -1.971559 1.600000 -0.781311 1.600000 2.431858  -1   0  -1 
2453921.832892 12.801294 0.267707 -1.900000 1.500000 -0.103253 -1.190056 -2.919413 -0.170643 1.500000 1.019413 1.500000 2.431858  -1   0  -1 
2453921.833992 12.802394 0.267739 -2.500000 1.600000 -0.103253 -1.189857 -2.920160 -0.769697 1.600000 0.420160 1.600000 2.431858  -1   0  -1 
2453921.835126 12.803528 0.267773 -5.000000 1.300000 -0.103253 -1.189652 -2.920930 -3.268722 1.300000 -2.079070 1.300000 2.431858  -1   0  -1 
2453921.836214 12.804616 0.267805 -3.600000 1.100000 -0.103253 -1.189456 -2.921668 -1.867787 1.100000 -0.678332 1.100000 2.431858  -1   0  -1 
2453921.837291 12.805693 0.267837 -3.200000 1.000000 -0.103253 -1.189261 -2.922399 -1.466862 1.000000 -0.277601 1.000000 2.431858  -1   0  -1 
2453921.838413 12.806815 0.267871 -2.200000 1.000000 -0.103253 -1.189058 -2.923159 -0.465899 1.000000 0.723159 1.000000 2.431858  -1   0  -1 
2453921.839467 12.807869 0.267902 -1.600000 1.000000 -0.103253 -1.188867 -2.923872 0.135005 1.000000 1.323872 1.000000 2.431858  -1   0  -1 
2453921.840566 12.808968 0.267935 -2.400000 1.000000 -0.103253 -1.188669 -2.924615 -0.664053 1.000000 0.524615 1.000000 2.431858  -1   0  -1 
2453950.742238 8.080211 0.127325 -5.500000 0.400000 -0.103253 -1.648773 -3.642767 -3.506006 0.400000 -1.857233 0.400000 2.431858  -1   0  -1 
2453974.597984 -1.694471 0.836675 8.600000 1.100000 -0.103253 0.779163 2.967134 6.412028 1.100000 5.632866 1.100000 2.431858  -1   0  -1 
2453974.600009 -1.692446 0.836735 9.400000 0.900000 -0.103253 0.778398 2.966115 7.212283 0.900000 6.433885 0.900000 2.431858  -1   0  -1 
2453974.601954 -1.690501 0.836793 11.400000 0.900000 -0.103253 0.777663 2.965134 9.212530 0.900000 8.434866 0.900000 2.431858  -1   0  -1 
2453974.603956 -1.688499 0.836853 11.600000 0.900000 -0.103253 0.776907 2.964122 9.412785 0.900000 8.635878 0.900000 2.431858  -1   0  -1 
2453976.591620 0.299165 0.895956 5.100000 0.600000 -0.103253 -0.002019 0.962325 4.135656 0.600000 4.137675 0.600000 2.431858  -1   0  -1 
2453976.594050 0.301595 0.896028 3.300000 0.600000 -0.103253 -0.002967 0.958796 2.338237 0.600000 2.341204 0.600000 2.431858  -1   0  -1 
2453976.596469 0.304014 0.896100 4.200000 0.600000 -0.103253 -0.003910 0.955282 3.240809 0.600000 3.244718 0.600000 2.431858  -1   0  -1 
2453976.598980 0.306525 0.896175 3.300000 0.600000 -0.103253 -0.004889 0.951632 2.343480 0.600000 2.348368 0.600000 2.431858  -1   0  -1 
2453980.640151 4.347696 0.016339 -3.300000 0.600000 -0.103253 -1.268822 -3.718681 -0.850141 0.600000 0.418681 0.600000 2.431858  -1   0  -1 
2453980.643079 4.350624 0.016426 -2.900000 0.600000 -0.103253 -1.269432 -3.719296 -0.450136 0.600000 0.819296 0.600000 2.431858  -1   0  -1 
2453980.645938 4.353483 0.016511 -2.300000 0.600000 -0.103253 -1.270027 -3.719891 0.149865 0.600000 1.419891 0.600000 2.431858  -1   0  -1 
2453980.648924 4.356469 0.016600 -3.600000 0.600000 -0.103253 -1.270647 -3.720508 -1.150139 0.600000 0.120508 0.600000 2.431858  -1   0  -1 
2453981.703761 5.411306 0.047965 -5.800000 0.400000 -0.103253 -1.457131 -3.665469 -3.591662 0.400000 -2.134531 0.400000 2.431858  -1   0  -1 
2453981.706284 5.413829 0.048040 -7.100000 0.400000 -0.103253 -1.457499 -3.664751 -4.892748 0.400000 -3.435249 0.400000 2.431858  -1   0  -1 
2453981.708796 5.416341 0.048115 -7.600000 0.400000 -0.103253 -1.457865 -3.664033 -5.393832 0.400000 -3.935967 0.400000 2.431858  -1   0  -1 
2453981.711342 5.418887 0.048191 -5.800000 0.400000 -0.103253 -1.458236 -3.663303 -3.594933 0.400000 -2.136697 0.400000 2.431858  -1   0  -1 
2453982.690997 6.398542 0.077321 -2.900000 0.700000 -0.103253 -1.573279 -3.218633 -1.254646 0.700000 0.318633 0.700000 2.431858  -1   0  -1 
2453982.693555 6.401100 0.077397 -2.500000 0.700000 -0.103253 -1.573508 -3.217102 -0.856407 0.700000 0.717102 0.700000 2.431858  -1   0  -1 
2453982.695997 6.403542 0.077469 -2.100000 0.700000 -0.103253 -1.573727 -3.215638 -0.458089 0.700000 1.115638 0.700000 2.431858  -1   0  -1 
2453982.698647 6.406192 0.077548 -3.700000 0.700000 -0.103253 -1.573964 -3.214049 -2.059915 0.700000 -0.485951 0.700000 2.431858  -1   0  -1 
2454292.812219 13.845904 0.298768 -0.700000 0.300000 -0.103253 -0.986150 -2.314379 0.628229 0.300000 1.614379 0.300000 2.431858  -1   0  -1 
2454292.817485 13.851170 0.298925 -0.300000 0.300000 -0.103253 -0.985049 -2.318736 1.033688 0.300000 2.018736 0.300000 2.431858  -1   0  -1 
2454315.727933 3.131189 0.980166 0.400000 0.800000 -0.103253 -0.972704 0.833929 -1.406633 0.800000 -0.433929 0.800000 2.431858  -1   0  -1 
2454315.732909 3.136165 0.980314 -1.800000 0.800000 -0.103253 -0.974086 0.835107 -3.609193 0.800000 -2.635107 0.800000 2.431858  -1   0  -1 
2454953.915075 2.340184 0.956646 -4.800000 0.400000 -0.103253 -0.736390 -2.470090 -3.066300 0.400000 -2.329910 0.400000 2.431858  -1   0  -1 
2454953.918663 2.343772 0.956752 -2.900000 0.400000 -0.103253 -0.737533 -2.468859 -1.168674 0.400000 -0.431141 0.400000 2.431858  -1   0  -1 
2454953.922240 2.347349 0.956859 -3.700000 0.400000 -0.103253 -0.738673 -2.467629 -1.971044 0.400000 -1.232371 0.400000 2.431858  -1   0  -1 
2454954.854520 3.279629 0.984580 -3.300000 0.300000 -0.103253 -1.013335 -2.049291 -2.264044 0.300000 -1.250709 0.300000 2.431858  -1   0  -1 
2454954.858270 3.283379 0.984692 -3.500000 0.300000 -0.103253 -1.014345 -2.047276 -2.467070 0.300000 -1.452724 0.300000 2.431858  -1   0  -1 
2454954.861812 3.286921 0.984797 -3.200000 0.300000 -0.103253 -1.015299 -2.045370 -2.169929 0.300000 -1.154630 0.300000 2.431858  -1   0  -1 
2454955.841317 4.266426 0.013922 -3.100000 0.400000 -0.103253 -1.251704 -1.458718 -2.892986 0.400000 -1.641282 0.400000 2.431858  -1   0  -1 
2454955.845010 4.270119 0.014032 -2.300000 0.400000 -0.103253 -1.252490 -1.456338 -2.096152 0.400000 -0.843662 0.400000 2.431858  -1   0  -1 
2454955.848783 4.273892 0.014144 -1.400000 0.700000 -0.103253 -1.253293 -1.453906 -1.199387 0.700000 0.053906 0.700000 2.431858  -1   0  -1 
2454956.895780 5.320889 0.045277 -2.300000 0.500000 -0.103253 -1.443698 -0.762949 -2.980749 0.500000 -1.537051 0.500000 2.431858  -1   0  -1 
2454956.899345 5.324454 0.045383 -0.900000 0.400000 -0.103253 -1.444237 -0.760603 -1.583633 0.400000 -0.139397 0.400000 2.431858  -1   0  -1 
2454956.902968 5.328077 0.045491 -1.700000 0.400000 -0.103253 -1.444783 -0.758220 -2.386564 0.400000 -0.941780 0.400000 2.431858  -1   0  -1 
2454988.882690 3.677370 0.996407 0.000000 0.400000 -0.103253 -1.116129 1.060975 -2.177105 0.400000 -1.060975 0.400000 2.431858  -1   0  -1 
2454988.888119 3.682799 0.996568 0.100000 0.400000 -0.103253 -1.117470 1.058751 -2.076221 0.400000 -0.958751 0.400000 2.431858  -1   0  -1 
2454989.877517 4.672197 0.025988 -0.100000 0.300000 -0.103253 -1.333311 0.436821 -1.870132 0.300000 -0.536821 0.300000 2.431858  -1   0  -1 
2454989.883200 4.677880 0.026157 -0.200000 0.300000 -0.103253 -1.334385 0.431988 -1.966373 0.300000 -0.631988 0.300000 2.431858  -1   0  -1 
2454991.889668 6.684348 0.085819 -0.800000 0.400000 -0.103253 -1.596688 -1.919584 -0.477104 0.400000 1.119584 0.400000 2.431858  -1   0  -1 
2454991.895131 6.689811 0.085982 -1.900000 0.400000 -0.103253 -1.597092 -1.926703 -1.570389 0.400000 0.026703 0.400000 2.431858  -1   0  -1 
2454993.901526 8.696206 0.145642 -5.800000 0.200000 -0.103253 -1.640845 -3.860937 -3.579908 0.200000 -1.939063 0.200000 2.431858  -1   0  -1 
2455021.881363 3.045614 0.977622 -1.400000 0.500000 -0.103253 -0.948732 -2.787393 0.438661 0.500000 1.387393 0.500000 2.431858  -1   0  -1 
2455021.884638 3.048889 0.977719 -1.500000 0.500000 -0.103253 -0.949656 -2.790927 0.341271 0.500000 1.290927 0.500000 2.431858  -1   0  -1 
2455021.887879 3.052130 0.977815 0.300000 0.500000 -0.103253 -0.950571 -2.794419 2.143848 0.500000 3.094419 0.500000 2.431858  -1   0  -1 
2455023.870780 5.035031 0.036777 -1.300000 0.700000 -0.103253 -1.398092 -3.802023 1.103931 0.700000 2.502023 0.700000 2.431858  -1   0  -1 
2455023.874484 5.038735 0.036887 -2.100000 0.800000 -0.103253 -1.398714 -3.801897 0.303184 0.800000 1.701897 0.800000 2.431858  -1   0  -1 
2455023.878292 5.042543 0.037000 -0.900000 0.700000 -0.103253 -1.399352 -3.801761 1.502410 0.700000 2.901761 0.700000 2.431858  -1   0  -1 
2455023.893431 5.057682 0.037450 -2.900000 0.600000 -0.103253 -1.401880 -3.801152 -0.500728 0.600000 0.901152 0.600000 2.431858  -1   0  -1 
2455023.897135 5.061386 0.037561 -2.300000 0.600000 -0.103253 -1.402497 -3.800987 0.098490 0.600000 1.500987 0.600000 2.431858  -1   0  -1 
2455023.901151 5.065402 0.037680 -2.000000 0.600000 -0.103253 -1.403164 -3.800800 0.397636 0.600000 1.800800 0.600000 2.431858  -1   0  -1 
2455025.707370 6.871621 0.091388 -3.600000 0.600000 -0.103253 -1.609608 -3.085801 -2.123807 0.600000 -0.514199 0.600000 2.431858  -1   0  -1 
2455025.710657 6.874908 0.091486 -2.300000 0.600000 -0.103253 -1.609818 -3.083607 -0.826211 0.600000 0.783607 0.600000 2.431858  -1   0  -1 
2455025.713979 6.878230 0.091584 -3.800000 0.600000 -0.103253 -1.610030 -3.081388 -2.328642 0.600000 -0.718612 0.600000 2.431858  -1   0  -1 
2455036.781145 -15.685033 0.420666 -0.700000 0.800000 -0.103253 0.038728 -2.193844 1.532572 0.800000 1.493844 0.800000 2.431858  -1   0  -1 
2455036.782916 -15.683262 0.420719 1.300000 0.800000 -0.103253 0.039223 -2.194195 3.533418 0.800000 3.494195 0.800000 2.431858  -1   0  -1 
2455036.784721 -15.681457 0.420773 -0.000000 0.700000 -0.103253 0.039727 -2.194552 2.234279 0.700000 2.194552 0.700000 2.431858  -1   0  -1 
2455036.786434 -15.679744 0.420824 0.300000 0.700000 -0.103253 0.040205 -2.194889 2.535094 0.700000 2.494889 0.700000 2.431858  -1   0  -1 
2455036.788217 -15.677961 0.420877 1.200000 0.700000 -0.103253 0.040703 -2.195237 3.435941 0.700000 3.395237 0.700000 2.431858  -1   0  -1 
2455036.789988 -15.676190 0.420929 0.300000 0.700000 -0.103253 0.041198 -2.195582 2.536780 0.700000 2.495582 0.700000 2.431858  -1   0  -1 
2455037.797226 -14.668952 0.450879 -1.500000 0.700000 -0.103253 0.325578 -2.122396 0.947974 0.700000 0.622396 0.700000 2.431858  -1   0  -1 
2455037.799009 -14.667169 0.450932 3.000000 0.700000 -0.103253 0.326085 -2.121813 5.447898 0.700000 5.121813 0.700000 2.431858  -1   0  -1 
2455037.800733 -14.665445 0.450984 1.300000 0.700000 -0.103253 0.326575 -2.121248 3.747823 0.700000 3.421248 0.700000 2.431858  -1   0  -1 
2455037.802539 -14.663639 0.451037 0.200000 0.700000 -0.103253 0.327089 -2.120654 2.647743 0.700000 2.320654 0.700000 2.431858  -1   0  -1 
2455037.804321 -14.661857 0.451090 2.000000 0.700000 -0.103253 0.327595 -2.120067 4.447663 0.700000 4.120067 0.700000 2.431858  -1   0  -1 
2455037.806057 -14.660121 0.451142 0.000000 0.700000 -0.103253 0.328089 -2.119494 2.447583 0.700000 2.119494 0.700000 2.431858  -1   0  -1 
2455039.786805 -12.679373 0.510039 2.700000 0.800000 -0.103253 0.885919 -0.736602 4.322521 0.800000 3.436602 0.800000 2.431858  -1   0  -1 
2455039.788332 -12.677846 0.510085 3.100000 0.900000 -0.103253 0.886337 -0.735124 4.721461 0.900000 3.835124 0.900000 2.431858  -1   0  -1 
2455039.789964 -12.676214 0.510133 3.200000 0.800000 -0.103253 0.886784 -0.733543 4.820327 0.800000 3.933543 0.800000 2.431858  -1   0  -1 
2455039.791550 -12.674628 0.510181 1.100000 0.800000 -0.103253 0.887218 -0.732006 2.719224 0.800000 1.832006 0.800000 2.431858  -1   0  -1 
2455039.793147 -12.673031 0.510228 2.400000 0.800000 -0.103253 0.887655 -0.730458 4.018114 0.800000 3.130458 0.800000 2.431858  -1   0  -1 
2455039.794710 -12.671468 0.510275 3.300000 0.900000 -0.103253 0.888083 -0.728943 4.917026 0.900000 4.028943 0.900000 2.431858  -1   0  -1 
2455039.796330 -12.669848 0.510323 3.700000 0.800000 -0.103253 0.888527 -0.727372 5.315899 0.800000 4.427372 0.800000 2.431858  -1   0  -1 
2455041.699644 -10.766534 0.566918 3.000000 0.400000 -0.103253 1.373375 1.295399 3.077976 0.400000 1.704601 0.400000 2.431858  -1   0  -1 
2455041.704829 -10.761349 0.567072 2.700000 0.400000 -0.103253 1.374564 1.301030 2.773534 0.400000 1.398970 0.400000 2.431858  -1   0  -1 
2455045.801844 -6.664334 0.688897 1.300000 0.400000 -0.103253 1.877281 4.078404 -0.901123 0.400000 -2.778404 0.400000 2.431858  -1   0  -1 
2455046.832613 -5.633565 0.719546 -0.800000 0.400000 -0.103253 1.812163 3.694934 -2.682771 0.400000 -4.494934 0.400000 2.431858  -1   0  -1 
2455047.816890 -4.649288 0.748814 -0.900000 0.500000 -0.103253 1.663309 2.754717 -1.991408 0.500000 -3.654717 0.500000 2.431858  -1   0  -1 
2455047.821971 -4.644207 0.748965 -1.800000 0.500000 -0.103253 1.662323 2.748552 -2.886229 0.500000 -4.548552 0.500000 2.431858  -1   0  -1 
2455066.705240 14.239062 0.310459 -3.800000 0.300000 -0.103253 -0.902044 -3.309800 -1.392243 0.300000 -0.490200 0.300000 2.431858  -1   0  -1 
2455067.723686 15.257508 0.340742 -2.600000 0.300000 -0.103253 -0.667637 -2.685657 -0.581980 0.300000 0.085657 0.300000 2.431858  -1   0  -1 
2455068.708996 16.242818 0.370040 -4.000000 0.300000 -0.103253 -0.421158 -1.787619 -2.633538 0.300000 -2.212381 0.300000 2.431858  -1   0  -1 
2455069.712847 -16.383760 0.399890 -0.800000 0.200000 -0.103253 -0.154175 -0.707510 -0.246665 0.200000 -0.092490 0.200000 2.431858  -1   0  -1 
2455072.655300 -13.441307 0.487383 4.100000 0.700000 -0.103253 0.674032 2.395909 2.378123 0.700000 1.704091 0.700000 2.431858  -1   0  -1 
2455072.657788 -13.438819 0.487457 4.000000 0.600000 -0.103253 0.674732 2.397993 2.276739 0.600000 1.602007 0.600000 2.431858  -1   0  -1 
2455072.660218 -13.436389 0.487530 3.900000 0.600000 -0.103253 0.675416 2.400027 2.175390 0.600000 1.499973 0.600000 2.431858  -1   0  -1 
2455072.662649 -13.433958 0.487602 4.900000 0.600000 -0.103253 0.676101 2.402060 3.174041 0.600000 2.497940 0.600000 2.431858  -1   0  -1 
2455075.660497 -10.436110 0.576743 4.300000 0.700000 -0.103253 1.447189 3.166292 2.580897 0.700000 1.133708 0.700000 2.431858  -1   0  -1 
2455075.662928 -10.433679 0.576815 3.800000 0.600000 -0.103253 1.447717 3.165124 2.082593 0.600000 0.634876 0.600000 2.431858  -1   0  -1 
2455075.665358 -10.431249 0.576887 4.700000 0.600000 -0.103253 1.448245 3.163953 2.984292 0.600000 1.536047 0.600000 2.431858  -1   0  -1 
2455078.680711 -7.415896 0.666549 -1.100000 1.000000 -0.103253 1.868401 0.327244 0.441157 1.000000 -1.427244 1.000000 2.431858  -1   0  -1 
2455078.683604 -7.413003 0.666635 -1.100000 1.100000 -0.103253 1.868521 0.324609 0.443912 1.100000 -1.424609 1.100000 2.431858  -1   0  -1 
2455078.686092 -7.410515 0.666709 1.300000 1.200000 -0.103253 1.868624 0.322346 2.846279 1.200000 0.977654 1.200000 2.431858  -1   0  -1 
2455078.689171 -7.407436 0.666800 1.200000 1.400000 -0.103253 1.868751 0.319547 2.749204 1.400000 0.880453 1.400000 2.431858  -1   0  -1 
2455109.549819 -10.177217 0.584441 -2.200000 0.600000 -0.103253 1.502127 -0.907407 0.209534 0.600000 -1.292593 0.600000 2.431858  -1   0  -1 
2455109.555767 -10.171269 0.584618 -2.400000 0.800000 -0.103253 1.503357 -0.905046 0.008404 0.800000 -1.494954 0.800000 2.431858  -1   0  -1 
2455110.576472 -9.150564 0.614969 -1.900000 0.400000 -0.103253 1.690307 -0.328321 0.118628 0.400000 -1.571679 0.400000 2.431858  -1   0  -1 
2455110.581946 -9.145090 0.615131 -3.000000 0.400000 -0.103253 1.691167 -0.324461 -0.984372 0.400000 -2.675539 0.400000 2.431858  -1   0  -1 
2455112.566577 -7.160459 0.674144 0.000000 0.500000 -0.103253 1.876512 1.323036 0.553476 0.500000 -1.323036 0.500000 2.431858  -1   0  -1 
2455112.571947 -7.155089 0.674304 0.700000 0.400000 -0.103253 1.876628 1.327706 1.248921 0.400000 -0.627706 0.400000 2.431858  -1   0  -1 
2455116.586194 -3.140842 0.793667 0.900000 0.200000 -0.103253 1.280865 3.430084 -1.249219 0.200000 -2.530084 0.200000 2.431858  -1   0  -1 
2455121.587607 1.860571 0.942384 -8.100000 0.700000 -0.103253 -0.578035 -2.169098 -6.508937 0.700000 -5.930902 0.700000 2.431858  -1   0  -1 
2455121.590037 1.863001 0.942457 -6.900000 0.700000 -0.103253 -0.578863 -2.172186 -5.306677 0.700000 -4.727814 0.700000 2.431858  -1   0  -1 
2455121.592479 1.865443 0.942529 -9.400000 0.700000 -0.103253 -0.579696 -2.175286 -7.804410 0.700000 -7.224714 0.700000 2.431858  -1   0  -1 
2455121.594956 1.867920 0.942603 -7.500000 0.800000 -0.103253 -0.580540 -2.178427 -5.902112 0.800000 -5.321573 0.800000 2.431858  -1   0  -1 
2455121.597456 1.870420 0.942677 -8.700000 0.800000 -0.103253 -0.581391 -2.181595 -7.099796 0.800000 -6.518405 0.800000 2.431858  -1   0  -1 
2455122.525933 2.798897 0.970285 -6.400000 0.800000 -0.103253 -0.877409 -3.127307 -4.150101 0.800000 -3.272693 0.800000 2.431858  -1   0  -1 
2455122.528352 2.801316 0.970357 -7.000000 0.800000 -0.103253 -0.878124 -3.129130 -4.748994 0.800000 -3.870870 0.800000 2.431858  -1   0  -1 
2455122.530794 2.803758 0.970430 -7.600000 0.700000 -0.103253 -0.878845 -3.130966 -5.347879 0.700000 -4.469034 0.700000 2.431858  -1   0  -1 
2455122.533248 2.806212 0.970503 -5.800000 0.700000 -0.103253 -0.879570 -3.132808 -3.546762 0.700000 -2.667192 0.700000 2.431858  -1   0  -1 
2455122.535701 2.808665 0.970576 -6.300000 0.700000 -0.103253 -0.880294 -3.134645 -4.045649 0.700000 -3.165355 0.700000 2.431858  -1   0  -1 
2455124.520796 4.793760 0.029603 -7.500000 0.300000 -0.103253 -1.355876 -3.543872 -5.312005 0.300000 -3.956128 0.300000 2.431858  -1   0  -1 
2455124.526421 4.799385 0.029770 -7.500000 0.300000 -0.103253 -1.356899 -3.542384 -5.314515 0.300000 -3.957616 0.300000 2.431858  -1   0  -1 
2455127.527559 7.800523 0.119009 -2.300000 0.300000 -0.103253 -1.646322 -1.621487 -2.324836 0.300000 -0.678513 0.300000 2.431858  -1   0  -1 
2455127.531367 7.804331 0.119122 -2.500000 0.300000 -0.103253 -1.646382 -1.618291 -2.528091 0.300000 -0.881709 0.300000 2.431858  -1   0  -1 
2455127.535232 7.808196 0.119237 -3.800000 0.300000 -0.103253 -1.646441 -1.615047 -3.831394 0.300000 -2.184953 0.300000 2.431858  -1   0  -1 
2455129.550559 9.823523 0.179163 -2.600000 0.300000 -0.103253 -1.581791 -0.002460 -4.179331 0.300000 -2.597540 0.300000 2.431858  -1   0  -1 
2455129.556068 9.829032 0.179326 -2.600000 0.300000 -0.103253 -1.581369 0.001343 -4.182712 0.300000 -2.601343 0.300000 2.431858  -1   0  -1 
2455132.521473 12.794437 0.267503 -1.900000 0.300000 -0.103253 -1.191294 0.702137 -3.793431 0.300000 -2.602137 0.300000 2.431858  -1   0  -1 
2455134.512800 14.785764 0.326715 -3.100000 0.400000 -0.103253 -0.779029 -0.826933 -3.052096 0.400000 -2.273067 0.400000 2.431858  -1   0  -1 
2455134.518436 14.791400 0.326882 -3.700000 0.400000 -0.103253 -0.777726 -0.832572 -3.645154 0.400000 -2.867428 0.400000 2.431858  -1   0  -1 
2455135.502747 15.775711 0.356151 -4.500000 0.200000 -0.103253 -0.540178 -1.759888 -3.280290 0.200000 -2.740112 0.200000 2.431858  -1   0  -1 
2455135.508279 15.781243 0.356315 -4.200000 0.200000 -0.103253 -0.538791 -1.764436 -2.974355 0.200000 -2.435564 0.200000 2.431858  -1   0  -1 
2455136.521235 16.794199 0.386435 -3.400000 0.400000 -0.103253 -0.276220 -2.371118 -1.305102 0.400000 -1.028882 0.400000 2.431858  -1   0  -1 
2455139.491913 -13.865551 0.474768 -2.200000 0.600000 -0.103253 0.554078 -1.259571 -0.386351 0.600000 -0.940429 0.600000 2.431858  -1   0  -1 
2455139.497642 -13.859822 0.474939 -3.600000 0.500000 -0.103253 0.555704 -1.254308 -1.789988 0.500000 -2.345692 0.500000 2.431858  -1   0  -1 
2455142.501946 -10.855518 0.564272 0.300000 0.600000 -0.103253 1.352842 1.957067 -0.304226 0.600000 -1.657067 0.600000 2.431858  -1   0  -1 
2455142.508519 -10.848945 0.564467 2.000000 0.900000 -0.103253 1.354368 1.963967 1.390401 0.900000 0.036033 0.900000 2.431858  -1   0  -1 
2455143.500033 -9.857431 0.593950 3.500000 0.500000 -0.103253 1.566114 2.927677 2.138436 0.500000 0.572323 0.500000 2.431858  -1   0  -1 
2455143.505160 -9.852304 0.594102 1.900000 0.500000 -0.103253 1.567103 2.932166 0.534937 0.500000 -1.032166 0.500000 2.431858  -1   0  -1 
2455370.737660 15.597623 0.350855 1.200000 1.900000 -0.103253 -0.584551 -0.244561 0.860010 1.900000 1.444561 1.900000 2.431858  -1   0  -1 
2455370.742139 15.602102 0.350988 -4.800000 3.200000 -0.103253 -0.583442 -0.239688 -5.143754 3.200000 -4.560312 3.200000 2.431858  -1   0  -1 
2455372.810565 -15.959901 0.412493 0.700000 0.600000 -0.103253 -0.037715 1.779091 -1.116806 0.600000 -1.079091 0.600000 2.431858  -1   0  -1 
2455372.812926 -15.957540 0.412563 2.600000 0.700000 -0.103253 -0.037061 1.780947 0.781992 0.700000 0.819053 0.700000 2.431858  -1   0  -1 
2455372.815461 -15.955005 0.412639 -0.200000 0.700000 -0.103253 -0.036359 1.782938 -2.019298 0.700000 -1.982938 0.700000 2.431858  -1   0  -1 
2455372.817961 -15.952505 0.412713 0.000000 0.700000 -0.103253 -0.035667 1.784900 -1.820567 0.700000 -1.784900 0.700000 2.431858  -1   0  -1 
2455372.820334 -15.950132 0.412784 -0.700000 0.700000 -0.103253 -0.035010 1.786761 -2.521771 0.700000 -2.486761 0.700000 2.431858  -1   0  -1 
2455372.822846 -15.947620 0.412858 -2.000000 0.700000 -0.103253 -0.034314 1.788730 -3.823044 0.700000 -3.788730 0.700000 2.431858  -1   0  -1 
2455373.787027 -14.983439 0.441528 2.500000 0.700000 -0.103253 0.236282 2.400825 0.335457 0.700000 0.099175 0.700000 2.431858  -1   0  -1 
2455373.789654 -14.980812 0.441606 3.200000 0.600000 -0.103253 0.237026 2.402048 1.034979 0.600000 0.797952 0.600000 2.431858  -1   0  -1 
2455373.792363 -14.978103 0.441687 5.400000 0.700000 -0.103253 0.237794 2.403306 3.234488 0.700000 2.996694 0.700000 2.431858  -1   0  -1 
2455373.795117 -14.975349 0.441769 0.700000 0.700000 -0.103253 0.238575 2.404582 -1.466007 0.700000 -1.704582 0.700000 2.431858  -1   0  -1 
2455374.782319 -13.988147 0.471123 4.100000 0.800000 -0.103253 0.519268 2.650562 1.968706 0.800000 1.449438 0.800000 2.431858  -1   0  -1 
2455374.784842 -13.985624 0.471198 5.300000 0.800000 -0.103253 0.519985 2.650605 3.169379 0.800000 2.649395 0.800000 2.431858  -1   0  -1 
2455374.787307 -13.983159 0.471271 2.500000 0.700000 -0.103253 0.520685 2.650645 0.370040 0.700000 -0.150645 0.700000 2.431858  -1   0  -1 
2455374.789738 -13.980728 0.471344 2.600000 0.800000 -0.103253 0.521376 2.650681 0.470695 0.800000 -0.050681 0.800000 2.431858  -1   0  -1 
2455375.694460 -13.076006 0.498246 1.100000 0.700000 -0.103253 0.776346 2.455135 -0.578789 0.700000 -1.355135 0.700000 2.431858  -1   0  -1 
2455375.696914 -13.073552 0.498319 -0.500000 0.700000 -0.103253 0.777029 2.454037 -2.177008 0.700000 -2.954037 0.700000 2.431858  -1   0  -1 
2455375.699333 -13.071133 0.498391 1.000000 0.700000 -0.103253 0.777703 2.452953 -0.675250 0.700000 -1.452953 0.700000 2.431858  -1   0  -1 
2455375.701775 -13.068691 0.498463 0.900000 0.700000 -0.103253 0.778383 2.451855 -0.773472 0.700000 -1.551855 0.700000 2.431858  -1   0  -1 
2455376.666000 -12.104466 0.527134 2.300000 0.500000 -0.103253 1.040818 1.808335 1.532483 0.500000 0.491665 0.500000 2.431858  -1   0  -1 
2455376.671521 -12.098945 0.527298 1.300000 0.500000 -0.103253 1.042278 1.803616 0.538662 0.500000 -0.503616 0.500000 2.431858  -1   0  -1 
2455396.818485 8.048019 0.126368 -3.000000 0.400000 -0.103253 -1.648687 -3.328935 -1.319752 0.400000 0.328935 0.400000 2.431858  -1   0  -1 
2455399.794059 11.023593 0.214847 -1.600000 0.300000 -0.103253 -1.461607 -0.720687 -2.340920 0.300000 -0.879313 0.300000 2.431858  -1   0  -1 
2455401.724236 12.953770 0.272240 3.200000 0.500000 -0.103253 -1.162173 0.813067 1.224760 0.500000 2.386933 0.500000 2.431858  -1   0  -1 
2455403.744580 14.974114 0.332315 0.800000 0.400000 -0.103253 -0.735112 1.252849 -1.187960 0.400000 -0.452849 0.400000 2.431858  -1   0  -1 
2455407.739517 -14.661378 0.451105 0.300000 0.400000 -0.103253 0.327731 -1.641552 2.269284 0.400000 1.941552 0.400000 2.431858  -1   0  -1 
2455407.744366 -14.656529 0.451249 -0.200000 0.600000 -0.103253 0.329110 -1.643615 1.772726 0.600000 1.443615 0.600000 2.431858  -1   0  -1 
2455409.759906 -12.640989 0.511181 -0.900000 0.400000 -0.103253 0.896419 -1.457987 1.454407 0.400000 0.557987 0.400000 2.431858  -1   0  -1 
2455409.765438 -12.635457 0.511345 -1.500000 0.400000 -0.103253 0.897931 -1.454901 0.852833 0.400000 -0.045099 0.400000 2.431858  -1   0  -1 
2455411.702076 -10.698819 0.568931 1.000000 0.400000 -0.103253 1.388820 0.146328 2.242493 0.400000 0.853672 0.400000 2.431858  -1   0  -1 
2455411.707608 -10.693287 0.569096 1.100000 0.400000 -0.103253 1.390075 0.151881 2.338194 0.400000 0.948119 0.400000 2.431858  -1   0  -1 
2455413.741738 -8.659157 0.629581 2.500000 0.500000 -0.103253 1.760647 2.226163 2.034484 0.500000 0.273837 0.500000 2.431858  -1   0  -1 
2455413.747363 -8.653532 0.629748 3.900000 0.500000 -0.103253 1.761369 2.231557 3.429812 0.500000 1.668443 0.500000 2.431858  -1   0  -1 
2455423.671167 1.270272 0.924832 -3.900000 0.600000 -0.103253 -0.369635 -2.801466 -1.468169 0.600000 -1.098534 0.600000 2.431858  -1   0  -1 
2455423.675010 1.274115 0.924946 -4.000000 0.600000 -0.103253 -0.371034 -2.802370 -1.568664 0.600000 -1.197630 0.600000 2.431858  -1   0  -1 
2455423.678921 1.278026 0.925062 -4.400000 0.600000 -0.103253 -0.372458 -2.803284 -1.969174 0.600000 -1.596716 0.600000 2.431858  -1   0  -1 
2455424.623362 2.222467 0.953145 -4.200000 0.800000 -0.103253 -0.698515 -2.828215 -2.070300 0.800000 -1.371785 0.800000 2.431858  -1   0  -1 
2455424.627274 2.226379 0.953262 -5.000000 0.700000 -0.103253 -0.699784 -2.827586 -2.872199 0.700000 -2.172414 0.700000 2.431858  -1   0  -1 
2455424.631012 2.230117 0.953373 -4.600000 0.700000 -0.103253 -0.700996 -2.826979 -2.474017 0.700000 -1.773021 0.700000 2.431858  -1   0  -1 
2455425.571355 3.170460 0.981334 -3.600000 0.500000 -0.103253 -0.983571 -2.536088 -2.047483 0.500000 -1.063912 0.500000 2.431858  -1   0  -1 
2455425.575244 3.174349 0.981450 -2.900000 0.600000 -0.103253 -0.984643 -2.534386 -1.350257 0.600000 -0.365614 0.600000 2.431858  -1   0  -1 
2455425.579121 3.178226 0.981565 -3.100000 0.600000 -0.103253 -0.985710 -2.532686 -1.553024 0.600000 -0.567314 0.600000 2.431858  -1   0  -1 
2455427.718138 5.317243 0.045168 -2.000000 0.500000 -0.103253 -1.443146 -1.236618 -2.206528 0.500000 -0.763382 0.500000 2.431858  -1   0  -1 
2455427.721911 5.321016 0.045281 -2.400000 0.500000 -0.103253 -1.443717 -1.233989 -2.609728 0.500000 -1.166011 0.500000 2.431858  -1   0  -1 
2455427.725707 5.324812 0.045393 -0.700000 0.500000 -0.103253 -1.444291 -1.231344 -0.912946 0.500000 0.531344 0.500000 2.431858  -1   0  -1 
2455428.726322 6.325427 0.075147 -1.000000 0.500000 -0.103253 -1.566566 -0.542027 -2.024539 0.500000 -0.457973 0.500000 2.431858  -1   0  -1 
2455428.730153 6.329258 0.075261 -0.400000 0.400000 -0.103253 -1.566925 -0.539481 -1.427444 0.400000 0.139481 0.400000 2.431858  -1   0  -1 
2455428.733937 6.333042 0.075373 0.100000 0.500000 -0.103253 -1.567279 -0.536968 -0.930311 0.500000 0.636968 0.500000 2.431858  -1   0  -1 
2455435.654960 13.254065 0.281170 -3.400000 0.600000 -0.103253 -1.105329 -2.507470 -1.997859 0.600000 -0.892530 0.600000 2.431858  -1   0  -1 
2455436.663126 14.262231 0.311147 -5.600000 0.300000 -0.103253 -0.896970 -3.085531 -3.411439 0.300000 -2.514469 0.300000 2.431858  -1   0  -1 
2455436.668404 14.267509 0.311304 -5.900000 0.300000 -0.103253 -0.895813 -3.087138 -3.708675 0.300000 -2.812862 0.300000 2.431858  -1   0  -1 
2455437.672380 15.271485 0.341158 -6.300000 0.300000 -0.103253 -0.664267 -3.114125 -3.850142 0.300000 -3.185875 0.300000 2.431858  -1   0  -1 
2455437.677657 15.276762 0.341314 -6.400000 0.300000 -0.103253 -0.662993 -3.112858 -3.950135 0.300000 -3.287142 0.300000 2.431858  -1   0  -1 
2455438.708355 16.307460 0.371962 -3.600000 0.300000 -0.103253 -0.404403 -2.624605 -1.379798 0.300000 -0.975395 0.300000 2.431858  -1   0  -1 
2455438.713494 16.312599 0.372115 -3.700000 0.300000 -0.103253 -0.403068 -2.621103 -1.481965 0.300000 -1.078897 0.300000 2.431858  -1   0  -1 
2455439.730928 -16.300396 0.402368 -3.000000 0.300000 -0.103253 -0.131420 -1.771639 -1.359782 0.300000 -1.228361 0.300000 2.431858  -1   0  -1 
2455443.710245 -12.321079 0.520693 5.700000 0.400000 -0.103253 0.983093 2.498476 4.184617 0.400000 3.201524 0.400000 2.431858  -1   0  -1 
2455444.726089 -11.305235 0.550899 3.700000 0.300000 -0.103253 1.245241 3.277310 1.667931 0.300000 0.422690 0.300000 2.431858  -1   0  -1 
2455445.637866 -10.393458 0.578011 6.200000 0.200000 -0.103253 1.456422 3.661267 3.995156 0.200000 2.538733 0.200000 2.431858  -1   0  -1 
2455446.658848 -9.372476 0.608370 7.400000 0.500000 -0.103253 1.654069 3.613077 5.440992 0.500000 3.786923 0.500000 2.431858  -1   0  -1 
2455446.663928 -9.367396 0.608521 6.100000 0.500000 -0.103253 1.654928 3.611416 4.143512 0.500000 2.488584 0.500000 2.431858  -1   0  -1 
2455453.602871 -2.428453 0.814850 0.600000 0.400000 -0.103253 1.046401 -0.860316 2.506717 0.400000 1.460316 0.400000 2.431858  -1   0  -1 
2455453.606447 -2.424877 0.814957 0.800000 0.400000 -0.103253 1.045155 -0.859420 2.704576 0.400000 1.659420 0.400000 2.431858  -1   0  -1 
2455453.610092 -2.421232 0.815065 -0.500000 0.400000 -0.103253 1.043885 -0.858505 1.402390 0.400000 0.358505 0.400000 2.431858  -1   0  -1 
2455456.539745 0.508421 0.902178 1.100000 0.500000 -0.103253 -0.083214 0.335755 0.681030 0.500000 0.764245 0.500000 2.431858  -1   0  -1 
2455456.543147 0.511823 0.902279 2.400000 0.500000 -0.103253 -0.084527 0.337282 1.978191 0.500000 2.062718 0.500000 2.431858  -1   0  -1 
2455456.546504 0.515180 0.902379 3.000000 0.600000 -0.103253 -0.085822 0.338788 2.575390 0.600000 2.661212 0.600000 2.431858  -1   0  -1 
2455458.640176 2.608852 0.964634 1.600000 0.400000 -0.103253 -0.820282 1.056534 -0.276817 0.400000 0.543466 0.400000 2.431858  -1   0  -1 
2455458.645361 2.614037 0.964789 1.800000 0.400000 -0.103253 -0.821866 1.057412 -0.079278 0.400000 0.742588 0.400000 2.431858  -1   0  -1 
2455459.533232 3.501908 0.991189 4.500000 0.300000 -0.103253 -1.071883 1.099381 2.328736 0.300000 3.400619 0.300000 2.431858  -1   0  -1 
2455459.538208 3.506884 0.991337 1.800000 0.300000 -0.103253 -1.073162 1.098930 -0.372092 0.300000 0.701070 0.300000 2.431858  -1   0  -1 
2455480.529186 -9.132567 0.615504 -4.700000 0.500000 -0.103253 1.693128 -0.756735 -2.250137 0.500000 -3.943265 0.500000 2.431858  -1   0  -1 
2455480.532970 -9.128783 0.615616 -3.500000 0.400000 -0.103253 1.693719 -0.756145 -1.050136 0.400000 -2.743855 0.400000 2.431858  -1   0  -1 
2455480.536778 -9.124975 0.615729 -1.800000 0.500000 -0.103253 1.694313 -0.755545 0.649858 0.500000 -1.044455 0.500000 2.431858  -1   0  -1 
2455482.554786 -7.106967 0.675735 1.700000 0.400000 -0.103253 1.877558 0.216718 3.360841 0.400000 1.483282 0.400000 2.431858  -1   0  -1 
2455484.542056 -5.119697 0.734826 2.300000 0.500000 -0.103253 1.744982 1.683125 2.361857 0.500000 0.616875 0.500000 2.431858  -1   0  -1 
2455484.545828 -5.115925 0.734938 4.700000 0.500000 -0.103253 1.744403 1.685777 4.758626 0.500000 3.014223 0.500000 2.431858  -1   0  -1 
2455484.549671 -5.112082 0.735053 3.800000 0.500000 -0.103253 1.743812 1.688477 3.855335 0.500000 2.111523 0.500000 2.431858  -1   0  -1 
2455485.527184 -4.134569 0.764119 4.400000 0.400000 -0.103253 1.552558 2.313761 3.638797 0.400000 2.086239 0.400000 2.431858  -1   0  -1 
2455485.532971 -4.128782 0.764291 6.100000 0.400000 -0.103253 1.551190 2.317017 5.334173 0.400000 3.782983 0.400000 2.431858  -1   0  -1 
2455487.543214 -2.118539 0.824066 4.100000 0.400000 -0.103253 0.936218 2.954833 2.081385 0.400000 1.145167 0.400000 2.431858  -1   0  -1 
2455487.548897 -2.112856 0.824235 4.100000 0.400000 -0.103253 0.934158 2.954882 2.079276 0.400000 1.145118 0.400000 2.431858  -1   0  -1 
2455493.544252 3.882499 0.002506 -2.300000 0.400000 -0.103253 -1.165622 -3.201426 -0.264197 0.400000 0.901426 0.400000 2.431858  -1   0  -1 
2455493.550478 3.888725 0.002691 -3.100000 0.400000 -0.103253 -1.167087 -3.206996 -1.060091 0.400000 0.106996 0.400000 2.431858  -1   0  -1 
2455495.535877 5.874124 0.061727 -3.000000 0.400000 -0.103253 -1.518492 -3.852673 -0.665819 0.400000 0.852673 0.400000 2.431858  -1   0  -1 
2455495.541664 5.879911 0.061899 -3.000000 0.400000 -0.103253 -1.519181 -3.851564 -0.667618 0.400000 0.851564 0.400000 2.431858  -1   0  -1 
2455498.517820 8.856067 0.150395 -1.400000 0.700000 -0.103253 -1.635888 -1.962432 -1.073456 0.700000 0.562432 0.700000 2.431858  -1   0  -1 
2455498.523445 8.861692 0.150563 -0.800000 0.600000 -0.103253 -1.635692 -1.957421 -0.478271 0.600000 1.157421 0.600000 2.431858  -1   0  -1 
2455500.544007 10.882254 0.210644 -1.600000 0.300000 -0.103253 -1.478600 -0.166574 -2.912026 0.300000 -1.433426 0.300000 2.431858  -1   0  -1 
2455500.549389 10.887636 0.210804 -1.600000 0.400000 -0.103253 -1.477966 -0.162196 -2.915770 0.400000 -1.437804 0.400000 2.431858  -1   0  -1 
2455501.547102 11.885349 0.240471 -1.800000 0.300000 -0.103253 -1.342827 0.558787 -3.701615 0.300000 -2.358787 0.300000 2.431858  -1   0  -1 
2455501.552738 11.890985 0.240639 -2.600000 0.300000 -0.103253 -1.341968 0.562234 -4.504202 0.300000 -3.162234 0.300000 2.431858  -1   0  -1 
2455505.514789 15.853036 0.358450 -1.300000 0.300000 -0.103253 -0.520734 -0.084792 -1.735941 0.300000 -1.215208 0.300000 2.431858  -1   0  -1 
2455505.520425 15.858672 0.358618 -1.000000 0.300000 -0.103253 -0.519312 -0.090063 -1.429250 0.300000 -0.909937 0.300000 2.431858  -1   0  -1 
2455507.517142 -15.775039 0.417990 -4.500000 0.300000 -0.103253 0.013625 -1.791342 -2.695032 0.300000 -2.708658 0.300000 2.431858  -1   0  -1 
2455507.522824 -15.769357 0.418159 -6.000000 0.300000 -0.103253 0.015208 -1.794399 -4.190393 0.300000 -4.205601 0.300000 2.431858  -1   0  -1 
2455509.518050 -13.774131 0.477487 -3.700000 0.400000 -0.103253 0.580001 -1.829809 -1.290189 0.400000 -1.870191 0.400000 2.431858  -1   0  -1 
2455509.523524 -13.768657 0.477650 -3.500000 0.400000 -0.103253 0.581553 -1.827222 -1.091226 0.400000 -1.672778 0.400000 2.431858  -1   0  -1 
2455511.516449 -11.775732 0.536909 -2.400000 0.400000 -0.103253 1.126679 -0.251937 -1.021384 0.400000 -2.148063 0.400000 2.431858  -1   0  -1 
2455511.521935 -11.770246 0.537072 -2.800000 0.400000 -0.103253 1.128093 -0.246397 -1.425510 0.400000 -2.553603 0.400000 2.431858  -1   0  -1 
2455513.504562 -9.787619 0.596026 1.000000 0.400000 -0.103253 1.579475 1.852553 0.726921 0.400000 -0.852553 0.400000 2.431858  -1   0  -1 
2455513.510244 -9.781937 0.596195 1.200000 0.400000 -0.103253 1.580552 1.858429 0.922123 0.400000 -0.658429 0.400000 2.431858  -1   0  -1 
2455514.505835 -8.786346 0.625799 0.400000 0.300000 -0.103253 1.743811 2.822391 -0.678579 0.300000 -2.422391 0.300000 2.431858  -1   0  -1 
2455514.511356 -8.780825 0.625963 0.800000 0.300000 -0.103253 1.744563 2.827272 -0.282709 0.300000 -2.027272 0.300000 2.431858  -1   0  -1 
2455519.503938 -3.788243 0.774417 3.400000 0.500000 -0.103253 1.466091 2.242973 2.623118 0.500000 1.157027 0.500000 2.431858  -1   0  -1 
2455519.508811 -3.783370 0.774562 4.000000 0.500000 -0.103253 1.464809 2.236249 3.228559 0.500000 1.763751 0.500000 2.431858  -1   0  -1 
2455523.508036 0.215855 0.893479 1.800000 0.400000 -0.103253 0.030526 -2.415785 4.246311 0.400000 4.215785 0.400000 2.431858  -1   0  -1 
2455523.513036 0.220855 0.893627 2.000000 0.400000 -0.103253 0.028569 -2.417447 4.446017 0.400000 4.417447 0.400000 2.431858  -1   0  -1 
2455524.521481 1.229300 0.923614 1.600000 0.300000 -0.103253 -0.354681 -2.528722 3.774041 0.300000 4.128722 0.300000 2.431858  -1   0  -1 
2455524.526446 1.234265 0.923761 2.100000 0.300000 -0.103253 -0.356496 -2.528272 4.271776 0.300000 4.628272 0.300000 2.431858  -1   0  -1 
2455653.900831 -3.913066 0.770705 -0.800000 0.400000 -0.103253 1.498322 -0.209569 0.907891 0.400000 -0.590431 0.400000 2.431858  -1   0  -1 
2455653.906410 -3.907487 0.770871 0.500000 0.400000 -0.103253 1.496907 -0.207246 2.204153 0.400000 0.707246 0.400000 2.431858  -1   0  -1 
2455654.900357 -2.913540 0.800426 0.800000 0.400000 -0.103253 1.209225 0.253504 1.755721 0.400000 0.546496 0.400000 2.431858  -1   0  -1 
2455654.905936 -2.907961 0.800592 1.300000 0.400000 -0.103253 1.207427 0.256261 2.251166 0.400000 1.043739 0.400000 2.431858  -1   0  -1 
2455657.909222 0.095325 0.889895 -0.300000 0.300000 -0.103253 0.077795 1.547771 -1.769977 0.300000 -1.847771 0.300000 2.431858  -1   0  -1 
2455657.914813 0.100916 0.890061 -0.700000 0.300000 -0.103253 0.075598 1.549213 -2.173615 0.300000 -2.249213 0.300000 2.431858  -1   0  -1 
2455659.907949 2.094052 0.949327 0.500000 0.400000 -0.103253 -0.656449 1.548397 -1.704846 0.400000 -1.048397 0.400000 2.431858  -1   0  -1 
2455659.913540 2.099643 0.949493 -0.700000 0.400000 -0.103253 -0.658296 1.546554 -2.904850 0.400000 -2.246554 0.400000 2.431858  -1   0  -1 
2455660.901884 3.087987 0.978882 -0.600000 0.300000 -0.103253 -0.960652 1.011267 -2.571919 0.300000 -1.611267 0.300000 2.431858  -1   0  -1 
2455662.902485 5.088588 0.038369 -0.700000 0.500000 -0.103253 -1.407000 -1.280913 -0.826087 0.500000 0.580913 0.500000 2.431858  -1   0  -1 
2455662.908180 5.094283 0.038539 -1.100000 0.500000 -0.103253 -1.407938 -1.288816 -1.219122 0.500000 0.188816 0.500000 2.431858  -1   0  -1 
2455663.839263 6.025366 0.066224 -2.700000 0.900000 -0.103253 -1.535884 -2.540326 -1.695558 0.900000 -0.159674 0.900000 2.431858  -1   0  -1 
2455672.897729 15.083832 0.335578 -0.000000 0.300000 -0.103253 -0.709184 1.161942 -1.871126 0.300000 -1.161942 0.300000 2.431858  -1   0  -1 
2455672.902775 15.088878 0.335728 0.100000 0.300000 -0.103253 -0.707985 1.165553 -1.773538 0.300000 -1.065553 0.300000 2.431858  -1   0  -1 
2455675.905453 -15.538873 0.425012 -2.200000 0.200000 -0.103253 0.079627 1.575890 -3.696264 0.200000 -3.775890 0.200000 2.431858  -1   0  -1 
2455679.879903 -11.564423 0.543193 -3.400000 0.300000 -0.103253 1.180611 -1.168253 -1.051136 0.300000 -2.231747 0.300000 2.431858  -1   0  -1 
2455679.885123 -11.559203 0.543348 -4.100000 0.300000 -0.103253 1.181930 -1.168614 -1.749456 0.300000 -2.931386 0.300000 2.431858  -1   0  -1 
2455712.893679 -12.181075 0.524856 0.600000 0.300000 -0.103253 1.020499 0.785078 0.835421 0.300000 -0.185078 0.300000 2.431858  -1   0  -1 
2455715.864679 -9.210075 0.613199 4.700000 0.700000 -0.103253 1.680850 3.604238 2.776612 0.700000 1.095762 0.700000 2.431858  -1   0  -1 
2455715.867376 -9.207378 0.613279 4.200000 0.700000 -0.103253 1.681283 3.605871 2.275412 0.700000 0.594129 0.700000 2.431858  -1   0  -1 
2455715.869992 -9.204762 0.613357 4.600000 0.700000 -0.103253 1.681702 3.607453 2.674249 0.700000 0.992547 0.700000 2.431858  -1   0  -1 
2455715.872747 -9.202007 0.613439 4.200000 0.700000 -0.103253 1.682143 3.609116 2.273028 0.700000 0.590884 0.700000 2.431858  -1   0  -1 
2455735.809170 10.734416 0.206248 -3.700000 0.300000 -0.103253 -1.495590 -3.070199 -2.125392 0.300000 -0.629801 0.300000 2.431858  -1   0  -1 
2455754.777241 -3.927942 0.770263 2.200000 0.500000 -0.103253 1.502085 0.452689 3.249396 0.500000 1.747311 0.500000 2.431858  -1   0  -1 
2455755.755721 -2.949462 0.799358 1.000000 0.400000 -0.103253 1.220757 0.992318 1.228439 0.400000 0.007682 0.400000 2.431858  -1   0  -1 
2455769.736300 11.031117 0.215070 -1.000000 0.300000 -0.103253 -1.460682 -1.949038 -0.511644 0.300000 0.949038 0.300000 2.431858  -1   0  -1 
2455769.742075 11.036892 0.215242 -1.400000 0.400000 -0.103253 -1.459971 -1.943412 -0.916559 0.400000 0.543412 0.400000 2.431858  -1   0  -1 
2455776.628483 -15.707129 0.420009 0.200000 0.400000 -0.103253 0.032559 0.808139 -0.575579 0.400000 -0.608139 0.400000 2.431858  -1   0  -1 
2455782.624998 -9.710614 0.598315 1.200000 0.400000 -0.103253 1.593948 -0.002524 2.796472 0.400000 1.202524 0.400000 2.431858  -1   0  -1 
2455784.737667 -7.597945 0.661136 4.400000 0.300000 -0.103253 1.859540 1.984243 4.275298 0.300000 2.415757 0.300000 2.431858  -1   0  -1 
2455801.526698 9.191086 0.160357 0.600000 0.600000 -0.103253 -1.621759 0.280923 -1.302682 0.600000 0.319077 0.600000 2.431858  -1   0  -1 
2455801.531628 9.196016 0.160504 -0.100000 0.600000 -0.103253 -1.621514 0.283428 -2.004942 0.600000 -0.383428 0.600000 2.431858  -1   0  -1 
2455804.632333 12.296721 0.252703 -1.800000 0.600000 -0.103253 -1.277424 0.074631 -3.152055 0.600000 -1.874631 0.600000 2.431858  -1   0  -1 
2455804.637669 12.302057 0.252862 -1.100000 0.500000 -0.103253 -1.276541 0.070656 -2.447197 0.500000 -1.170656 0.500000 2.431858  -1   0  -1 
2455807.626267 15.290655 0.341728 0.400000 0.500000 -0.103253 -0.659638 -2.568194 2.308555 0.500000 2.968194 0.500000 2.431858  -1   0  -1 
2455807.631162 15.295550 0.341873 0.500000 0.400000 -0.103253 -0.658455 -2.570691 2.412235 0.400000 3.070691 0.400000 2.431858  -1   0  -1 
2455810.581550 -15.384491 0.429603 -2.800000 0.400000 -0.103253 0.122990 -1.863380 -0.813630 0.400000 -0.936620 0.400000 2.431858  -1   0  -1 
2455810.586723 -15.379318 0.429757 -1.900000 0.400000 -0.103253 0.124446 -1.859009 0.083454 0.400000 -0.040991 0.400000 2.431858  -1   0  -1 
2455816.587002 -9.379039 0.608175 1.700000 0.500000 -0.103253 1.652957 3.813076 -0.460119 0.500000 -2.113076 0.500000 2.431858  -1   0  -1 
2455816.590578 -9.375463 0.608281 2.400000 0.400000 -0.103253 1.653563 3.814366 0.239197 0.400000 -1.414366 0.400000 2.431858  -1   0  -1 
2455816.594154 -9.371887 0.608388 1.900000 0.400000 -0.103253 1.654169 3.815650 -0.261482 0.400000 -1.915650 0.400000 2.431858  -1   0  -1 
2455834.622073 8.656032 0.144447 -2.700000 0.300000 -0.103253 -1.641906 -1.889867 -2.452039 0.300000 -0.810133 0.300000 2.431858  -1   0  -1 
2455834.627593 8.661552 0.144611 -3.600000 0.300000 -0.103253 -1.641765 -1.896525 -3.345239 0.300000 -1.703475 0.300000 2.431858  -1   0  -1 
2455836.585712 10.619671 0.202836 -4.400000 0.300000 -0.103253 -1.508217 -3.671442 -2.236775 0.300000 -0.728558 0.300000 2.431858  -1   0  -1 
2455836.591440 10.625399 0.203006 -5.300000 0.300000 -0.103253 -1.507598 -3.673967 -3.133631 0.300000 -1.626033 0.300000 2.431858  -1   0  -1 
2455839.585007 13.618966 0.292020 -3.100000 0.500000 -0.103253 -1.032936 -2.751540 -1.381396 0.500000 -0.348460 0.500000 2.431858  -1   0  -1 
2455839.590794 13.624753 0.292192 -2.800000 0.500000 -0.103253 -1.031759 -2.746505 -1.085254 0.500000 -0.053495 0.500000 2.431858  -1   0  -1 
2455842.549547 16.583506 0.380170 2.500000 0.500000 -0.103253 -0.332130 0.353939 1.813931 0.500000 2.146061 0.500000 2.431858  -1   0  -1 
2455842.555033 16.588992 0.380334 2.700000 0.400000 -0.103253 -0.330683 0.359822 2.009496 0.400000 2.340178 0.400000 2.431858  -1   0  -1 
2455845.575633 -14.020837 0.470151 5.300000 0.500000 -0.103253 0.509979 2.714523 3.095455 0.500000 2.585477 0.500000 2.431858  -1   0  -1 
2455845.581258 -14.015212 0.470318 5.100000 0.500000 -0.103253 0.511577 2.716208 2.895370 0.500000 2.383792 0.500000 2.431858  -1   0  -1 
2455870.498785 10.902315 0.211240 -3.100000 0.400000 -0.103253 -1.476232 -1.306165 -3.270068 0.400000 -1.793835 0.400000 2.431858  -1   0  -1 
2455870.504422 10.907952 0.211408 -2.300000 0.400000 -0.103253 -1.475565 -1.300707 -2.474857 0.400000 -0.999293 0.400000 2.431858  -1   0  -1 
2455874.532217 14.935747 0.331174 1.300000 0.500000 -0.103253 -0.744119 1.432607 -0.876726 0.500000 -0.132607 0.500000 2.431858  -1   0  -1 
2455874.537437 14.940967 0.331330 3.300000 0.700000 -0.103253 -0.742895 1.432976 1.124129 0.700000 1.867024 0.700000 2.431858  -1   0  -1 
2455878.549549 -14.677350 0.450630 3.500000 0.700000 -0.103253 0.323190 -1.149688 4.972878 0.700000 4.649688 0.700000 2.431858  -1   0  -1 
2455878.554965 -14.671934 0.450791 5.200000 0.700000 -0.103253 0.324730 -1.153462 6.678192 0.700000 6.353462 0.700000 2.431858  -1   0  -1 
2456020.892743 -6.855871 0.683201 3.600000 0.400000 -0.103253 1.879378 0.946092 4.533286 0.400000 2.653908 0.400000 2.431858  -1   0  -1 
2456020.898160 -6.850454 0.683362 3.600000 0.400000 -0.103253 1.879360 0.939850 4.539511 0.400000 2.660150 0.400000 2.431858  -1   0  -1 
2456022.889397 -4.859217 0.742572 -0.500000 0.500000 -0.103253 1.702111 -0.695988 1.898098 0.500000 0.195988 0.500000 2.431858  -1   0  -1 
2456022.894884 -4.853730 0.742735 -1.400000 0.600000 -0.103253 1.701145 -0.698204 0.999349 0.600000 -0.701796 0.600000 2.431858  -1   0  -1 
2456024.891353 -2.857261 0.802100 -3.100000 0.400000 -0.103253 1.191004 -0.772449 -1.136547 0.400000 -2.327551 0.400000 2.431858  -1   0  -1 
2456024.897048 -2.851566 0.802269 -2.600000 0.400000 -0.103253 1.189150 -0.771032 -0.639818 0.400000 -1.828968 0.400000 2.431858  -1   0  -1 
2456028.922257 1.173643 0.921959 0.500000 0.300000 -0.103253 -0.334277 0.869107 -0.703383 0.300000 -0.369107 0.300000 2.431858  -1   0  -1 
2456029.892891 2.144277 0.950820 0.500000 0.500000 -0.103253 -0.672993 1.138318 -1.311311 0.500000 -0.638318 0.500000 2.431858  -1   0  -1 
2456029.898354 2.149740 0.950983 0.000000 0.500000 -0.103253 -0.674786 1.139322 -1.814107 0.500000 -1.139322 0.500000 2.431858  -1   0  -1 
2456031.852968 4.104354 0.009103 1.300000 0.400000 -0.103253 -1.216413 0.920726 -0.837138 0.400000 0.379274 0.400000 2.431858  -1   0  -1 
2456052.857065 -8.521978 0.633660 -2.600000 0.400000 -0.103253 1.777682 -0.479210 -0.343108 0.400000 -2.120790 0.400000 2.431858  -1   0  -1 
2456052.862482 -8.516561 0.633821 -1.800000 0.400000 -0.103253 1.778330 -0.476444 0.454774 0.400000 -1.323556 0.400000 2.431858  -1   0  -1 
2456053.851639 -7.527404 0.663233 -3.000000 0.400000 -0.103253 1.863273 0.142771 -1.279498 0.400000 -3.142771 0.400000 2.431858  -1   0  -1 
2456053.857114 -7.521929 0.663396 0.900000 0.400000 -0.103253 1.863547 0.146692 2.616855 0.400000 0.753308 0.400000 2.431858  -1   0  -1 
2456054.839916 -6.539127 0.692620 -2.200000 0.300000 -0.103253 1.874251 0.893970 -1.219719 0.300000 -3.093970 0.300000 2.431858  -1   0  -1 
2456055.886865 -5.492178 0.723751 -0.400000 0.300000 -0.103253 1.795993 1.699459 -0.303466 0.300000 -2.099459 0.300000 2.431858  -1   0  -1 
2456056.818146 -4.560897 0.751442 2.000000 0.400000 -0.103253 1.645852 2.331207 1.314645 0.400000 -0.331207 0.400000 2.431858  -1   0  -1 
2456056.823714 -4.555329 0.751608 1.800000 0.400000 -0.103253 1.644730 2.334587 1.110143 0.400000 -0.534587 0.400000 2.431858  -1   0  -1 
2456078.843392 -16.166079 0.406362 2.600000 0.300000 -0.103253 -0.094598 -1.850451 4.355853 0.300000 4.450451 0.300000 2.431858  -1   0  -1 
2456078.849075 -16.160396 0.406531 2.300000 0.300000 -0.103253 -0.093036 -1.853689 4.060653 0.300000 4.153689 0.300000 2.431858  -1   0  -1 
2456081.832748 -13.176723 0.495251 0.600000 0.400000 -0.103253 0.748252 -1.323031 2.671282 0.400000 1.923031 0.400000 2.431858  -1   0  -1 
2456081.838651 -13.170820 0.495426 0.300000 0.300000 -0.103253 0.749901 -1.318311 2.368211 0.300000 1.618311 0.300000 2.431858  -1   0  -1 
2456085.820521 -9.188950 0.613827 3.400000 0.400000 -0.103253 1.684229 2.709619 2.374610 0.400000 0.690381 0.400000 2.431858  -1   0  -1 
2456085.826250 -9.183221 0.613997 4.100000 0.500000 -0.103253 1.685141 2.714874 3.070268 0.500000 1.385126 0.500000 2.431858  -1   0  -1 
2456088.742747 -6.266724 0.700719 5.500000 0.300000 -0.103253 1.863053 4.048530 3.314523 0.300000 1.451470 0.300000 2.431858  -1   0  -1 
2456092.900369 -2.109102 0.824346 -0.000000 0.300000 -0.103253 0.932797 -0.618607 1.551404 0.300000 0.618607 0.300000 2.431858  -1   0  -1 
2456115.815540 -12.824360 0.505728 3.600000 0.400000 -0.103253 0.846081 2.761023 1.685058 0.400000 0.838977 0.400000 2.431858  -1   0  -1 
2456118.809984 -9.829916 0.594768 6.100000 0.300000 -0.103253 1.571407 2.998535 4.672872 0.300000 3.101465 0.300000 2.431858  -1   0  -1 
2456121.820367 -6.819533 0.684282 2.900000 0.700000 -0.103253 1.879214 0.022863 4.756351 0.700000 2.877137 0.700000 2.431858  -1   0  -1 
2456149.686124 -12.584205 0.512869 -1.200000 0.400000 -0.103253 0.911916 -0.280300 -0.007784 0.400000 -0.919700 0.400000 2.431858  -1   0  -1 
2456154.723489 -7.546840 0.662655 5.400000 0.400000 -0.103253 1.862282 0.794036 6.468246 0.400000 4.605964 0.400000 2.431858  -1   0  -1 
2456154.728442 -7.541887 0.662803 6.200000 0.600000 -0.103253 1.862537 0.798267 7.264270 0.600000 5.401733 0.600000 2.431858  -1   0  -1 
2456166.527551 4.257222 0.013649 -4.500000 0.300000 -0.103253 -1.249741 -3.673789 -2.075952 0.300000 -0.826211 0.300000 2.431858  -1   0  -1 
2456168.609469 6.339140 0.075555 -4.900000 0.500000 -0.103253 -1.567848 -2.946506 -3.521341 0.500000 -1.953494 0.500000 2.431858  -1   0  -1 
2456168.615105 6.344776 0.075722 -4.000000 0.400000 -0.103253 -1.568371 -2.942791 -2.625580 0.400000 -1.057209 0.400000 2.431858  -1   0  -1 
2456171.510563 9.240234 0.161818 1.200000 0.300000 -0.103253 -1.619268 -0.607361 0.188093 0.300000 1.807361 0.300000 2.431858  -1   0  -1 
2456173.694840 11.424511 0.226768 5.800000 0.400000 -0.103253 -1.409523 0.749055 3.641422 0.400000 5.050945 0.400000 2.431858  -1   0  -1 
2456181.612869 -14.287889 0.462210 2.900000 0.300000 -0.103253 0.434014 -1.740795 5.074809 0.300000 4.640795 0.300000 2.431858  -1   0  -1 
2456186.623747 -9.277011 0.611209 7.200000 0.300000 -0.103253 1.669983 3.255698 5.614285 0.300000 3.944302 0.300000 2.431858  -1   0  -1 
2456189.666838 -6.233920 0.701695 6.100000 0.900000 -0.103253 1.861274 3.706875 4.254400 0.900000 2.393125 0.900000 2.431858  -1   0  -1 
2456190.592865 -5.307893 0.729230 3.100000 0.400000 -0.103253 1.772277 2.858174 2.014103 0.400000 0.241826 0.400000 2.431858  -1   0  -1 
2456190.598548 -5.302210 0.729399 2.100000 0.400000 -0.103253 1.771498 2.851591 1.019907 0.400000 -0.751591 0.400000 2.431858  -1   0  -1 
2456195.586272 -0.314486 0.877709 1.700000 0.500000 -0.103253 0.239662 -2.060480 4.000142 0.500000 3.760480 0.500000 2.431858  -1   0  -1 
2456195.591793 -0.308965 0.877873 1.200000 0.500000 -0.103253 0.237474 -2.060740 3.498214 0.500000 3.260740 0.500000 2.431858  -1   0  -1 
2456198.564091 2.663333 0.966254 8.300000 0.600000 -0.103253 -0.836850 -1.078339 8.541489 0.600000 9.378339 0.600000 2.431858  -1   0  -1 
2456198.569866 2.669108 0.966426 8.700000 0.600000 -0.103253 -0.838597 -1.075137 8.936540 0.600000 9.775137 0.600000 2.431858  -1   0  -1 
2456204.547188 8.646430 0.144162 3.800000 0.400000 -0.103253 -1.642149 -0.240872 2.398723 0.400000 4.040872 0.400000 2.431858  -1   0  -1 
2456205.523197 9.622439 0.173183 0.900000 0.200000 -0.103253 -1.596335 -1.233645 0.537310 0.200000 2.133645 0.200000 2.431858  -1   0  -1 
2456208.615737 12.714979 0.265140 -0.500000 0.500000 -0.103253 -1.205541 -3.609453 1.903912 0.500000 3.109453 0.500000 2.431858  -1   0  -1 
2456209.540800 13.640042 0.292647 2.500000 0.500000 -0.103253 -1.028647 -3.422992 4.894345 0.500000 5.922992 0.500000 2.431858  -1   0  -1 
2456210.532155 14.631397 0.322125 2.300000 0.400000 -0.103253 -0.814448 -2.811520 4.297071 0.400000 5.111520 0.400000 2.431858  -1   0  -1 
2456212.523498 16.622740 0.381337 7.600000 0.200000 -0.103253 -0.321767 -0.841075 8.119308 0.200000 8.441075 0.200000 2.431858  -1   0  -1 
2456217.523649 -12.007538 0.530016 8.100000 0.400000 -0.103253 1.066365 3.210821 5.955544 0.400000 4.889179 0.400000 2.431858  -1   0  -1 
2456217.529482 -12.001705 0.530190 9.800000 0.400000 -0.103253 1.067896 3.210941 7.656955 0.400000 6.589059 0.400000 2.431858  -1   0  -1 
2456218.587951 -10.943236 0.561663 9.400000 0.400000 -0.103253 1.332345 2.936061 7.796284 0.400000 6.463939 0.400000 2.431858  -1   0  -1 
2456219.500319 -10.030868 0.588793 8.400000 0.200000 -0.103253 1.531964 2.253364 7.678600 0.200000 6.146636 0.200000 2.431858  -1   0  -1 
2456220.491327 -9.039860 0.618260 6.000000 0.400000 -0.103253 1.707376 1.233467 6.473908 0.400000 4.766533 0.400000 2.431858  -1   0  -1 
2456220.514069 -9.017118 0.618937 5.400000 0.300000 -0.103253 1.710797 1.209187 5.901610 0.300000 4.190813 0.300000 2.431858  -1   0  -1 
2456409.867093 12.183762 0.249344 2.600000 0.600000 -0.103253 -1.295918 -3.592088 4.896170 0.600000 6.192088 0.600000 2.431858  -1   0  -1 
2456409.872719 12.189388 0.249511 2.400000 0.600000 -0.103253 -1.295006 -3.589188 4.694181 0.600000 5.989188 0.600000 2.431858  -1   0  -1 
2456410.795661 13.112330 0.276955 4.100000 3.300000 -0.103253 -1.132473 -2.964112 5.931639 3.300000 7.064112 3.300000 2.431858  -1   0  -1 
2456410.804261 13.120930 0.277211 8.100000 2.400000 -0.103253 -1.130842 -2.957074 9.926232 2.400000 11.057074 2.400000 2.431858  -1   0  -1 
2456416.824768 -14.488992 0.456231 5.500000 0.600000 -0.103253 0.376775 2.575022 3.301753 0.600000 2.924978 0.600000 2.431858  -1   0  -1 
2456416.828565 -14.485195 0.456343 7.100000 0.500000 -0.103253 0.377855 2.576386 4.901469 0.500000 4.523614 0.500000 2.431858  -1   0  -1 
2456416.832443 -14.481317 0.456459 6.300000 0.600000 -0.103253 0.378959 2.577774 4.101185 0.600000 3.722226 0.600000 2.431858  -1   0  -1 
2456432.884915 1.571155 0.933779 3.100000 0.400000 -0.103253 -0.477575 1.104709 1.517716 0.400000 1.995291 0.400000 2.431858  -1   0  -1 
2456432.890124 1.576364 0.933933 2.800000 0.500000 -0.103253 -0.479413 1.098768 1.221819 0.500000 1.701232 0.500000 2.431858  -1   0  -1 
2456433.905268 2.591508 0.964119 5.500000 0.700000 -0.103253 -0.814976 -0.248999 4.934023 0.700000 5.748999 0.700000 2.431858  -1   0  -1 
2456433.910395 2.596635 0.964271 3.600000 0.800000 -0.103253 -0.816546 -0.256539 3.039992 0.800000 3.856539 0.800000 2.431858  -1   0  -1 
2456434.892458 3.578698 0.993473 2.200000 0.500000 -0.103253 -1.091463 -1.724829 2.833366 0.500000 3.924829 0.500000 2.431858  -1   0  -1 
2456434.898129 3.584369 0.993641 3.800000 0.500000 -0.103253 -1.092895 -1.733076 4.440180 0.500000 5.533076 0.500000 2.431858  -1   0  -1 
2456437.889188 6.575428 0.082581 0.400000 0.400000 -0.103253 -1.588296 -4.018939 2.830643 0.400000 4.418939 0.400000 2.431858  -1   0  -1 
2456437.894720 6.580960 0.082745 0.800000 0.400000 -0.103253 -1.588738 -4.018644 3.229906 0.400000 4.818644 0.400000 2.431858  -1   0  -1 
2456438.860772 7.547012 0.111471 0.900000 0.300000 -0.103253 -1.640725 -3.756469 3.015745 0.300000 4.656469 0.300000 2.431858  -1   0  -1 
2456441.860316 10.546556 0.200662 0.200000 0.400000 -0.103253 -1.516003 -1.366131 0.050127 0.400000 1.566131 0.400000 2.431858  -1   0  -1 
2456454.832361 -10.111828 0.586385 2.300000 0.400000 -0.103253 1.515571 0.553817 3.261754 0.400000 1.746183 0.400000 2.431858  -1   0  -1 
2456454.837894 -10.106295 0.586550 3.200000 0.400000 -0.103253 1.516700 0.559460 4.157240 0.400000 2.640540 0.400000 2.431858  -1   0  -1 
2456467.823190 2.879001 0.972667 -0.600000 0.600000 -0.103253 -0.900922 -2.800778 1.299856 0.600000 2.200778 0.600000 2.431858  -1   0  -1 
2456467.826929 2.882740 0.972779 1.000000 0.600000 -0.103253 -0.902011 -2.799618 2.897607 0.600000 3.799618 0.600000 2.431858  -1   0  -1 
2456467.830702 2.886513 0.972891 0.400000 0.600000 -0.103253 -0.903109 -2.798443 2.295333 0.600000 3.198443 0.600000 2.431858  -1   0  -1 
2456473.860840 8.916651 0.152197 1.900000 0.500000 -0.103253 -1.633705 0.554565 -0.288270 0.500000 1.345435 0.500000 2.431858  -1   0  -1 
2456473.864821 8.920632 0.152315 1.400000 0.500000 -0.103253 -1.633556 0.555184 -0.788739 0.500000 0.844816 0.500000 2.431858  -1   0  -1 
2456473.868595 8.924406 0.152427 0.700000 0.500000 -0.103253 -1.633414 0.555765 -1.489179 0.500000 0.144235 0.500000 2.431858  -1   0  -1 
2456480.776552 15.832363 0.357835 0.100000 0.500000 -0.103253 -0.525943 -2.951920 2.525978 0.500000 3.051920 0.500000 2.431858  -1   0  -1 
2456480.782281 15.838092 0.358006 -1.300000 0.500000 -0.103253 -0.524500 -2.949630 1.125130 0.500000 1.649630 0.500000 2.431858  -1   0  -1 
2456481.631506 16.687317 0.383257 -1.100000 0.600000 -0.103253 -0.304661 -2.460387 1.055726 0.600000 1.360387 0.600000 2.431858  -1   0  -1 
2456481.637189 16.693000 0.383426 -1.400000 0.600000 -0.103253 -0.303152 -2.456214 0.753062 0.600000 1.056214 0.600000 2.431858  -1   0  -1 
2456501.599929 3.025312 0.977018 5.300000 0.300000 -0.103253 -0.942986 1.015271 3.341743 0.300000 4.284729 0.300000 2.431858  -1   0  -1 
2456523.744316 -8.460730 0.635481 1.600000 0.300000 -0.103253 1.784902 -0.621573 4.006475 0.300000 2.221573 0.300000 2.431858  -1   0  -1 
2456524.691276 -7.513770 0.663639 2.200000 0.400000 -0.103253 1.863951 -0.189012 4.252963 0.400000 2.389012 0.400000 2.431858  -1   0  -1 
2456524.696693 -7.508353 0.663800 1.600000 0.400000 -0.103253 1.864216 -0.185875 3.650091 0.400000 1.785875 0.400000 2.431858  -1   0  -1 
2456525.743740 -6.461306 0.694934 1.700000 0.300000 -0.103253 1.871699 0.506949 3.064750 0.300000 1.193051 0.300000 2.431858  -1   0  -1 
2456569.534062 3.698587 0.997038 1.500000 0.500000 -0.103253 -1.121360 -1.729861 2.108501 0.500000 3.229861 0.500000 2.431858  -1   0  -1 
2456585.564665 -13.901239 0.473707 4.800000 0.400000 -0.103253 0.543950 1.400931 3.943019 0.400000 3.399069 0.400000 2.431858  -1   0  -1 
2456585.568473 -13.897431 0.473821 3.600000 0.400000 -0.103253 0.545031 1.405005 2.740026 0.400000 2.194995 0.400000 2.431858  -1   0  -1 
2456585.572350 -13.893554 0.473936 3.900000 0.400000 -0.103253 0.546131 1.409150 3.036981 0.400000 2.490850 0.400000 2.431858  -1   0  -1 
2456586.547688 -12.918216 0.502937 3.500000 0.500000 -0.103253 0.820154 2.377632 1.942523 0.500000 1.122368 0.500000 2.431858  -1   0  -1 
2456586.551530 -12.914374 0.503052 3.300000 0.500000 -0.103253 0.821218 2.381084 1.740134 0.500000 0.918916 0.500000 2.431858  -1   0  -1 
2456586.555442 -12.910462 0.503168 2.500000 0.500000 -0.103253 0.822300 2.384595 0.937705 0.500000 0.115405 0.500000 2.431858  -1   0  -1 
2456590.510961 -8.954943 0.620785 4.600000 0.700000 -0.103253 1.719998 2.858043 3.461954 0.700000 1.741957 0.700000 2.431858  -1   0  -1 
2456590.514943 -8.950961 0.620904 6.200000 0.800000 -0.103253 1.720579 2.854637 5.065942 0.800000 3.345363 0.800000 2.431858  -1   0  -1 
2456590.518611 -8.947293 0.621013 5.400000 0.600000 -0.103253 1.721114 2.851493 4.269621 0.600000 2.548507 0.600000 2.431858  -1   0  -1 
2456765.917789 -1.700259 0.836503 -0.600000 0.400000 -0.103253 0.781348 -1.655607 1.836955 0.400000 1.055607 0.400000 2.431858  -1   0  -1 
2456765.923021 -1.695027 0.836659 -1.300000 0.400000 -0.103253 0.779373 -1.658167 1.137539 0.400000 0.358167 0.400000 2.431858  -1   0  -1 
2456789.854143 -11.394334 0.548250 6.600000 0.400000 -0.103253 1.223224 2.915625 4.907599 0.400000 3.684375 0.400000 2.431858  -1   0  -1 
2456789.859722 -11.388755 0.548416 6.500000 0.400000 -0.103253 1.224608 2.913009 4.811600 0.400000 3.586991 0.400000 2.431858  -1   0  -1 
2456806.890179 5.641702 0.054816 0.300000 0.400000 -0.103253 -1.489219 -2.799452 1.610233 0.400000 3.099452 0.400000 2.431858  -1   0  -1 
2456829.893363 -4.985543 0.738815 2.700000 0.300000 -0.103253 1.723637 3.565738 0.857898 0.300000 -0.865738 0.300000 2.431858  -1   0  -1 
2456857.748704 -10.760630 0.567093 3.900000 0.500000 -0.103253 1.374728 2.798874 2.475854 0.500000 1.101126 0.500000 2.431858  -1   0  -1 
2456857.754433 -10.754901 0.567264 4.500000 0.400000 -0.103253 1.376040 2.803994 3.072046 0.400000 1.696006 0.400000 2.431858  -1   0  -1 
2456866.784629 -1.724705 0.835776 -1.700000 0.400000 -0.103253 0.790566 -1.566026 0.656592 0.400000 -0.133974 0.400000 2.431858  -1   0  -1 
2456896.727940 -5.411823 0.726140 1.700000 0.500000 -0.103253 1.786020 0.121474 3.364546 0.500000 1.578526 0.500000 2.431858  -1   0  -1 
2456896.733287 -5.406476 0.726299 2.200000 0.700000 -0.103253 1.785336 0.124442 3.860894 0.700000 2.075558 0.700000 2.431858  -1   0  -1 
2457146.919889 9.367124 0.165592 2.200000 0.300000 15.819362 -1.612350 16.037882 -15.450232 0.300000 -13.837882 0.300000 2.431858  -1   1  -1 
2457176.844500 5.661306 0.055399 13.800000 0.200000 15.819362 -1.491808 14.833738 -2.525546 0.200000 -1.033738 0.200000 2.431858  -1   1  -1 
2457180.950532 9.767338 0.177492 9.400000 0.300000 15.819362 -1.586024 11.954898 -4.140922 0.300000 -2.554898 0.300000 2.431858  -1   1  -1 
2457180.956053 9.772859 0.177656 8.200000 0.300000 15.819362 -1.585614 11.956652 -5.342265 0.300000 -3.756652 0.300000 2.431858  -1   1  -1 
2457257.708144 -14.366336 0.459878 19.900000 0.500000 15.819362 0.411686 17.751611 2.560074 0.500000 2.148389 0.500000 2.431858  -1   1  -1 
2457257.713815 -14.360665 0.460046 19.800000 0.500000 15.819362 0.413300 17.757007 2.456293 0.500000 2.042993 0.500000 2.431858  -1   1  -1 
2457307.523708 1.818799 0.941142 17.100000 0.300000 15.819362 -0.563752 13.442002 3.094246 0.300000 3.657998 0.300000 2.431858  -1   1  -1 
2457307.529113 1.824204 0.941303 16.800000 0.300000 15.819362 -0.565604 13.436117 2.798279 0.300000 3.363883 0.300000 2.431858  -1   1  -1 
2457675.588735 -0.050891 0.885547 22.800000 0.300000 15.819362 0.135382 17.685980 5.249402 0.300000 5.114020 0.300000 2.431858  -1   1  -1 
2457879.840329 2.418130 0.958963 14.300000 0.400000 15.819362 -0.761098 12.775855 0.763046 0.400000 1.524145 0.400000 2.431858  -1   1  -1 
2457943.770578 -0.912479 0.859928 20.000000 0.200000 15.819362 0.476420 18.066479 2.409940 0.200000 1.933521 0.200000 2.431858  -1   1  -1 
2457968.637355 -9.676131 0.599341 16.000000 0.400000 15.819362 1.600338 16.269702 1.330636 0.400000 -0.269702 0.400000 2.431858  -1   1  -1 
