# Tc_folded model 
-1.500000 -0.270610 
-1.499000 -0.261620 
-1.498000 -0.252614 
-1.497000 -0.243594 
-1.496000 -0.234558 
-1.495000 -0.225509 
-1.494000 -0.216445 
-1.493000 -0.207367 
-1.492000 -0.198275 
-1.491000 -0.189169 
-1.490000 -0.180049 
-1.489000 -0.170916 
-1.488000 -0.161770 
-1.487000 -0.152610 
-1.486000 -0.143438 
-1.485000 -0.134253 
-1.484000 -0.125055 
-1.483000 -0.115846 
-1.482000 -0.106623 
-1.481000 -0.097389 
-1.480000 -0.088143 
-1.479000 -0.078886 
-1.478000 -0.069617 
-1.477000 -0.060337 
-1.476000 -0.051046 
-1.475000 -0.041744 
-1.474000 -0.032431 
-1.473000 -0.023108 
-1.472000 -0.013775 
-1.471000 -0.004431 
-1.470000 0.004922 
-1.469000 0.014285 
-1.468000 0.023657 
-1.467000 0.033039 
-1.466000 0.042430 
-1.465000 0.051829 
-1.464000 0.061238 
-1.463000 0.070654 
-1.462000 0.080079 
-1.461000 0.089512 
-1.460000 0.098953 
-1.459000 0.108401 
-1.458000 0.117857 
-1.457000 0.127320 
-1.456000 0.136790 
-1.455000 0.146266 
-1.454000 0.155749 
-1.453000 0.165239 
-1.452000 0.174734 
-1.451000 0.184236 
-1.450000 0.193743 
-1.449000 0.203255 
-1.448000 0.212773 
-1.447000 0.222296 
-1.446000 0.231823 
-1.445000 0.241355 
-1.444000 0.250892 
-1.443000 0.260432 
-1.442000 0.269976 
-1.441000 0.279524 
-1.440000 0.289075 
-1.439000 0.298629 
-1.438000 0.308186 
-1.437000 0.317746 
-1.436000 0.327308 
-1.435000 0.336872 
-1.434000 0.346439 
-1.433000 0.356006 
-1.432000 0.365576 
-1.431000 0.375146 
-1.430000 0.384717 
-1.429000 0.394289 
-1.428000 0.403862 
-1.427000 0.413434 
-1.426000 0.423007 
-1.425000 0.432579 
-1.424000 0.442151 
-1.423000 0.451721 
-1.422000 0.461291 
-1.421000 0.470859 
-1.420000 0.480425 
-1.419000 0.489989 
-1.418000 0.499552 
-1.417000 0.509111 
-1.416000 0.518668 
-1.415000 0.528222 
-1.414000 0.537773 
-1.413000 0.547320 
-1.412000 0.556863 
-1.411000 0.566402 
-1.410000 0.575936 
-1.409000 0.585466 
-1.408000 0.594991 
-1.407000 0.604510 
-1.406000 0.614024 
-1.405000 0.623532 
-1.404000 0.633034 
-1.403000 0.642529 
-1.402000 0.652017 
-1.401000 0.661499 
-1.400000 0.670973 
-1.399000 0.680439 
-1.398000 0.689897 
-1.397000 0.699347 
-1.396000 0.708789 
-1.395000 0.718221 
-1.394000 0.727644 
-1.393000 0.737058 
-1.392000 0.746462 
-1.391000 0.755855 
-1.390000 0.765239 
-1.389000 0.774611 
-1.388000 0.783972 
-1.387000 0.793321 
-1.386000 0.802659 
-1.385000 0.811985 
-1.384000 0.821298 
-1.383000 0.830598 
-1.382000 0.839885 
-1.381000 0.849159 
-1.380000 0.858418 
-1.379000 0.867664 
-1.378000 0.876895 
-1.377000 0.886111 
-1.376000 0.895312 
-1.375000 0.904497 
-1.374000 0.913666 
-1.373000 0.922820 
-1.372000 0.931956 
-1.371000 0.941075 
-1.370000 0.950177 
-1.369000 0.959261 
-1.368000 0.968328 
-1.367000 0.977375 
-1.366000 0.986404 
-1.365000 0.995413 
-1.364000 1.004403 
-1.363000 1.013373 
-1.362000 1.022323 
-1.361000 1.031252 
-1.360000 1.040159 
-1.359000 1.049046 
-1.358000 1.057910 
-1.357000 1.066752 
-1.356000 1.075571 
-1.355000 1.084368 
-1.354000 1.093140 
-1.353000 1.101889 
-1.352000 1.110614 
-1.351000 1.119314 
-1.350000 1.127989 
-1.349000 1.136638 
-1.348000 1.145261 
-1.347000 1.153859 
-1.346000 1.162429 
-1.345000 1.170972 
-1.344000 1.179488 
-1.343000 1.187976 
-1.342000 1.196435 
-1.341000 1.204866 
-1.340000 1.213267 
-1.339000 1.221638 
-1.338000 1.229980 
-1.337000 1.238291 
-1.336000 1.246571 
-1.335000 1.254819 
-1.334000 1.263036 
-1.333000 1.271220 
-1.332000 1.279372 
-1.331000 1.287490 
-1.330000 1.295575 
-1.329000 1.303626 
-1.328000 1.311642 
-1.327000 1.319624 
-1.326000 1.327569 
-1.325000 1.335479 
-1.324000 1.343353 
-1.323000 1.351190 
-1.322000 1.358989 
-1.321000 1.366751 
-1.320000 1.374475 
-1.319000 1.382160 
-1.318000 1.389806 
-1.317000 1.397412 
-1.316000 1.404978 
-1.315000 1.412504 
-1.314000 1.419988 
-1.313000 1.427431 
-1.312000 1.434832 
-1.311000 1.442191 
-1.310000 1.449507 
-1.309000 1.456779 
-1.308000 1.464007 
-1.307000 1.471191 
-1.306000 1.478331 
-1.305000 1.485424 
-1.304000 1.492472 
-1.303000 1.499474 
-1.302000 1.506428 
-1.301000 1.513336 
-1.300000 1.520195 
-1.299000 1.527007 
-1.298000 1.533769 
-1.297000 1.540482 
-1.296000 1.547145 
-1.295000 1.553758 
-1.294000 1.560320 
-1.293000 1.566831 
-1.292000 1.573289 
-1.291000 1.579696 
-1.290000 1.586049 
-1.289000 1.592350 
-1.288000 1.598596 
-1.287000 1.604788 
-1.286000 1.610925 
-1.285000 1.617006 
-1.284000 1.623032 
-1.283000 1.629001 
-1.282000 1.634914 
-1.281000 1.640769 
-1.280000 1.646566 
-1.279000 1.652304 
-1.278000 1.657983 
-1.277000 1.663603 
-1.276000 1.669163 
-1.275000 1.674663 
-1.274000 1.680101 
-1.273000 1.685478 
-1.272000 1.690792 
-1.271000 1.696044 
-1.270000 1.701233 
-1.269000 1.706358 
-1.268000 1.711420 
-1.267000 1.716416 
-1.266000 1.721347 
-1.265000 1.726213 
-1.264000 1.731012 
-1.263000 1.735745 
-1.262000 1.740411 
-1.261000 1.745008 
-1.260000 1.749538 
-1.259000 1.753999 
-1.258000 1.758390 
-1.257000 1.762712 
-1.256000 1.766964 
-1.255000 1.771144 
-1.254000 1.775254 
-1.253000 1.779292 
-1.252000 1.783257 
-1.251000 1.787150 
-1.250000 1.790969 
-1.249000 1.794715 
-1.248000 1.798386 
-1.247000 1.801983 
-1.246000 1.805504 
-1.245000 1.808950 
-1.244000 1.812319 
-1.243000 1.815612 
-1.242000 1.818828 
-1.241000 1.821966 
-1.240000 1.825026 
-1.239000 1.828007 
-1.238000 1.830909 
-1.237000 1.833732 
-1.236000 1.836474 
-1.235000 1.839136 
-1.234000 1.841718 
-1.233000 1.844217 
-1.232000 1.846635 
-1.231000 1.848971 
-1.230000 1.851224 
-1.229000 1.853394 
-1.228000 1.855480 
-1.227000 1.857482 
-1.226000 1.859400 
-1.225000 1.861232 
-1.224000 1.862980 
-1.223000 1.864641 
-1.222000 1.866217 
-1.221000 1.867705 
-1.220000 1.869107 
-1.219000 1.870422 
-1.218000 1.871648 
-1.217000 1.872787 
-1.216000 1.873837 
-1.215000 1.874797 
-1.214000 1.875669 
-1.213000 1.876451 
-1.212000 1.877143 
-1.211000 1.877744 
-1.210000 1.878254 
-1.209000 1.878674 
-1.208000 1.879002 
-1.207000 1.879238 
-1.206000 1.879381 
-1.205000 1.879433 
-1.204000 1.879391 
-1.203000 1.879257 
-1.202000 1.879029 
-1.201000 1.878707 
-1.200000 1.878291 
-1.199000 1.877780 
-1.198000 1.877176 
-1.197000 1.876476 
-1.196000 1.875681 
-1.195000 1.874790 
-1.194000 1.873804 
-1.193000 1.872722 
-1.192000 1.871544 
-1.191000 1.870269 
-1.190000 1.868898 
-1.189000 1.867430 
-1.188000 1.865864 
-1.187000 1.864202 
-1.186000 1.862442 
-1.185000 1.860584 
-1.184000 1.858628 
-1.183000 1.856575 
-1.182000 1.854423 
-1.181000 1.852173 
-1.180000 1.849824 
-1.179000 1.847377 
-1.178000 1.844831 
-1.177000 1.842186 
-1.176000 1.839443 
-1.175000 1.836600 
-1.174000 1.833658 
-1.173000 1.830616 
-1.172000 1.827476 
-1.171000 1.824236 
-1.170000 1.820896 
-1.169000 1.817457 
-1.168000 1.813919 
-1.167000 1.810281 
-1.166000 1.806543 
-1.165000 1.802706 
-1.164000 1.798769 
-1.163000 1.794732 
-1.162000 1.790596 
-1.161000 1.786361 
-1.160000 1.782026 
-1.159000 1.777591 
-1.158000 1.773058 
-1.157000 1.768424 
-1.156000 1.763692 
-1.155000 1.758861 
-1.154000 1.753930 
-1.153000 1.748901 
-1.152000 1.743773 
-1.151000 1.738546 
-1.150000 1.733220 
-1.149000 1.727797 
-1.148000 1.722275 
-1.147000 1.716655 
-1.146000 1.710937 
-1.145000 1.705122 
-1.144000 1.699209 
-1.143000 1.693199 
-1.142000 1.687092 
-1.141000 1.680889 
-1.140000 1.674589 
-1.139000 1.668192 
-1.138000 1.661700 
-1.137000 1.655112 
-1.136000 1.648429 
-1.135000 1.641651 
-1.134000 1.634778 
-1.133000 1.627810 
-1.132000 1.620749 
-1.131000 1.613594 
-1.130000 1.606345 
-1.129000 1.599004 
-1.128000 1.591569 
-1.127000 1.584043 
-1.126000 1.576425 
-1.125000 1.568716 
-1.124000 1.560915 
-1.123000 1.553024 
-1.122000 1.545043 
-1.121000 1.536972 
-1.120000 1.528813 
-1.119000 1.520564 
-1.118000 1.512228 
-1.117000 1.503803 
-1.116000 1.495292 
-1.115000 1.486694 
-1.114000 1.478009 
-1.113000 1.469239 
-1.112000 1.460384 
-1.111000 1.451445 
-1.110000 1.442422 
-1.109000 1.433315 
-1.108000 1.424126 
-1.107000 1.414854 
-1.106000 1.405501 
-1.105000 1.396068 
-1.104000 1.386553 
-1.103000 1.376960 
-1.102000 1.367287 
-1.101000 1.357536 
-1.100000 1.347707 
-1.099000 1.337801 
-1.098000 1.327819 
-1.097000 1.317762 
-1.096000 1.307629 
-1.095000 1.297422 
-1.094000 1.287142 
-1.093000 1.276789 
-1.092000 1.266364 
-1.091000 1.255868 
-1.090000 1.245301 
-1.089000 1.234664 
-1.088000 1.223959 
-1.087000 1.213185 
-1.086000 1.202344 
-1.085000 1.191436 
-1.084000 1.180462 
-1.083000 1.169423 
-1.082000 1.158320 
-1.081000 1.147154 
-1.080000 1.135925 
-1.079000 1.124634 
-1.078000 1.113282 
-1.077000 1.101870 
-1.076000 1.090399 
-1.075000 1.078870 
-1.074000 1.067283 
-1.073000 1.055640 
-1.072000 1.043940 
-1.071000 1.032186 
-1.070000 1.020378 
-1.069000 1.008516 
-1.068000 0.996603 
-1.067000 0.984638 
-1.066000 0.972622 
-1.065000 0.960558 
-1.064000 0.948444 
-1.063000 0.936283 
-1.062000 0.924075 
-1.061000 0.911821 
-1.060000 0.899522 
-1.059000 0.887179 
-1.058000 0.874794 
-1.057000 0.862366 
-1.056000 0.849897 
-1.055000 0.837387 
-1.054000 0.824839 
-1.053000 0.812251 
-1.052000 0.799627 
-1.051000 0.786966 
-1.050000 0.774270 
-1.049000 0.761539 
-1.048000 0.748774 
-1.047000 0.735977 
-1.046000 0.723148 
-1.045000 0.710289 
-1.044000 0.697399 
-1.043000 0.684481 
-1.042000 0.671535 
-1.041000 0.658563 
-1.040000 0.645564 
-1.039000 0.632540 
-1.038000 0.619493 
-1.037000 0.606422 
-1.036000 0.593330 
-1.035000 0.580216 
-1.034000 0.567082 
-1.033000 0.553929 
-1.032000 0.540758 
-1.031000 0.527570 
-1.030000 0.514365 
-1.029000 0.501145 
-1.028000 0.487911 
-1.027000 0.474663 
-1.026000 0.461403 
-1.025000 0.448131 
-1.024000 0.434849 
-1.023000 0.421557 
-1.022000 0.408256 
-1.021000 0.394948 
-1.020000 0.381632 
-1.019000 0.368311 
-1.018000 0.354985 
-1.017000 0.341655 
-1.016000 0.328322 
-1.015000 0.314987 
-1.014000 0.301650 
-1.013000 0.288314 
-1.012000 0.274977 
-1.011000 0.261642 
-1.010000 0.248310 
-1.009000 0.234981 
-1.008000 0.221656 
-1.007000 0.208336 
-1.006000 0.195022 
-1.005000 0.181715 
-1.004000 0.168415 
-1.003000 0.155124 
-1.002000 0.141843 
-1.001000 0.128572 
-1.000000 0.115312 
-0.999000 0.102064 
-0.998000 0.088829 
-0.997000 0.075607 
-0.996000 0.062400 
-0.995000 0.049209 
-0.994000 0.036033 
-0.993000 0.022875 
-0.992000 0.009735 
-0.991000 -0.003387 
-0.990000 -0.016490 
-0.989000 -0.029572 
-0.988000 -0.042634 
-0.987000 -0.055673 
-0.986000 -0.068690 
-0.985000 -0.081684 
-0.984000 -0.094653 
-0.983000 -0.107598 
-0.982000 -0.120517 
-0.981000 -0.133410 
-0.980000 -0.146276 
-0.979000 -0.159114 
-0.978000 -0.171923 
-0.977000 -0.184704 
-0.976000 -0.197454 
-0.975000 -0.210174 
-0.974000 -0.222862 
-0.973000 -0.235518 
-0.972000 -0.248142 
-0.971000 -0.260732 
-0.970000 -0.273288 
-0.969000 -0.285809 
-0.968000 -0.298295 
-0.967000 -0.310745 
-0.966000 -0.323158 
-0.965000 -0.335534 
-0.964000 -0.347873 
-0.963000 -0.360172 
-0.962000 -0.372433 
-0.961000 -0.384653 
-0.960000 -0.396834 
-0.959000 -0.408973 
-0.958000 -0.421071 
-0.957000 -0.433127 
-0.956000 -0.445140 
-0.955000 -0.457110 
-0.954000 -0.469036 
-0.953000 -0.480918 
-0.952000 -0.492755 
-0.951000 -0.504547 
-0.950000 -0.516293 
-0.949000 -0.527992 
-0.948000 -0.539645 
-0.947000 -0.551250 
-0.946000 -0.562807 
-0.945000 -0.574316 
-0.944000 -0.585776 
-0.943000 -0.597186 
-0.942000 -0.608547 
-0.941000 -0.619858 
-0.940000 -0.631117 
-0.939000 -0.642326 
-0.938000 -0.653483 
-0.937000 -0.664588 
-0.936000 -0.675641 
-0.935000 -0.686640 
-0.934000 -0.697587 
-0.933000 -0.708480 
-0.932000 -0.719319 
-0.931000 -0.730103 
-0.930000 -0.740832 
-0.929000 -0.751507 
-0.928000 -0.762126 
-0.927000 -0.772688 
-0.926000 -0.783195 
-0.925000 -0.793645 
-0.924000 -0.804038 
-0.923000 -0.814374 
-0.922000 -0.824652 
-0.921000 -0.834873 
-0.920000 -0.845035 
-0.919000 -0.855138 
-0.918000 -0.865183 
-0.917000 -0.875169 
-0.916000 -0.885095 
-0.915000 -0.894962 
-0.914000 -0.904768 
-0.913000 -0.914515 
-0.912000 -0.924201 
-0.911000 -0.933826 
-0.910000 -0.943390 
-0.909000 -0.952893 
-0.908000 -0.962335 
-0.907000 -0.971715 
-0.906000 -0.981033 
-0.905000 -0.990289 
-0.904000 -0.999483 
-0.903000 -1.008614 
-0.902000 -1.017682 
-0.901000 -1.026688 
-0.900000 -1.035630 
-0.899000 -1.044510 
-0.898000 -1.053325 
-0.897000 -1.062077 
-0.896000 -1.070766 
-0.895000 -1.079390 
-0.894000 -1.087950 
-0.893000 -1.096446 
-0.892000 -1.104878 
-0.891000 -1.113245 
-0.890000 -1.121547 
-0.889000 -1.129785 
-0.888000 -1.137958 
-0.887000 -1.146065 
-0.886000 -1.154108 
-0.885000 -1.162085 
-0.884000 -1.169997 
-0.883000 -1.177844 
-0.882000 -1.185625 
-0.881000 -1.193340 
-0.880000 -1.200990 
-0.879000 -1.208574 
-0.878000 -1.216092 
-0.877000 -1.223544 
-0.876000 -1.230930 
-0.875000 -1.238250 
-0.874000 -1.245504 
-0.873000 -1.252692 
-0.872000 -1.259813 
-0.871000 -1.266868 
-0.870000 -1.273857 
-0.869000 -1.280780 
-0.868000 -1.287636 
-0.867000 -1.294426 
-0.866000 -1.301150 
-0.865000 -1.307807 
-0.864000 -1.314398 
-0.863000 -1.320922 
-0.862000 -1.327379 
-0.861000 -1.333771 
-0.860000 -1.340095 
-0.859000 -1.346354 
-0.858000 -1.352546 
-0.857000 -1.358671 
-0.856000 -1.364730 
-0.855000 -1.370723 
-0.854000 -1.376649 
-0.853000 -1.382509 
-0.852000 -1.388302 
-0.851000 -1.394029 
-0.850000 -1.399690 
-0.849000 -1.405285 
-0.848000 -1.410813 
-0.847000 -1.416275 
-0.846000 -1.421671 
-0.845000 -1.427001 
-0.844000 -1.432265 
-0.843000 -1.437463 
-0.842000 -1.442596 
-0.841000 -1.447662 
-0.840000 -1.452662 
-0.839000 -1.457597 
-0.838000 -1.462466 
-0.837000 -1.467270 
-0.836000 -1.472008 
-0.835000 -1.476680 
-0.834000 -1.481287 
-0.833000 -1.485829 
-0.832000 -1.490306 
-0.831000 -1.494718 
-0.830000 -1.499064 
-0.829000 -1.503346 
-0.828000 -1.507563 
-0.827000 -1.511715 
-0.826000 -1.515802 
-0.825000 -1.519825 
-0.824000 -1.523783 
-0.823000 -1.527677 
-0.822000 -1.531507 
-0.821000 -1.535272 
-0.820000 -1.538974 
-0.819000 -1.542611 
-0.818000 -1.546185 
-0.817000 -1.549695 
-0.816000 -1.553141 
-0.815000 -1.556524 
-0.814000 -1.559844 
-0.813000 -1.563100 
-0.812000 -1.566293 
-0.811000 -1.569423 
-0.810000 -1.572490 
-0.809000 -1.575495 
-0.808000 -1.578437 
-0.807000 -1.581316 
-0.806000 -1.584133 
-0.805000 -1.586888 
-0.804000 -1.589580 
-0.803000 -1.592211 
-0.802000 -1.594780 
-0.801000 -1.597287 
-0.800000 -1.599732 
-0.799000 -1.602116 
-0.798000 -1.604439 
-0.797000 -1.606700 
-0.796000 -1.608901 
-0.795000 -1.611041 
-0.794000 -1.613120 
-0.793000 -1.615138 
-0.792000 -1.617096 
-0.791000 -1.618994 
-0.790000 -1.620831 
-0.789000 -1.622609 
-0.788000 -1.624326 
-0.787000 -1.625984 
-0.786000 -1.627583 
-0.785000 -1.629122 
-0.784000 -1.630602 
-0.783000 -1.632023 
-0.782000 -1.633384 
-0.781000 -1.634687 
-0.780000 -1.635932 
-0.779000 -1.637118 
-0.778000 -1.638245 
-0.777000 -1.639315 
-0.776000 -1.640326 
-0.775000 -1.641280 
-0.774000 -1.642176 
-0.773000 -1.643014 
-0.772000 -1.643796 
-0.771000 -1.644519 
-0.770000 -1.645186 
-0.769000 -1.645796 
-0.768000 -1.646350 
-0.767000 -1.646846 
-0.766000 -1.647287 
-0.765000 -1.647671 
-0.764000 -1.647999 
-0.763000 -1.648271 
-0.762000 -1.648488 
-0.761000 -1.648649 
-0.760000 -1.648754 
-0.759000 -1.648805 
-0.758000 -1.648800 
-0.757000 -1.648740 
-0.756000 -1.648626 
-0.755000 -1.648457 
-0.754000 -1.648233 
-0.753000 -1.647956 
-0.752000 -1.647624 
-0.751000 -1.647239 
-0.750000 -1.646799 
-0.749000 -1.646306 
-0.748000 -1.645760 
-0.747000 -1.645161 
-0.746000 -1.644508 
-0.745000 -1.643803 
-0.744000 -1.643044 
-0.743000 -1.642234 
-0.742000 -1.641371 
-0.741000 -1.640455 
-0.740000 -1.639488 
-0.739000 -1.638469 
-0.738000 -1.637398 
-0.737000 -1.636275 
-0.736000 -1.635101 
-0.735000 -1.633876 
-0.734000 -1.632600 
-0.733000 -1.631273 
-0.732000 -1.629895 
-0.731000 -1.628467 
-0.730000 -1.626988 
-0.729000 -1.625459 
-0.728000 -1.623881 
-0.727000 -1.622252 
-0.726000 -1.620573 
-0.725000 -1.618845 
-0.724000 -1.617068 
-0.723000 -1.615242 
-0.722000 -1.613366 
-0.721000 -1.611442 
-0.720000 -1.609468 
-0.719000 -1.607447 
-0.718000 -1.605377 
-0.717000 -1.603259 
-0.716000 -1.601092 
-0.715000 -1.598878 
-0.714000 -1.596617 
-0.713000 -1.594307 
-0.712000 -1.591951 
-0.711000 -1.589547 
-0.710000 -1.587096 
-0.709000 -1.584598 
-0.708000 -1.582054 
-0.707000 -1.579463 
-0.706000 -1.576825 
-0.705000 -1.574142 
-0.704000 -1.571412 
-0.703000 -1.568637 
-0.702000 -1.565816 
-0.701000 -1.562949 
-0.700000 -1.560037 
-0.699000 -1.557079 
-0.698000 -1.554077 
-0.697000 -1.551030 
-0.696000 -1.547937 
-0.695000 -1.544801 
-0.694000 -1.541620 
-0.693000 -1.538394 
-0.692000 -1.535125 
-0.691000 -1.531812 
-0.690000 -1.528455 
-0.689000 -1.525054 
-0.688000 -1.521610 
-0.687000 -1.518122 
-0.686000 -1.514592 
-0.685000 -1.511018 
-0.684000 -1.507402 
-0.683000 -1.503743 
-0.682000 -1.500041 
-0.681000 -1.496297 
-0.680000 -1.492511 
-0.679000 -1.488683 
-0.678000 -1.484814 
-0.677000 -1.480902 
-0.676000 -1.476949 
-0.675000 -1.472954 
-0.674000 -1.468918 
-0.673000 -1.464842 
-0.672000 -1.460724 
-0.671000 -1.456565 
-0.670000 -1.452366 
-0.669000 -1.448126 
-0.668000 -1.443847 
-0.667000 -1.439526 
-0.666000 -1.435166 
-0.665000 -1.430766 
-0.664000 -1.426327 
-0.663000 -1.421848 
-0.662000 -1.417329 
-0.661000 -1.412771 
-0.660000 -1.408175 
-0.659000 -1.403539 
-0.658000 -1.398864 
-0.657000 -1.394151 
-0.656000 -1.389399 
-0.655000 -1.384610 
-0.654000 -1.379781 
-0.653000 -1.374915 
-0.652000 -1.370011 
-0.651000 -1.365070 
-0.650000 -1.360090 
-0.649000 -1.355074 
-0.648000 -1.350020 
-0.647000 -1.344928 
-0.646000 -1.339800 
-0.645000 -1.334636 
-0.644000 -1.329434 
-0.643000 -1.324196 
-0.642000 -1.318921 
-0.641000 -1.313611 
-0.640000 -1.308264 
-0.639000 -1.302881 
-0.638000 -1.297463 
-0.637000 -1.292008 
-0.636000 -1.286519 
-0.635000 -1.280994 
-0.634000 -1.275434 
-0.633000 -1.269838 
-0.632000 -1.264208 
-0.631000 -1.258543 
-0.630000 -1.252844 
-0.629000 -1.247109 
-0.628000 -1.241341 
-0.627000 -1.235538 
-0.626000 -1.229702 
-0.625000 -1.223831 
-0.624000 -1.217927 
-0.623000 -1.211989 
-0.622000 -1.206018 
-0.621000 -1.200013 
-0.620000 -1.193975 
-0.619000 -1.187904 
-0.618000 -1.181800 
-0.617000 -1.175664 
-0.616000 -1.169495 
-0.615000 -1.163293 
-0.614000 -1.157059 
-0.613000 -1.150793 
-0.612000 -1.144495 
-0.611000 -1.138164 
-0.610000 -1.131803 
-0.609000 -1.125409 
-0.608000 -1.118984 
-0.607000 -1.112528 
-0.606000 -1.106040 
-0.605000 -1.099522 
-0.604000 -1.092972 
-0.603000 -1.086392 
-0.602000 -1.079781 
-0.601000 -1.073140 
-0.600000 -1.066468 
-0.599000 -1.059767 
-0.598000 -1.053035 
-0.597000 -1.046273 
-0.596000 -1.039481 
-0.595000 -1.032660 
-0.594000 -1.025809 
-0.593000 -1.018929 
-0.592000 -1.012020 
-0.591000 -1.005081 
-0.590000 -0.998114 
-0.589000 -0.991118 
-0.588000 -0.984093 
-0.587000 -0.977040 
-0.586000 -0.969958 
-0.585000 -0.962848 
-0.584000 -0.955710 
-0.583000 -0.948545 
-0.582000 -0.941351 
-0.581000 -0.934129 
-0.580000 -0.926881 
-0.579000 -0.919604 
-0.578000 -0.912301 
-0.577000 -0.904970 
-0.576000 -0.897613 
-0.575000 -0.890228 
-0.574000 -0.882817 
-0.573000 -0.875379 
-0.572000 -0.867915 
-0.571000 -0.860425 
-0.570000 -0.852909 
-0.569000 -0.845366 
-0.568000 -0.837798 
-0.567000 -0.830204 
-0.566000 -0.822585 
-0.565000 -0.814940 
-0.564000 -0.807270 
-0.563000 -0.799575 
-0.562000 -0.791855 
-0.561000 -0.784110 
-0.560000 -0.776341 
-0.559000 -0.768546 
-0.558000 -0.760728 
-0.557000 -0.752885 
-0.556000 -0.745018 
-0.555000 -0.737127 
-0.554000 -0.729213 
-0.553000 -0.721274 
-0.552000 -0.713312 
-0.551000 -0.705327 
-0.550000 -0.697319 
-0.549000 -0.689287 
-0.548000 -0.681233 
-0.547000 -0.673155 
-0.546000 -0.665055 
-0.545000 -0.656933 
-0.544000 -0.648788 
-0.543000 -0.640621 
-0.542000 -0.632432 
-0.541000 -0.624221 
-0.540000 -0.615989 
-0.539000 -0.607734 
-0.538000 -0.599459 
-0.537000 -0.591162 
-0.536000 -0.582843 
-0.535000 -0.574504 
-0.534000 -0.566144 
-0.533000 -0.557763 
-0.532000 -0.549362 
-0.531000 -0.540940 
-0.530000 -0.532499 
-0.529000 -0.524036 
-0.528000 -0.515555 
-0.527000 -0.507053 
-0.526000 -0.498531 
-0.525000 -0.489991 
-0.524000 -0.481431 
-0.523000 -0.472851 
-0.522000 -0.464253 
-0.521000 -0.455636 
-0.520000 -0.447000 
-0.519000 -0.438346 
-0.518000 -0.429673 
-0.517000 -0.420982 
-0.516000 -0.412273 
-0.515000 -0.403546 
-0.514000 -0.394802 
-0.513000 -0.386040 
-0.512000 -0.377260 
-0.511000 -0.368464 
-0.510000 -0.359650 
-0.509000 -0.350819 
-0.508000 -0.341972 
-0.507000 -0.333108 
-0.506000 -0.324227 
-0.505000 -0.315331 
-0.504000 -0.306418 
-0.503000 -0.297489 
-0.502000 -0.288545 
-0.501000 -0.279585 
-0.500000 -0.270610 
-0.499000 -0.261620 
-0.498000 -0.252614 
-0.497000 -0.243594 
-0.496000 -0.234558 
-0.495000 -0.225509 
-0.494000 -0.216445 
-0.493000 -0.207367 
-0.492000 -0.198275 
-0.491000 -0.189169 
-0.490000 -0.180049 
-0.489000 -0.170916 
-0.488000 -0.161770 
-0.487000 -0.152610 
-0.486000 -0.143438 
-0.485000 -0.134253 
-0.484000 -0.125055 
-0.483000 -0.115846 
-0.482000 -0.106623 
-0.481000 -0.097389 
-0.480000 -0.088143 
-0.479000 -0.078886 
-0.478000 -0.069617 
-0.477000 -0.060337 
-0.476000 -0.051046 
-0.475000 -0.041744 
-0.474000 -0.032431 
-0.473000 -0.023108 
-0.472000 -0.013775 
-0.471000 -0.004431 
-0.470000 0.004922 
-0.469000 0.014285 
-0.468000 0.023657 
-0.467000 0.033039 
-0.466000 0.042430 
-0.465000 0.051829 
-0.464000 0.061238 
-0.463000 0.070654 
-0.462000 0.080079 
-0.461000 0.089512 
-0.460000 0.098953 
-0.459000 0.108401 
-0.458000 0.117857 
-0.457000 0.127320 
-0.456000 0.136790 
-0.455000 0.146266 
-0.454000 0.155749 
-0.453000 0.165239 
-0.452000 0.174734 
-0.451000 0.184236 
-0.450000 0.193743 
-0.449000 0.203255 
-0.448000 0.212773 
-0.447000 0.222296 
-0.446000 0.231823 
-0.445000 0.241355 
-0.444000 0.250892 
-0.443000 0.260432 
-0.442000 0.269976 
-0.441000 0.279524 
-0.440000 0.289075 
-0.439000 0.298629 
-0.438000 0.308186 
-0.437000 0.317746 
-0.436000 0.327308 
-0.435000 0.336872 
-0.434000 0.346439 
-0.433000 0.356006 
-0.432000 0.365576 
-0.431000 0.375146 
-0.430000 0.384717 
-0.429000 0.394289 
-0.428000 0.403862 
-0.427000 0.413434 
-0.426000 0.423007 
-0.425000 0.432579 
-0.424000 0.442151 
-0.423000 0.451721 
-0.422000 0.461291 
-0.421000 0.470859 
-0.420000 0.480425 
-0.419000 0.489989 
-0.418000 0.499552 
-0.417000 0.509111 
-0.416000 0.518668 
-0.415000 0.528222 
-0.414000 0.537773 
-0.413000 0.547320 
-0.412000 0.556863 
-0.411000 0.566402 
-0.410000 0.575936 
-0.409000 0.585466 
-0.408000 0.594991 
-0.407000 0.604510 
-0.406000 0.614024 
-0.405000 0.623532 
-0.404000 0.633034 
-0.403000 0.642529 
-0.402000 0.652017 
-0.401000 0.661499 
-0.400000 0.670973 
-0.399000 0.680439 
-0.398000 0.689897 
-0.397000 0.699347 
-0.396000 0.708789 
-0.395000 0.718221 
-0.394000 0.727644 
-0.393000 0.737058 
-0.392000 0.746462 
-0.391000 0.755855 
-0.390000 0.765239 
-0.389000 0.774611 
-0.388000 0.783972 
-0.387000 0.793321 
-0.386000 0.802659 
-0.385000 0.811985 
-0.384000 0.821298 
-0.383000 0.830598 
-0.382000 0.839885 
-0.381000 0.849159 
-0.380000 0.858418 
-0.379000 0.867664 
-0.378000 0.876895 
-0.377000 0.886111 
-0.376000 0.895312 
-0.375000 0.904497 
-0.374000 0.913666 
-0.373000 0.922820 
-0.372000 0.931956 
-0.371000 0.941075 
-0.370000 0.950177 
-0.369000 0.959261 
-0.368000 0.968328 
-0.367000 0.977375 
-0.366000 0.986404 
-0.365000 0.995413 
-0.364000 1.004403 
-0.363000 1.013373 
-0.362000 1.022323 
-0.361000 1.031252 
-0.360000 1.040159 
-0.359000 1.049046 
-0.358000 1.057910 
-0.357000 1.066752 
-0.356000 1.075571 
-0.355000 1.084368 
-0.354000 1.093140 
-0.353000 1.101889 
-0.352000 1.110614 
-0.351000 1.119314 
-0.350000 1.127989 
-0.349000 1.136638 
-0.348000 1.145261 
-0.347000 1.153859 
-0.346000 1.162429 
-0.345000 1.170972 
-0.344000 1.179488 
-0.343000 1.187976 
-0.342000 1.196435 
-0.341000 1.204866 
-0.340000 1.213267 
-0.339000 1.221638 
-0.338000 1.229980 
-0.337000 1.238291 
-0.336000 1.246571 
-0.335000 1.254819 
-0.334000 1.263036 
-0.333000 1.271220 
-0.332000 1.279372 
-0.331000 1.287490 
-0.330000 1.295575 
-0.329000 1.303626 
-0.328000 1.311642 
-0.327000 1.319624 
-0.326000 1.327569 
-0.325000 1.335479 
-0.324000 1.343353 
-0.323000 1.351190 
-0.322000 1.358989 
-0.321000 1.366751 
-0.320000 1.374475 
-0.319000 1.382160 
-0.318000 1.389806 
-0.317000 1.397412 
-0.316000 1.404978 
-0.315000 1.412504 
-0.314000 1.419988 
-0.313000 1.427431 
-0.312000 1.434832 
-0.311000 1.442191 
-0.310000 1.449507 
-0.309000 1.456779 
-0.308000 1.464007 
-0.307000 1.471191 
-0.306000 1.478331 
-0.305000 1.485424 
-0.304000 1.492472 
-0.303000 1.499474 
-0.302000 1.506428 
-0.301000 1.513336 
-0.300000 1.520195 
-0.299000 1.527007 
-0.298000 1.533769 
-0.297000 1.540482 
-0.296000 1.547145 
-0.295000 1.553758 
-0.294000 1.560320 
-0.293000 1.566831 
-0.292000 1.573289 
-0.291000 1.579696 
-0.290000 1.586049 
-0.289000 1.592350 
-0.288000 1.598596 
-0.287000 1.604788 
-0.286000 1.610925 
-0.285000 1.617006 
-0.284000 1.623032 
-0.283000 1.629001 
-0.282000 1.634914 
-0.281000 1.640769 
-0.280000 1.646566 
-0.279000 1.652304 
-0.278000 1.657983 
-0.277000 1.663603 
-0.276000 1.669163 
-0.275000 1.674663 
-0.274000 1.680101 
-0.273000 1.685478 
-0.272000 1.690792 
-0.271000 1.696044 
-0.270000 1.701233 
-0.269000 1.706358 
-0.268000 1.711420 
-0.267000 1.716416 
-0.266000 1.721347 
-0.265000 1.726213 
-0.264000 1.731012 
-0.263000 1.735745 
-0.262000 1.740411 
-0.261000 1.745008 
-0.260000 1.749538 
-0.259000 1.753999 
-0.258000 1.758390 
-0.257000 1.762712 
-0.256000 1.766964 
-0.255000 1.771144 
-0.254000 1.775254 
-0.253000 1.779292 
-0.252000 1.783257 
-0.251000 1.787150 
-0.250000 1.790969 
-0.249000 1.794715 
-0.248000 1.798386 
-0.247000 1.801983 
-0.246000 1.805504 
-0.245000 1.808950 
-0.244000 1.812319 
-0.243000 1.815612 
-0.242000 1.818828 
-0.241000 1.821966 
-0.240000 1.825026 
-0.239000 1.828007 
-0.238000 1.830909 
-0.237000 1.833732 
-0.236000 1.836474 
-0.235000 1.839136 
-0.234000 1.841718 
-0.233000 1.844217 
-0.232000 1.846635 
-0.231000 1.848971 
-0.230000 1.851224 
-0.229000 1.853394 
-0.228000 1.855480 
-0.227000 1.857482 
-0.226000 1.859400 
-0.225000 1.861232 
-0.224000 1.862980 
-0.223000 1.864641 
-0.222000 1.866217 
-0.221000 1.867705 
-0.220000 1.869107 
-0.219000 1.870422 
-0.218000 1.871648 
-0.217000 1.872787 
-0.216000 1.873837 
-0.215000 1.874797 
-0.214000 1.875669 
-0.213000 1.876451 
-0.212000 1.877143 
-0.211000 1.877744 
-0.210000 1.878254 
-0.209000 1.878674 
-0.208000 1.879002 
-0.207000 1.879238 
-0.206000 1.879381 
-0.205000 1.879433 
-0.204000 1.879391 
-0.203000 1.879257 
-0.202000 1.879029 
-0.201000 1.878707 
-0.200000 1.878291 
-0.199000 1.877780 
-0.198000 1.877176 
-0.197000 1.876476 
-0.196000 1.875681 
-0.195000 1.874790 
-0.194000 1.873804 
-0.193000 1.872722 
-0.192000 1.871544 
-0.191000 1.870269 
-0.190000 1.868898 
-0.189000 1.867430 
-0.188000 1.865864 
-0.187000 1.864202 
-0.186000 1.862442 
-0.185000 1.860584 
-0.184000 1.858628 
-0.183000 1.856575 
-0.182000 1.854423 
-0.181000 1.852173 
-0.180000 1.849824 
-0.179000 1.847377 
-0.178000 1.844831 
-0.177000 1.842186 
-0.176000 1.839443 
-0.175000 1.836600 
-0.174000 1.833658 
-0.173000 1.830616 
-0.172000 1.827476 
-0.171000 1.824236 
-0.170000 1.820896 
-0.169000 1.817457 
-0.168000 1.813919 
-0.167000 1.810281 
-0.166000 1.806543 
-0.165000 1.802706 
-0.164000 1.798769 
-0.163000 1.794732 
-0.162000 1.790596 
-0.161000 1.786361 
-0.160000 1.782026 
-0.159000 1.777591 
-0.158000 1.773058 
-0.157000 1.768424 
-0.156000 1.763692 
-0.155000 1.758861 
-0.154000 1.753930 
-0.153000 1.748901 
-0.152000 1.743773 
-0.151000 1.738546 
-0.150000 1.733220 
-0.149000 1.727797 
-0.148000 1.722275 
-0.147000 1.716655 
-0.146000 1.710937 
-0.145000 1.705122 
-0.144000 1.699209 
-0.143000 1.693199 
-0.142000 1.687092 
-0.141000 1.680889 
-0.140000 1.674589 
-0.139000 1.668192 
-0.138000 1.661700 
-0.137000 1.655112 
-0.136000 1.648429 
-0.135000 1.641651 
-0.134000 1.634778 
-0.133000 1.627810 
-0.132000 1.620749 
-0.131000 1.613594 
-0.130000 1.606345 
-0.129000 1.599004 
-0.128000 1.591569 
-0.127000 1.584043 
-0.126000 1.576425 
-0.125000 1.568716 
-0.124000 1.560915 
-0.123000 1.553024 
-0.122000 1.545043 
-0.121000 1.536972 
-0.120000 1.528813 
-0.119000 1.520564 
-0.118000 1.512228 
-0.117000 1.503803 
-0.116000 1.495292 
-0.115000 1.486694 
-0.114000 1.478009 
-0.113000 1.469239 
-0.112000 1.460384 
-0.111000 1.451445 
-0.110000 1.442422 
-0.109000 1.433315 
-0.108000 1.424126 
-0.107000 1.414854 
-0.106000 1.405501 
-0.105000 1.396068 
-0.104000 1.386553 
-0.103000 1.376960 
-0.102000 1.367287 
-0.101000 1.357536 
-0.100000 1.347707 
-0.099000 1.337801 
-0.098000 1.327819 
-0.097000 1.317762 
-0.096000 1.307629 
-0.095000 1.297422 
-0.094000 1.287142 
-0.093000 1.276789 
-0.092000 1.266364 
-0.091000 1.255868 
-0.090000 1.245301 
-0.089000 1.234664 
-0.088000 1.223959 
-0.087000 1.213185 
-0.086000 1.202344 
-0.085000 1.191436 
-0.084000 1.180462 
-0.083000 1.169423 
-0.082000 1.158320 
-0.081000 1.147154 
-0.080000 1.135925 
-0.079000 1.124634 
-0.078000 1.113282 
-0.077000 1.101870 
-0.076000 1.090399 
-0.075000 1.078870 
-0.074000 1.067283 
-0.073000 1.055640 
-0.072000 1.043940 
-0.071000 1.032186 
-0.070000 1.020378 
-0.069000 1.008516 
-0.068000 0.996603 
-0.067000 0.984638 
-0.066000 0.972622 
-0.065000 0.960558 
-0.064000 0.948444 
-0.063000 0.936283 
-0.062000 0.924075 
-0.061000 0.911821 
-0.060000 0.899522 
-0.059000 0.887179 
-0.058000 0.874794 
-0.057000 0.862366 
-0.056000 0.849897 
-0.055000 0.837387 
-0.054000 0.824839 
-0.053000 0.812251 
-0.052000 0.799627 
-0.051000 0.786966 
-0.050000 0.774270 
-0.049000 0.761539 
-0.048000 0.748774 
-0.047000 0.735977 
-0.046000 0.723148 
-0.045000 0.710289 
-0.044000 0.697399 
-0.043000 0.684481 
-0.042000 0.671535 
-0.041000 0.658563 
-0.040000 0.645564 
-0.039000 0.632540 
-0.038000 0.619493 
-0.037000 0.606422 
-0.036000 0.593330 
-0.035000 0.580216 
-0.034000 0.567082 
-0.033000 0.553929 
-0.032000 0.540758 
-0.031000 0.527570 
-0.030000 0.514365 
-0.029000 0.501145 
-0.028000 0.487911 
-0.027000 0.474663 
-0.026000 0.461403 
-0.025000 0.448131 
-0.024000 0.434849 
-0.023000 0.421557 
-0.022000 0.408256 
-0.021000 0.394948 
-0.020000 0.381632 
-0.019000 0.368311 
-0.018000 0.354985 
-0.017000 0.341655 
-0.016000 0.328322 
-0.015000 0.314987 
-0.014000 0.301650 
-0.013000 0.288314 
-0.012000 0.274977 
-0.011000 0.261642 
-0.010000 0.248310 
-0.009000 0.234981 
-0.008000 0.221656 
-0.007000 0.208336 
-0.006000 0.195022 
-0.005000 0.181715 
-0.004000 0.168415 
-0.003000 0.155124 
-0.002000 0.141843 
-0.001000 0.128572 
-0.000000 0.115312 
0.001000 0.102064 
0.002000 0.088829 
0.003000 0.075607 
0.004000 0.062400 
0.005000 0.049209 
0.006000 0.036033 
0.007000 0.022875 
0.008000 0.009735 
0.009000 -0.003387 
0.010000 -0.016490 
0.011000 -0.029572 
0.012000 -0.042634 
0.013000 -0.055673 
0.014000 -0.068690 
0.015000 -0.081684 
0.016000 -0.094653 
0.017000 -0.107598 
0.018000 -0.120517 
0.019000 -0.133410 
0.020000 -0.146276 
0.021000 -0.159114 
0.022000 -0.171923 
0.023000 -0.184704 
0.024000 -0.197454 
0.025000 -0.210174 
0.026000 -0.222862 
0.027000 -0.235518 
0.028000 -0.248142 
0.029000 -0.260732 
0.030000 -0.273288 
0.031000 -0.285809 
0.032000 -0.298295 
0.033000 -0.310745 
0.034000 -0.323158 
0.035000 -0.335534 
0.036000 -0.347873 
0.037000 -0.360172 
0.038000 -0.372433 
0.039000 -0.384653 
0.040000 -0.396834 
0.041000 -0.408973 
0.042000 -0.421071 
0.043000 -0.433127 
0.044000 -0.445140 
0.045000 -0.457110 
0.046000 -0.469036 
0.047000 -0.480918 
0.048000 -0.492755 
0.049000 -0.504547 
0.050000 -0.516293 
0.051000 -0.527992 
0.052000 -0.539645 
0.053000 -0.551250 
0.054000 -0.562807 
0.055000 -0.574316 
0.056000 -0.585776 
0.057000 -0.597186 
0.058000 -0.608547 
0.059000 -0.619858 
0.060000 -0.631117 
0.061000 -0.642326 
0.062000 -0.653483 
0.063000 -0.664588 
0.064000 -0.675641 
0.065000 -0.686640 
0.066000 -0.697587 
0.067000 -0.708480 
0.068000 -0.719319 
0.069000 -0.730103 
0.070000 -0.740832 
0.071000 -0.751507 
0.072000 -0.762126 
0.073000 -0.772688 
0.074000 -0.783195 
0.075000 -0.793645 
0.076000 -0.804038 
0.077000 -0.814374 
0.078000 -0.824652 
0.079000 -0.834873 
0.080000 -0.845035 
0.081000 -0.855138 
0.082000 -0.865183 
0.083000 -0.875169 
0.084000 -0.885095 
0.085000 -0.894962 
0.086000 -0.904768 
0.087000 -0.914515 
0.088000 -0.924201 
0.089000 -0.933826 
0.090000 -0.943390 
0.091000 -0.952893 
0.092000 -0.962335 
0.093000 -0.971715 
0.094000 -0.981033 
0.095000 -0.990289 
0.096000 -0.999483 
0.097000 -1.008614 
0.098000 -1.017682 
0.099000 -1.026688 
0.100000 -1.035630 
0.101000 -1.044510 
0.102000 -1.053325 
0.103000 -1.062077 
0.104000 -1.070766 
0.105000 -1.079390 
0.106000 -1.087950 
0.107000 -1.096446 
0.108000 -1.104878 
0.109000 -1.113245 
0.110000 -1.121547 
0.111000 -1.129785 
0.112000 -1.137958 
0.113000 -1.146065 
0.114000 -1.154108 
0.115000 -1.162085 
0.116000 -1.169997 
0.117000 -1.177844 
0.118000 -1.185625 
0.119000 -1.193340 
0.120000 -1.200990 
0.121000 -1.208574 
0.122000 -1.216092 
0.123000 -1.223544 
0.124000 -1.230930 
0.125000 -1.238250 
0.126000 -1.245504 
0.127000 -1.252692 
0.128000 -1.259813 
0.129000 -1.266868 
0.130000 -1.273857 
0.131000 -1.280780 
0.132000 -1.287636 
0.133000 -1.294426 
0.134000 -1.301150 
0.135000 -1.307807 
0.136000 -1.314398 
0.137000 -1.320922 
0.138000 -1.327379 
0.139000 -1.333771 
0.140000 -1.340095 
0.141000 -1.346354 
0.142000 -1.352546 
0.143000 -1.358671 
0.144000 -1.364730 
0.145000 -1.370723 
0.146000 -1.376649 
0.147000 -1.382509 
0.148000 -1.388302 
0.149000 -1.394029 
0.150000 -1.399690 
0.151000 -1.405285 
0.152000 -1.410813 
0.153000 -1.416275 
0.154000 -1.421671 
0.155000 -1.427001 
0.156000 -1.432265 
0.157000 -1.437463 
0.158000 -1.442596 
0.159000 -1.447662 
0.160000 -1.452662 
0.161000 -1.457597 
0.162000 -1.462466 
0.163000 -1.467270 
0.164000 -1.472008 
0.165000 -1.476680 
0.166000 -1.481287 
0.167000 -1.485829 
0.168000 -1.490306 
0.169000 -1.494718 
0.170000 -1.499064 
0.171000 -1.503346 
0.172000 -1.507563 
0.173000 -1.511715 
0.174000 -1.515802 
0.175000 -1.519825 
0.176000 -1.523783 
0.177000 -1.527677 
0.178000 -1.531507 
0.179000 -1.535272 
0.180000 -1.538974 
0.181000 -1.542611 
0.182000 -1.546185 
0.183000 -1.549695 
0.184000 -1.553141 
0.185000 -1.556524 
0.186000 -1.559844 
0.187000 -1.563100 
0.188000 -1.566293 
0.189000 -1.569423 
0.190000 -1.572490 
0.191000 -1.575495 
0.192000 -1.578437 
0.193000 -1.581316 
0.194000 -1.584133 
0.195000 -1.586888 
0.196000 -1.589580 
0.197000 -1.592211 
0.198000 -1.594780 
0.199000 -1.597287 
0.200000 -1.599732 
0.201000 -1.602116 
0.202000 -1.604439 
0.203000 -1.606700 
0.204000 -1.608901 
0.205000 -1.611041 
0.206000 -1.613120 
0.207000 -1.615138 
0.208000 -1.617096 
0.209000 -1.618994 
0.210000 -1.620831 
0.211000 -1.622609 
0.212000 -1.624326 
0.213000 -1.625984 
0.214000 -1.627583 
0.215000 -1.629122 
0.216000 -1.630602 
0.217000 -1.632023 
0.218000 -1.633384 
0.219000 -1.634687 
0.220000 -1.635932 
0.221000 -1.637118 
0.222000 -1.638245 
0.223000 -1.639315 
0.224000 -1.640326 
0.225000 -1.641280 
0.226000 -1.642176 
0.227000 -1.643014 
0.228000 -1.643796 
0.229000 -1.644519 
0.230000 -1.645186 
0.231000 -1.645796 
0.232000 -1.646350 
0.233000 -1.646846 
0.234000 -1.647287 
0.235000 -1.647671 
0.236000 -1.647999 
0.237000 -1.648271 
0.238000 -1.648488 
0.239000 -1.648649 
0.240000 -1.648754 
0.241000 -1.648805 
0.242000 -1.648800 
0.243000 -1.648740 
0.244000 -1.648626 
0.245000 -1.648457 
0.246000 -1.648233 
0.247000 -1.647956 
0.248000 -1.647624 
0.249000 -1.647239 
0.250000 -1.646799 
0.251000 -1.646306 
0.252000 -1.645760 
0.253000 -1.645161 
0.254000 -1.644508 
0.255000 -1.643803 
0.256000 -1.643044 
0.257000 -1.642234 
0.258000 -1.641371 
0.259000 -1.640455 
0.260000 -1.639488 
0.261000 -1.638469 
0.262000 -1.637398 
0.263000 -1.636275 
0.264000 -1.635101 
0.265000 -1.633876 
0.266000 -1.632600 
0.267000 -1.631273 
0.268000 -1.629895 
0.269000 -1.628467 
0.270000 -1.626988 
0.271000 -1.625459 
0.272000 -1.623881 
0.273000 -1.622252 
0.274000 -1.620573 
0.275000 -1.618845 
0.276000 -1.617068 
0.277000 -1.615242 
0.278000 -1.613366 
0.279000 -1.611442 
0.280000 -1.609468 
0.281000 -1.607447 
0.282000 -1.605377 
0.283000 -1.603259 
0.284000 -1.601092 
0.285000 -1.598878 
0.286000 -1.596617 
0.287000 -1.594307 
0.288000 -1.591951 
0.289000 -1.589547 
0.290000 -1.587096 
0.291000 -1.584598 
0.292000 -1.582054 
0.293000 -1.579463 
0.294000 -1.576825 
0.295000 -1.574142 
0.296000 -1.571412 
0.297000 -1.568637 
0.298000 -1.565816 
0.299000 -1.562949 
0.300000 -1.560037 
0.301000 -1.557079 
0.302000 -1.554077 
0.303000 -1.551030 
0.304000 -1.547937 
0.305000 -1.544801 
0.306000 -1.541620 
0.307000 -1.538394 
0.308000 -1.535125 
0.309000 -1.531812 
0.310000 -1.528455 
0.311000 -1.525054 
0.312000 -1.521610 
0.313000 -1.518122 
0.314000 -1.514592 
0.315000 -1.511018 
0.316000 -1.507402 
0.317000 -1.503743 
0.318000 -1.500041 
0.319000 -1.496297 
0.320000 -1.492511 
0.321000 -1.488683 
0.322000 -1.484814 
0.323000 -1.480902 
0.324000 -1.476949 
0.325000 -1.472954 
0.326000 -1.468918 
0.327000 -1.464842 
0.328000 -1.460724 
0.329000 -1.456565 
0.330000 -1.452366 
0.331000 -1.448126 
0.332000 -1.443847 
0.333000 -1.439526 
0.334000 -1.435166 
0.335000 -1.430766 
0.336000 -1.426327 
0.337000 -1.421848 
0.338000 -1.417329 
0.339000 -1.412771 
0.340000 -1.408175 
0.341000 -1.403539 
0.342000 -1.398864 
0.343000 -1.394151 
0.344000 -1.389399 
0.345000 -1.384610 
0.346000 -1.379781 
0.347000 -1.374915 
0.348000 -1.370011 
0.349000 -1.365070 
0.350000 -1.360090 
0.351000 -1.355074 
0.352000 -1.350020 
0.353000 -1.344928 
0.354000 -1.339800 
0.355000 -1.334636 
0.356000 -1.329434 
0.357000 -1.324196 
0.358000 -1.318921 
0.359000 -1.313611 
0.360000 -1.308264 
0.361000 -1.302881 
0.362000 -1.297463 
0.363000 -1.292008 
0.364000 -1.286519 
0.365000 -1.280994 
0.366000 -1.275434 
0.367000 -1.269838 
0.368000 -1.264208 
0.369000 -1.258543 
0.370000 -1.252844 
0.371000 -1.247109 
0.372000 -1.241341 
0.373000 -1.235538 
0.374000 -1.229702 
0.375000 -1.223831 
0.376000 -1.217927 
0.377000 -1.211989 
0.378000 -1.206018 
0.379000 -1.200013 
0.380000 -1.193975 
0.381000 -1.187904 
0.382000 -1.181800 
0.383000 -1.175664 
0.384000 -1.169495 
0.385000 -1.163293 
0.386000 -1.157059 
0.387000 -1.150793 
0.388000 -1.144495 
0.389000 -1.138164 
0.390000 -1.131803 
0.391000 -1.125409 
0.392000 -1.118984 
0.393000 -1.112528 
0.394000 -1.106040 
0.395000 -1.099522 
0.396000 -1.092972 
0.397000 -1.086392 
0.398000 -1.079781 
0.399000 -1.073140 
0.400000 -1.066468 
0.401000 -1.059767 
0.402000 -1.053035 
0.403000 -1.046273 
0.404000 -1.039481 
0.405000 -1.032660 
0.406000 -1.025809 
0.407000 -1.018929 
0.408000 -1.012020 
0.409000 -1.005081 
0.410000 -0.998114 
0.411000 -0.991118 
0.412000 -0.984093 
0.413000 -0.977040 
0.414000 -0.969958 
0.415000 -0.962848 
0.416000 -0.955710 
0.417000 -0.948545 
0.418000 -0.941351 
0.419000 -0.934129 
0.420000 -0.926881 
0.421000 -0.919604 
0.422000 -0.912301 
0.423000 -0.904970 
0.424000 -0.897613 
0.425000 -0.890228 
0.426000 -0.882817 
0.427000 -0.875379 
0.428000 -0.867915 
0.429000 -0.860425 
0.430000 -0.852909 
0.431000 -0.845366 
0.432000 -0.837798 
0.433000 -0.830204 
0.434000 -0.822585 
0.435000 -0.814940 
0.436000 -0.807270 
0.437000 -0.799575 
0.438000 -0.791855 
0.439000 -0.784110 
0.440000 -0.776341 
0.441000 -0.768546 
0.442000 -0.760728 
0.443000 -0.752885 
0.444000 -0.745018 
0.445000 -0.737127 
0.446000 -0.729213 
0.447000 -0.721274 
0.448000 -0.713312 
0.449000 -0.705327 
0.450000 -0.697319 
0.451000 -0.689287 
0.452000 -0.681233 
0.453000 -0.673155 
0.454000 -0.665055 
0.455000 -0.656933 
0.456000 -0.648788 
0.457000 -0.640621 
0.458000 -0.632432 
0.459000 -0.624221 
0.460000 -0.615989 
0.461000 -0.607734 
0.462000 -0.599459 
0.463000 -0.591162 
0.464000 -0.582843 
0.465000 -0.574504 
0.466000 -0.566144 
0.467000 -0.557763 
0.468000 -0.549362 
0.469000 -0.540940 
0.470000 -0.532499 
0.471000 -0.524036 
0.472000 -0.515555 
0.473000 -0.507053 
0.474000 -0.498531 
0.475000 -0.489991 
0.476000 -0.481431 
0.477000 -0.472851 
0.478000 -0.464253 
0.479000 -0.455636 
0.480000 -0.447000 
0.481000 -0.438346 
0.482000 -0.429673 
0.483000 -0.420982 
0.484000 -0.412273 
0.485000 -0.403546 
0.486000 -0.394802 
0.487000 -0.386040 
0.488000 -0.377260 
0.489000 -0.368464 
0.490000 -0.359650 
0.491000 -0.350819 
0.492000 -0.341972 
0.493000 -0.333108 
0.494000 -0.324227 
0.495000 -0.315331 
0.496000 -0.306418 
0.497000 -0.297489 
0.498000 -0.288545 
0.499000 -0.279585 
0.500000 -0.270610 
0.501000 -0.261620 
0.502000 -0.252614 
0.503000 -0.243594 
0.504000 -0.234558 
0.505000 -0.225509 
0.506000 -0.216445 
0.507000 -0.207367 
0.508000 -0.198275 
0.509000 -0.189169 
0.510000 -0.180049 
0.511000 -0.170916 
0.512000 -0.161770 
0.513000 -0.152610 
0.514000 -0.143438 
0.515000 -0.134253 
0.516000 -0.125055 
0.517000 -0.115846 
0.518000 -0.106623 
0.519000 -0.097389 
0.520000 -0.088143 
0.521000 -0.078886 
0.522000 -0.069617 
0.523000 -0.060337 
0.524000 -0.051046 
0.525000 -0.041744 
0.526000 -0.032431 
0.527000 -0.023108 
0.528000 -0.013775 
0.529000 -0.004431 
0.530000 0.004922 
0.531000 0.014285 
0.532000 0.023657 
0.533000 0.033039 
0.534000 0.042430 
0.535000 0.051829 
0.536000 0.061238 
0.537000 0.070654 
0.538000 0.080079 
0.539000 0.089512 
0.540000 0.098953 
0.541000 0.108401 
0.542000 0.117857 
0.543000 0.127320 
0.544000 0.136790 
0.545000 0.146266 
0.546000 0.155749 
0.547000 0.165239 
0.548000 0.174734 
0.549000 0.184236 
0.550000 0.193743 
0.551000 0.203255 
0.552000 0.212773 
0.553000 0.222296 
0.554000 0.231823 
0.555000 0.241355 
0.556000 0.250892 
0.557000 0.260432 
0.558000 0.269976 
0.559000 0.279524 
0.560000 0.289075 
0.561000 0.298629 
0.562000 0.308186 
0.563000 0.317746 
0.564000 0.327308 
0.565000 0.336872 
0.566000 0.346439 
0.567000 0.356006 
0.568000 0.365576 
0.569000 0.375146 
0.570000 0.384717 
0.571000 0.394289 
0.572000 0.403862 
0.573000 0.413434 
0.574000 0.423007 
0.575000 0.432579 
0.576000 0.442151 
0.577000 0.451721 
0.578000 0.461291 
0.579000 0.470859 
0.580000 0.480425 
0.581000 0.489989 
0.582000 0.499552 
0.583000 0.509111 
0.584000 0.518668 
0.585000 0.528222 
0.586000 0.537773 
0.587000 0.547320 
0.588000 0.556863 
0.589000 0.566402 
0.590000 0.575936 
0.591000 0.585466 
0.592000 0.594991 
0.593000 0.604510 
0.594000 0.614024 
0.595000 0.623532 
0.596000 0.633034 
0.597000 0.642529 
0.598000 0.652017 
0.599000 0.661499 
0.600000 0.670973 
0.601000 0.680439 
0.602000 0.689897 
0.603000 0.699347 
0.604000 0.708789 
0.605000 0.718221 
0.606000 0.727644 
0.607000 0.737058 
0.608000 0.746462 
0.609000 0.755855 
0.610000 0.765239 
0.611000 0.774611 
0.612000 0.783972 
0.613000 0.793321 
0.614000 0.802659 
0.615000 0.811985 
0.616000 0.821298 
0.617000 0.830598 
0.618000 0.839885 
0.619000 0.849159 
0.620000 0.858418 
0.621000 0.867664 
0.622000 0.876895 
0.623000 0.886111 
0.624000 0.895312 
0.625000 0.904497 
0.626000 0.913666 
0.627000 0.922820 
0.628000 0.931956 
0.629000 0.941075 
0.630000 0.950177 
0.631000 0.959261 
0.632000 0.968328 
0.633000 0.977375 
0.634000 0.986404 
0.635000 0.995413 
0.636000 1.004403 
0.637000 1.013373 
0.638000 1.022323 
0.639000 1.031252 
0.640000 1.040159 
0.641000 1.049046 
0.642000 1.057910 
0.643000 1.066752 
0.644000 1.075571 
0.645000 1.084368 
0.646000 1.093140 
0.647000 1.101889 
0.648000 1.110614 
0.649000 1.119314 
0.650000 1.127989 
0.651000 1.136638 
0.652000 1.145261 
0.653000 1.153859 
0.654000 1.162429 
0.655000 1.170972 
0.656000 1.179488 
0.657000 1.187976 
0.658000 1.196435 
0.659000 1.204866 
0.660000 1.213267 
0.661000 1.221638 
0.662000 1.229980 
0.663000 1.238291 
0.664000 1.246571 
0.665000 1.254819 
0.666000 1.263036 
0.667000 1.271220 
0.668000 1.279372 
0.669000 1.287490 
0.670000 1.295575 
0.671000 1.303626 
0.672000 1.311642 
0.673000 1.319624 
0.674000 1.327569 
0.675000 1.335479 
0.676000 1.343353 
0.677000 1.351190 
0.678000 1.358989 
0.679000 1.366751 
0.680000 1.374475 
0.681000 1.382160 
0.682000 1.389806 
0.683000 1.397412 
0.684000 1.404978 
0.685000 1.412504 
0.686000 1.419988 
0.687000 1.427431 
0.688000 1.434832 
0.689000 1.442191 
0.690000 1.449507 
0.691000 1.456779 
0.692000 1.464007 
0.693000 1.471191 
0.694000 1.478331 
0.695000 1.485424 
0.696000 1.492472 
0.697000 1.499474 
0.698000 1.506428 
0.699000 1.513336 
0.700000 1.520195 
0.701000 1.527007 
0.702000 1.533769 
0.703000 1.540482 
0.704000 1.547145 
0.705000 1.553758 
0.706000 1.560320 
0.707000 1.566831 
0.708000 1.573289 
0.709000 1.579696 
0.710000 1.586049 
0.711000 1.592350 
0.712000 1.598596 
0.713000 1.604788 
0.714000 1.610925 
0.715000 1.617006 
0.716000 1.623032 
0.717000 1.629001 
0.718000 1.634914 
0.719000 1.640769 
0.720000 1.646566 
0.721000 1.652304 
0.722000 1.657983 
0.723000 1.663603 
0.724000 1.669163 
0.725000 1.674663 
0.726000 1.680101 
0.727000 1.685478 
0.728000 1.690792 
0.729000 1.696044 
0.730000 1.701233 
0.731000 1.706358 
0.732000 1.711420 
0.733000 1.716416 
0.734000 1.721347 
0.735000 1.726213 
0.736000 1.731012 
0.737000 1.735745 
0.738000 1.740411 
0.739000 1.745008 
0.740000 1.749538 
0.741000 1.753999 
0.742000 1.758390 
0.743000 1.762712 
0.744000 1.766964 
0.745000 1.771144 
0.746000 1.775254 
0.747000 1.779292 
0.748000 1.783257 
0.749000 1.787150 
0.750000 1.790969 
0.751000 1.794715 
0.752000 1.798386 
0.753000 1.801983 
0.754000 1.805504 
0.755000 1.808950 
0.756000 1.812319 
0.757000 1.815612 
0.758000 1.818828 
0.759000 1.821966 
0.760000 1.825026 
0.761000 1.828007 
0.762000 1.830909 
0.763000 1.833732 
0.764000 1.836474 
0.765000 1.839136 
0.766000 1.841718 
0.767000 1.844217 
0.768000 1.846635 
0.769000 1.848971 
0.770000 1.851224 
0.771000 1.853394 
0.772000 1.855480 
0.773000 1.857482 
0.774000 1.859400 
0.775000 1.861232 
0.776000 1.862980 
0.777000 1.864641 
0.778000 1.866217 
0.779000 1.867705 
0.780000 1.869107 
0.781000 1.870422 
0.782000 1.871648 
0.783000 1.872787 
0.784000 1.873837 
0.785000 1.874797 
0.786000 1.875669 
0.787000 1.876451 
0.788000 1.877143 
0.789000 1.877744 
0.790000 1.878254 
0.791000 1.878674 
0.792000 1.879002 
0.793000 1.879238 
0.794000 1.879381 
0.795000 1.879433 
0.796000 1.879391 
0.797000 1.879257 
0.798000 1.879029 
0.799000 1.878707 
0.800000 1.878291 
0.801000 1.877780 
0.802000 1.877176 
0.803000 1.876476 
0.804000 1.875681 
0.805000 1.874790 
0.806000 1.873804 
0.807000 1.872722 
0.808000 1.871544 
0.809000 1.870269 
0.810000 1.868898 
0.811000 1.867430 
0.812000 1.865864 
0.813000 1.864202 
0.814000 1.862442 
0.815000 1.860584 
0.816000 1.858628 
0.817000 1.856575 
0.818000 1.854423 
0.819000 1.852173 
0.820000 1.849824 
0.821000 1.847377 
0.822000 1.844831 
0.823000 1.842186 
0.824000 1.839443 
0.825000 1.836600 
0.826000 1.833658 
0.827000 1.830616 
0.828000 1.827476 
0.829000 1.824236 
0.830000 1.820896 
0.831000 1.817457 
0.832000 1.813919 
0.833000 1.810281 
0.834000 1.806543 
0.835000 1.802706 
0.836000 1.798769 
0.837000 1.794732 
0.838000 1.790596 
0.839000 1.786361 
0.840000 1.782026 
0.841000 1.777591 
0.842000 1.773058 
0.843000 1.768424 
0.844000 1.763692 
0.845000 1.758861 
0.846000 1.753930 
0.847000 1.748901 
0.848000 1.743773 
0.849000 1.738546 
0.850000 1.733220 
0.851000 1.727797 
0.852000 1.722275 
0.853000 1.716655 
0.854000 1.710937 
0.855000 1.705122 
0.856000 1.699209 
0.857000 1.693199 
0.858000 1.687092 
0.859000 1.680889 
0.860000 1.674589 
0.861000 1.668192 
0.862000 1.661700 
0.863000 1.655112 
0.864000 1.648429 
0.865000 1.641651 
0.866000 1.634778 
0.867000 1.627810 
0.868000 1.620749 
0.869000 1.613594 
0.870000 1.606345 
0.871000 1.599004 
0.872000 1.591569 
0.873000 1.584043 
0.874000 1.576425 
0.875000 1.568716 
0.876000 1.560915 
0.877000 1.553024 
0.878000 1.545043 
0.879000 1.536972 
0.880000 1.528813 
0.881000 1.520564 
0.882000 1.512228 
0.883000 1.503803 
0.884000 1.495292 
0.885000 1.486694 
0.886000 1.478009 
0.887000 1.469239 
0.888000 1.460384 
0.889000 1.451445 
0.890000 1.442422 
0.891000 1.433315 
0.892000 1.424126 
0.893000 1.414854 
0.894000 1.405501 
0.895000 1.396068 
0.896000 1.386553 
0.897000 1.376960 
0.898000 1.367287 
0.899000 1.357536 
0.900000 1.347707 
0.901000 1.337801 
0.902000 1.327819 
0.903000 1.317762 
0.904000 1.307629 
0.905000 1.297422 
0.906000 1.287142 
0.907000 1.276789 
0.908000 1.266364 
0.909000 1.255868 
0.910000 1.245301 
0.911000 1.234664 
0.912000 1.223959 
0.913000 1.213185 
0.914000 1.202344 
0.915000 1.191436 
0.916000 1.180462 
0.917000 1.169423 
0.918000 1.158320 
0.919000 1.147154 
0.920000 1.135925 
0.921000 1.124634 
0.922000 1.113282 
0.923000 1.101870 
0.924000 1.090399 
0.925000 1.078870 
0.926000 1.067283 
0.927000 1.055640 
0.928000 1.043940 
0.929000 1.032186 
0.930000 1.020378 
0.931000 1.008516 
0.932000 0.996603 
0.933000 0.984638 
0.934000 0.972622 
0.935000 0.960558 
0.936000 0.948444 
0.937000 0.936283 
0.938000 0.924075 
0.939000 0.911821 
0.940000 0.899522 
0.941000 0.887179 
0.942000 0.874794 
0.943000 0.862366 
0.944000 0.849897 
0.945000 0.837387 
0.946000 0.824839 
0.947000 0.812251 
0.948000 0.799627 
0.949000 0.786966 
0.950000 0.774270 
0.951000 0.761539 
0.952000 0.748774 
0.953000 0.735977 
0.954000 0.723148 
0.955000 0.710289 
0.956000 0.697399 
0.957000 0.684481 
0.958000 0.671535 
0.959000 0.658563 
0.960000 0.645564 
0.961000 0.632540 
0.962000 0.619493 
0.963000 0.606422 
0.964000 0.593330 
0.965000 0.580216 
0.966000 0.567082 
0.967000 0.553929 
0.968000 0.540758 
0.969000 0.527570 
0.970000 0.514365 
0.971000 0.501145 
0.972000 0.487911 
0.973000 0.474663 
0.974000 0.461403 
0.975000 0.448131 
0.976000 0.434849 
0.977000 0.421557 
0.978000 0.408256 
0.979000 0.394948 
0.980000 0.381632 
0.981000 0.368311 
0.982000 0.354985 
0.983000 0.341655 
0.984000 0.328322 
0.985000 0.314987 
0.986000 0.301650 
0.987000 0.288314 
0.988000 0.274977 
0.989000 0.261642 
0.990000 0.248310 
0.991000 0.234981 
0.992000 0.221656 
0.993000 0.208336 
0.994000 0.195022 
0.995000 0.181715 
0.996000 0.168415 
0.997000 0.155124 
0.998000 0.141843 
0.999000 0.128572 
1.000000 0.115312 
1.001000 0.102064 
1.002000 0.088829 
1.003000 0.075607 
1.004000 0.062400 
1.005000 0.049209 
1.006000 0.036033 
1.007000 0.022875 
1.008000 0.009735 
1.009000 -0.003387 
1.010000 -0.016490 
1.011000 -0.029572 
1.012000 -0.042634 
1.013000 -0.055673 
1.014000 -0.068690 
1.015000 -0.081684 
1.016000 -0.094653 
1.017000 -0.107598 
1.018000 -0.120517 
1.019000 -0.133410 
1.020000 -0.146276 
1.021000 -0.159114 
1.022000 -0.171923 
1.023000 -0.184704 
1.024000 -0.197454 
1.025000 -0.210174 
1.026000 -0.222862 
1.027000 -0.235518 
1.028000 -0.248142 
1.029000 -0.260732 
1.030000 -0.273288 
1.031000 -0.285809 
1.032000 -0.298295 
1.033000 -0.310745 
1.034000 -0.323158 
1.035000 -0.335534 
1.036000 -0.347873 
1.037000 -0.360172 
1.038000 -0.372433 
1.039000 -0.384653 
1.040000 -0.396834 
1.041000 -0.408973 
1.042000 -0.421071 
1.043000 -0.433127 
1.044000 -0.445140 
1.045000 -0.457110 
1.046000 -0.469036 
1.047000 -0.480918 
1.048000 -0.492755 
1.049000 -0.504547 
1.050000 -0.516293 
1.051000 -0.527992 
1.052000 -0.539645 
1.053000 -0.551250 
1.054000 -0.562807 
1.055000 -0.574316 
1.056000 -0.585776 
1.057000 -0.597186 
1.058000 -0.608547 
1.059000 -0.619858 
1.060000 -0.631117 
1.061000 -0.642326 
1.062000 -0.653483 
1.063000 -0.664588 
1.064000 -0.675641 
1.065000 -0.686640 
1.066000 -0.697587 
1.067000 -0.708480 
1.068000 -0.719319 
1.069000 -0.730103 
1.070000 -0.740832 
1.071000 -0.751507 
1.072000 -0.762126 
1.073000 -0.772688 
1.074000 -0.783195 
1.075000 -0.793645 
1.076000 -0.804038 
1.077000 -0.814374 
1.078000 -0.824652 
1.079000 -0.834873 
1.080000 -0.845035 
1.081000 -0.855138 
1.082000 -0.865183 
1.083000 -0.875169 
1.084000 -0.885095 
1.085000 -0.894962 
1.086000 -0.904768 
1.087000 -0.914515 
1.088000 -0.924201 
1.089000 -0.933826 
1.090000 -0.943390 
1.091000 -0.952893 
1.092000 -0.962335 
1.093000 -0.971715 
1.094000 -0.981033 
1.095000 -0.990289 
1.096000 -0.999483 
1.097000 -1.008614 
1.098000 -1.017682 
1.099000 -1.026688 
1.100000 -1.035630 
1.101000 -1.044510 
1.102000 -1.053325 
1.103000 -1.062077 
1.104000 -1.070766 
1.105000 -1.079390 
1.106000 -1.087950 
1.107000 -1.096446 
1.108000 -1.104878 
1.109000 -1.113245 
1.110000 -1.121547 
1.111000 -1.129785 
1.112000 -1.137958 
1.113000 -1.146065 
1.114000 -1.154108 
1.115000 -1.162085 
1.116000 -1.169997 
1.117000 -1.177844 
1.118000 -1.185625 
1.119000 -1.193340 
1.120000 -1.200990 
1.121000 -1.208574 
1.122000 -1.216092 
1.123000 -1.223544 
1.124000 -1.230930 
1.125000 -1.238250 
1.126000 -1.245504 
1.127000 -1.252692 
1.128000 -1.259813 
1.129000 -1.266868 
1.130000 -1.273857 
1.131000 -1.280780 
1.132000 -1.287636 
1.133000 -1.294426 
1.134000 -1.301150 
1.135000 -1.307807 
1.136000 -1.314398 
1.137000 -1.320922 
1.138000 -1.327379 
1.139000 -1.333771 
1.140000 -1.340095 
1.141000 -1.346354 
1.142000 -1.352546 
1.143000 -1.358671 
1.144000 -1.364730 
1.145000 -1.370723 
1.146000 -1.376649 
1.147000 -1.382509 
1.148000 -1.388302 
1.149000 -1.394029 
1.150000 -1.399690 
1.151000 -1.405285 
1.152000 -1.410813 
1.153000 -1.416275 
1.154000 -1.421671 
1.155000 -1.427001 
1.156000 -1.432265 
1.157000 -1.437463 
1.158000 -1.442596 
1.159000 -1.447662 
1.160000 -1.452662 
1.161000 -1.457597 
1.162000 -1.462466 
1.163000 -1.467270 
1.164000 -1.472008 
1.165000 -1.476680 
1.166000 -1.481287 
1.167000 -1.485829 
1.168000 -1.490306 
1.169000 -1.494718 
1.170000 -1.499064 
1.171000 -1.503346 
1.172000 -1.507563 
1.173000 -1.511715 
1.174000 -1.515802 
1.175000 -1.519825 
1.176000 -1.523783 
1.177000 -1.527677 
1.178000 -1.531507 
1.179000 -1.535272 
1.180000 -1.538974 
1.181000 -1.542611 
1.182000 -1.546185 
1.183000 -1.549695 
1.184000 -1.553141 
1.185000 -1.556524 
1.186000 -1.559844 
1.187000 -1.563100 
1.188000 -1.566293 
1.189000 -1.569423 
1.190000 -1.572490 
1.191000 -1.575495 
1.192000 -1.578437 
1.193000 -1.581316 
1.194000 -1.584133 
1.195000 -1.586888 
1.196000 -1.589580 
1.197000 -1.592211 
1.198000 -1.594780 
1.199000 -1.597287 
1.200000 -1.599732 
1.201000 -1.602116 
1.202000 -1.604439 
1.203000 -1.606700 
1.204000 -1.608901 
1.205000 -1.611041 
1.206000 -1.613120 
1.207000 -1.615138 
1.208000 -1.617096 
1.209000 -1.618994 
1.210000 -1.620831 
1.211000 -1.622609 
1.212000 -1.624326 
1.213000 -1.625984 
1.214000 -1.627583 
1.215000 -1.629122 
1.216000 -1.630602 
1.217000 -1.632023 
1.218000 -1.633384 
1.219000 -1.634687 
1.220000 -1.635932 
1.221000 -1.637118 
1.222000 -1.638245 
1.223000 -1.639315 
1.224000 -1.640326 
1.225000 -1.641280 
1.226000 -1.642176 
1.227000 -1.643014 
1.228000 -1.643796 
1.229000 -1.644519 
1.230000 -1.645186 
1.231000 -1.645796 
1.232000 -1.646350 
1.233000 -1.646846 
1.234000 -1.647287 
1.235000 -1.647671 
1.236000 -1.647999 
1.237000 -1.648271 
1.238000 -1.648488 
1.239000 -1.648649 
1.240000 -1.648754 
1.241000 -1.648805 
1.242000 -1.648800 
1.243000 -1.648740 
1.244000 -1.648626 
1.245000 -1.648457 
1.246000 -1.648233 
1.247000 -1.647956 
1.248000 -1.647624 
1.249000 -1.647239 
1.250000 -1.646799 
1.251000 -1.646306 
1.252000 -1.645760 
1.253000 -1.645161 
1.254000 -1.644508 
1.255000 -1.643803 
1.256000 -1.643044 
1.257000 -1.642234 
1.258000 -1.641371 
1.259000 -1.640455 
1.260000 -1.639488 
1.261000 -1.638469 
1.262000 -1.637398 
1.263000 -1.636275 
1.264000 -1.635101 
1.265000 -1.633876 
1.266000 -1.632600 
1.267000 -1.631273 
1.268000 -1.629895 
1.269000 -1.628467 
1.270000 -1.626988 
1.271000 -1.625459 
1.272000 -1.623881 
1.273000 -1.622252 
1.274000 -1.620573 
1.275000 -1.618845 
1.276000 -1.617068 
1.277000 -1.615242 
1.278000 -1.613366 
1.279000 -1.611442 
1.280000 -1.609468 
1.281000 -1.607447 
1.282000 -1.605377 
1.283000 -1.603259 
1.284000 -1.601092 
1.285000 -1.598878 
1.286000 -1.596617 
1.287000 -1.594307 
1.288000 -1.591951 
1.289000 -1.589547 
1.290000 -1.587096 
1.291000 -1.584598 
1.292000 -1.582054 
1.293000 -1.579463 
1.294000 -1.576825 
1.295000 -1.574142 
1.296000 -1.571412 
1.297000 -1.568637 
1.298000 -1.565816 
1.299000 -1.562949 
1.300000 -1.560037 
1.301000 -1.557079 
1.302000 -1.554077 
1.303000 -1.551030 
1.304000 -1.547937 
1.305000 -1.544801 
1.306000 -1.541620 
1.307000 -1.538394 
1.308000 -1.535125 
1.309000 -1.531812 
1.310000 -1.528455 
1.311000 -1.525054 
1.312000 -1.521610 
1.313000 -1.518122 
1.314000 -1.514592 
1.315000 -1.511018 
1.316000 -1.507402 
1.317000 -1.503743 
1.318000 -1.500041 
1.319000 -1.496297 
1.320000 -1.492511 
1.321000 -1.488683 
1.322000 -1.484814 
1.323000 -1.480902 
1.324000 -1.476949 
1.325000 -1.472954 
1.326000 -1.468918 
1.327000 -1.464842 
1.328000 -1.460724 
1.329000 -1.456565 
1.330000 -1.452366 
1.331000 -1.448126 
1.332000 -1.443847 
1.333000 -1.439526 
1.334000 -1.435166 
1.335000 -1.430766 
1.336000 -1.426327 
1.337000 -1.421848 
1.338000 -1.417329 
1.339000 -1.412771 
1.340000 -1.408175 
1.341000 -1.403539 
1.342000 -1.398864 
1.343000 -1.394151 
1.344000 -1.389399 
1.345000 -1.384610 
1.346000 -1.379781 
1.347000 -1.374915 
1.348000 -1.370011 
1.349000 -1.365070 
1.350000 -1.360090 
1.351000 -1.355074 
1.352000 -1.350020 
1.353000 -1.344928 
1.354000 -1.339800 
1.355000 -1.334636 
1.356000 -1.329434 
1.357000 -1.324196 
1.358000 -1.318921 
1.359000 -1.313611 
1.360000 -1.308264 
1.361000 -1.302881 
1.362000 -1.297463 
1.363000 -1.292008 
1.364000 -1.286519 
1.365000 -1.280994 
1.366000 -1.275434 
1.367000 -1.269838 
1.368000 -1.264208 
1.369000 -1.258543 
1.370000 -1.252844 
1.371000 -1.247109 
1.372000 -1.241341 
1.373000 -1.235538 
1.374000 -1.229702 
1.375000 -1.223831 
1.376000 -1.217927 
1.377000 -1.211989 
1.378000 -1.206018 
1.379000 -1.200013 
1.380000 -1.193975 
1.381000 -1.187904 
1.382000 -1.181800 
1.383000 -1.175664 
1.384000 -1.169495 
1.385000 -1.163293 
1.386000 -1.157059 
1.387000 -1.150793 
1.388000 -1.144495 
1.389000 -1.138164 
1.390000 -1.131803 
1.391000 -1.125409 
1.392000 -1.118984 
1.393000 -1.112528 
1.394000 -1.106040 
1.395000 -1.099522 
1.396000 -1.092972 
1.397000 -1.086392 
1.398000 -1.079781 
1.399000 -1.073140 
1.400000 -1.066468 
1.401000 -1.059767 
1.402000 -1.053035 
1.403000 -1.046273 
1.404000 -1.039481 
1.405000 -1.032660 
1.406000 -1.025809 
1.407000 -1.018929 
1.408000 -1.012020 
1.409000 -1.005081 
1.410000 -0.998114 
1.411000 -0.991118 
1.412000 -0.984093 
1.413000 -0.977040 
1.414000 -0.969958 
1.415000 -0.962848 
1.416000 -0.955710 
1.417000 -0.948545 
1.418000 -0.941351 
1.419000 -0.934129 
1.420000 -0.926881 
1.421000 -0.919604 
1.422000 -0.912301 
1.423000 -0.904970 
1.424000 -0.897613 
1.425000 -0.890228 
1.426000 -0.882817 
1.427000 -0.875379 
1.428000 -0.867915 
1.429000 -0.860425 
1.430000 -0.852909 
1.431000 -0.845366 
1.432000 -0.837798 
1.433000 -0.830204 
1.434000 -0.822585 
1.435000 -0.814940 
1.436000 -0.807270 
1.437000 -0.799575 
1.438000 -0.791855 
1.439000 -0.784110 
1.440000 -0.776341 
1.441000 -0.768546 
1.442000 -0.760728 
1.443000 -0.752885 
1.444000 -0.745018 
1.445000 -0.737127 
1.446000 -0.729213 
1.447000 -0.721274 
1.448000 -0.713312 
1.449000 -0.705327 
1.450000 -0.697319 
1.451000 -0.689287 
1.452000 -0.681233 
1.453000 -0.673155 
1.454000 -0.665055 
1.455000 -0.656933 
1.456000 -0.648788 
1.457000 -0.640621 
1.458000 -0.632432 
1.459000 -0.624221 
1.460000 -0.615989 
1.461000 -0.607734 
1.462000 -0.599459 
1.463000 -0.591162 
1.464000 -0.582843 
1.465000 -0.574504 
1.466000 -0.566144 
1.467000 -0.557763 
1.468000 -0.549362 
1.469000 -0.540940 
1.470000 -0.532499 
1.471000 -0.524036 
1.472000 -0.515555 
1.473000 -0.507053 
1.474000 -0.498531 
1.475000 -0.489991 
1.476000 -0.481431 
1.477000 -0.472851 
1.478000 -0.464253 
1.479000 -0.455636 
1.480000 -0.447000 
1.481000 -0.438346 
1.482000 -0.429673 
1.483000 -0.420982 
1.484000 -0.412273 
1.485000 -0.403546 
1.486000 -0.394802 
1.487000 -0.386040 
1.488000 -0.377260 
1.489000 -0.368464 
1.490000 -0.359650 
1.491000 -0.350819 
1.492000 -0.341972 
1.493000 -0.333108 
1.494000 -0.324227 
1.495000 -0.315331 
1.496000 -0.306418 
1.497000 -0.297489 
1.498000 -0.288545 
1.499000 -0.279585 
