# time Tc_folded Tref_folded model model_err 
59318.650141 0.000000 0.000000    -0.190190     0.817480 
59318.687751 0.000000 0.000000    -0.253562     0.804733 
59318.725361 0.000000 0.000000    -0.327057     0.783758 
59318.762971 0.000000 0.000000    -0.406068     0.751598 
59318.800582 0.000000 0.000000    -0.484241     0.705272 
59318.838192 0.000000 0.000000    -0.554125     0.642351 
59318.875802 0.000000 0.000000    -0.608226     0.562633 
59318.913412 0.000000 0.000000    -0.640265     0.476136 
59318.951022 0.000000 0.000000    -0.646340     0.432142 
59318.988632 0.000000 0.000000    -0.625684     0.483369 
59319.026243 0.000000 0.000000    -0.580815     0.570384 
59319.063853 0.000000 0.000000    -0.517021     0.648727 
59319.101463 0.000000 0.000000    -0.441336     0.710090 
59319.139073 0.000000 0.000000    -0.361265     0.755028 
59319.176683 0.000000 0.000000    -0.283583     0.786062 
59319.214293 0.000000 0.000000    -0.213472     0.806197 
59319.251903 0.000000 0.000000    -0.154101     0.818390 
59319.289514 0.000000 0.000000    -0.106674     0.825241 
59319.327124 0.000000 0.000000    -0.070801     0.828792 
59319.364734 0.000000 0.000000    -0.045032     0.830484 
59319.402344 0.000000 0.000000    -0.027405     0.831223 
59319.439954 0.000000 0.000000    -0.015885     0.831517 
59319.477564 0.000000 0.000000    -0.008661     0.831621 
59319.515175 0.000000 0.000000    -0.004298     0.831641 
59319.552785 0.000000 0.000000    -0.001791     0.831601 
59319.590395 0.000000 0.000000    -0.000563     0.831455 
59319.628005 0.000000 0.000000    -0.000445     0.831065 
59319.665615 0.000000 0.000000    -0.001659     0.830123 
59319.703225 0.000000 0.000000    -0.004791     0.828037 
59319.740836 0.000000 0.000000    -0.010736     0.823795 
59319.778446 0.000000 0.000000    -0.020578     0.815848 
59319.816056 0.000000 0.000000    -0.035381     0.802073 
59319.853666 0.000000 0.000000    -0.055896     0.779861 
59319.891276 0.000000 0.000000    -0.082227     0.746323 
59319.928886 0.000000 0.000000    -0.113537     0.698630 
59319.966496 0.000000 0.000000    -0.147908     0.634591 
59320.004107 0.000000 0.000000    -0.182428     0.554515 
59320.041717 0.000000 0.000000    -0.213557     0.470051 
59320.079327 0.000000 0.000000    -0.237713     0.432918 
59320.116937 0.000000 0.000000    -0.251945     0.487849 
59320.154547 0.000000 0.000000    -0.254532     0.573766 
59320.192157 0.000000 0.000000    -0.245319     0.650498 
59320.229768 0.000000 0.000000    -0.225722     0.710683 
59320.267378 0.000000 0.000000    -0.198391     0.754927 
59320.304988 0.000000 0.000000    -0.166645     0.785648 
59320.342598 0.000000 0.000000    -0.133839     0.805722 
59320.380208 0.000000 0.000000    -0.102831     0.817990 
59320.417818 0.000000 0.000000    -0.075639     0.824958 
59320.455428 0.000000 0.000000    -0.053349     0.828617 
59320.493039 0.000000 0.000000    -0.036214     0.830379 
59320.530649 0.000000 0.000000    -0.023880     0.831137 
59320.568259 0.000000 0.000000    -0.015652     0.831371 
59320.605869 0.000000 0.000000    -0.010723     0.831246 
59320.643479 0.000000 0.000000    -0.008326     0.830665 
59320.681089 0.000000 0.000000    -0.007811     0.829227 
59320.718700 0.000000 0.000000    -0.008650     0.826133 
59320.756310 0.000000 0.000000    -0.010402     0.820057 
59320.793920 0.000000 0.000000    -0.012665     0.809067 
59320.831530 0.000000 0.000000    -0.015041     0.790656 
59320.869140 0.000000 0.000000    -0.017130     0.761904 
59320.906750 0.000000 0.000000    -0.018553     0.719775 
59320.944360 0.000000 0.000000    -0.019006     0.661586 
59320.981971 0.000000 0.000000    -0.018314     0.586171 
59321.019581 0.000000 0.000000    -0.016474     0.498994 
59321.057191 0.000000 0.000000    -0.013665     0.435002 
59321.094801 0.000000 0.000000    -0.010213     0.462351 
59321.132411 0.000000 0.000000    -0.006517     0.546644 
59321.170021 0.000000 0.000000    -0.002954     0.629026 
59321.207632 0.000000 0.000000     0.000219     0.695169 
59321.245242 0.000000 0.000000     0.002951     0.744390 
59321.282852 0.000000 0.000000     0.005456     0.778915 
59321.320462 0.000000 0.000000     0.008261     0.801691 
59321.358072 0.000000 0.000000     0.012233     0.815724 
59321.395682 0.000000 0.000000     0.018604     0.823710 
59321.433293 0.000000 0.000000     0.028972     0.827775 
59321.470903 0.000000 0.000000     0.045251     0.829335 
59321.508513 0.000000 0.000000     0.069532     0.829040 
59321.546123 0.000000 0.000000     0.103815     0.826764 
59321.583733 0.000000 0.000000     0.149595     0.821606 
59321.621343 0.000000 0.000000     0.207339     0.811917 
59321.658953 0.000000 0.000000     0.275968     0.795370 
59321.696564 0.000000 0.000000     0.352470     0.769150 
59321.734174 0.000000 0.000000     0.431843     0.730234 
59321.771784 0.000000 0.000000     0.507458     0.675821 
59321.809394 0.000000 0.000000     0.571890     0.604226 
59321.847004 0.000000 0.000000     0.618082     0.518447 
59321.884614 0.000000 0.000000     0.640612     0.443333 
59321.922225 0.000000 0.000000     0.636729     0.448076 
59321.959835 0.000000 0.000000     0.606911     0.526573 
59321.997445 0.000000 0.000000     0.554761     0.611509 
59322.035055 0.000000 0.000000     0.486297     0.681529 
59322.072665 0.000000 0.000000     0.408805     0.734422 
59322.110275 0.000000 0.000000     0.329574     0.772050 
59322.147885 0.000000 0.000000     0.254812     0.797261 
59322.185496 0.000000 0.000000     0.188939     0.813083 
59322.223106 0.000000 0.000000     0.134353     0.822323 
59322.260716 0.000000 0.000000     0.091613     0.827314 
59322.298326 0.000000 0.000000     0.059873     0.829797 
59322.335936 0.000000 0.000000     0.037432     0.830930 
59322.373546 0.000000 0.000000     0.022221     0.831405 
59322.411157 0.000000 0.000000     0.012159     0.831587 
59322.448767 0.000000 0.000000     0.005336     0.831649 
59322.486377 0.000000 0.000000     0.000033     0.831666 
59322.523987 0.000000 0.000000    -0.005368     0.831658 
59322.561597 0.000000 0.000000    -0.012556     0.831615 
59322.599207 0.000000 0.000000    -0.023456     0.831484 
59322.636817 0.000000 0.000000    -0.040358     0.831132 
59322.674428 0.000000 0.000000    -0.065919     0.830267 
59322.712038 0.000000 0.000000    -0.102985     0.828321 
59322.749648 0.000000 0.000000    -0.154195     0.824304 
59322.787258 0.000000 0.000000    -0.221367     0.816674 
59322.824868 0.000000 0.000000    -0.304757     0.803288 
59322.862478 0.000000 0.000000    -0.402345     0.781478 
59322.900089 0.000000 0.000000    -0.509382     0.748262 
59322.937699 0.000000 0.000000    -0.618419     0.700685 
59322.975309 0.000000 0.000000    -0.719965     0.636415 
59323.012919 0.000000 0.000000    -0.803756     0.555623 
59323.050529 0.000000 0.000000    -0.860437     0.470022 
59323.088139 0.000000 0.000000    -0.883268     0.432894 
59323.125750 0.000000 0.000000    -0.869447     0.489699 
59323.163360 0.000000 0.000000    -0.820664     0.576769 
59323.200970 0.000000 0.000000    -0.742758     0.653830 
59323.238580 0.000000 0.000000    -0.644540     0.713852 
59323.276190 0.000000 0.000000    -0.536128     0.757641 
59323.313800 0.000000 0.000000    -0.427182     0.787769 
59323.351410 0.000000 0.000000    -0.325458     0.807239 
59323.389021 0.000000 0.000000    -0.235920     0.818977 
59323.426631 0.000000 0.000000    -0.160478     0.825530 
59323.464241 0.000000 0.000000    -0.098249     0.828872 
59323.501851 0.000000 0.000000    -0.046169     0.830339 
59323.539461 0.000000 0.000000     0.000252     0.830666 
59323.577071 0.000000 0.000000     0.046140     0.830036 
59323.614682 0.000000 0.000000     0.096496     0.828104 
59323.652292 0.000000 0.000000     0.155461     0.823967 
59323.689902 0.000000 0.000000     0.225614     0.816100 
59323.727512 0.000000 0.000000     0.307343     0.802356 
59323.765122 0.000000 0.000000     0.398415     0.780063 
59323.802732 0.000000 0.000000     0.493888     0.746249 
59323.840342 0.000000 0.000000     0.586518     0.697989 
59323.877953 0.000000 0.000000     0.667701     0.633022 
59323.915563 0.000000 0.000000     0.728849     0.551745 
59323.953173 0.000000 0.000000     0.762930     0.466857 
59323.990783 0.000000 0.000000     0.765838     0.433576 
59324.028393 0.000000 0.000000     0.737219     0.493002 
59324.066003 0.000000 0.000000     0.680543     0.579928 
59324.103614 0.000000 0.000000     0.602409     0.656272 
59324.141224 0.000000 0.000000     0.511244     0.715596 
59324.178834 0.000000 0.000000     0.415777     0.758814 
59324.216444 0.000000 0.000000     0.323597     0.788511 
59324.254054 0.000000 0.000000     0.240129     0.807677 
59324.291664 0.000000 0.000000     0.168106     0.819217 
59324.329274 0.000000 0.000000     0.107558     0.825647 
59324.366885 0.000000 0.000000     0.056139     0.828913 
59324.404495 0.000000 0.000000     0.009668     0.830321 
59324.442105 0.000000 0.000000    -0.037255     0.830568 
59324.479715 0.000000 0.000000    -0.090590     0.829789 
59324.517325 0.000000 0.000000    -0.156134     0.827571 
59324.554935 0.000000 0.000000    -0.238686     0.822918 
59324.592546 0.000000 0.000000    -0.341091     0.814203 
59324.630156 0.000000 0.000000    -0.463292     0.799178 
59324.667766 0.000000 0.000000    -0.601566     0.775103 
59324.705376 0.000000 0.000000    -0.748255     0.738986 
59324.742986 0.000000 0.000000    -0.892225     0.687962 
59324.780596 0.000000 0.000000    -1.020166     0.620012 
59324.818207 0.000000 0.000000    -1.118609     0.536541 
59324.855817 0.000000 0.000000    -1.176278     0.454988 
59324.893427 0.000000 0.000000    -1.186232     0.438352 
59324.931037 0.000000 0.000000    -1.147254     0.507790 
59324.968647 0.000000 0.000000    -1.064097     0.594155 
59325.006257 0.000000 0.000000    -0.946537     0.667656 
59325.043867 0.000000 0.000000    -0.807481     0.724059 
59325.081478 0.000000 0.000000    -0.660648     0.764748 
59325.119088 0.000000 0.000000    -0.518392     0.792426 
59325.156698 0.000000 0.000000    -0.390124     0.810094 
59325.194308 0.000000 0.000000    -0.281584     0.820608 
59325.231918 0.000000 0.000000    -0.194926     0.826407 
59325.269528 0.000000 0.000000    -0.129403     0.829355 
59325.307139 0.000000 0.000000    -0.082346     0.830734 
59325.344749 0.000000 0.000000    -0.050149     0.831325 
59325.382359 0.000000 0.000000    -0.029055     0.831556 
59325.419969 0.000000 0.000000    -0.015663     0.831638 
59325.457579 0.000000 0.000000    -0.007155     0.831658 
59325.495189 0.000000 0.000000    -0.001316     0.831640 
59325.532799 0.000000 0.000000     0.003573     0.831565 
59325.570410 0.000000 0.000000     0.008881     0.831349 
59325.608020 0.000000 0.000000     0.015758     0.830797 
59325.645630 0.000000 0.000000     0.025197     0.829505 
59325.683240 0.000000 0.000000     0.038018     0.826732 
59325.720850 0.000000 0.000000     0.054772     0.821260 
59325.758460 0.000000 0.000000     0.075589     0.811299 
59325.796071 0.000000 0.000000     0.100017     0.794496 
59325.833681 0.000000 0.000000     0.126913     0.768071 
59325.871291 0.000000 0.000000     0.154444     0.729076 
59325.908901 0.000000 0.000000     0.180253     0.674801 
59325.946511 0.000000 0.000000     0.201758     0.603654 
59325.984121 0.000000 0.000000     0.216580     0.518646 
59326.021731 0.000000 0.000000     0.222968     0.443971 
59326.059342 0.000000 0.000000     0.220143     0.447113 
59326.096952 0.000000 0.000000     0.208452     0.524052 
59326.134562 0.000000 0.000000     0.189300     0.608497 
59326.172172 0.000000 0.000000     0.164871     0.678581 
59326.209782 0.000000 0.000000     0.137721     0.731831 
59326.247392 0.000000 0.000000     0.110345     0.769962 
59326.285003 0.000000 0.000000     0.084815     0.795714 
59326.322613 0.000000 0.000000     0.062578     0.812030 
59326.360223 0.000000 0.000000     0.044396     0.821666 
59326.397833 0.000000 0.000000     0.030451     0.826940 
59326.435443 0.000000 0.000000     0.020531     0.829601 
59326.473053 0.000000 0.000000     0.014253     0.830832 
59326.510664 0.000000 0.000000     0.011286     0.831340 
59326.548274 0.000000 0.000000     0.011523     0.831490 
59326.585884 0.000000 0.000000     0.015196     0.831403 
59326.623494 0.000000 0.000000     0.022923     0.831006 
59326.661104 0.000000 0.000000     0.035660     0.830001 
59326.698714 0.000000 0.000000     0.054553     0.827774 
59326.736324 0.000000 0.000000     0.080692     0.823263 
59326.773935 0.000000 0.000000     0.114756     0.814850 
59326.811545 0.000000 0.000000     0.156632     0.800335 
59326.849155 0.000000 0.000000     0.205066     0.777032 
59326.886765 0.000000 0.000000     0.257470     0.741995 
59326.924375 0.000000 0.000000     0.309994     0.692374 
59326.961985 0.000000 0.000000     0.357899     0.626074 
59326.999596 0.000000 0.000000     0.396226     0.543996 
59327.037206 0.000000 0.000000     0.420626     0.460946 
59327.074816 0.000000 0.000000     0.428177     0.435473 
59327.112426 0.000000 0.000000     0.417953     0.499396 
59327.150036 0.000000 0.000000     0.391224     0.585779 
59327.187646 0.000000 0.000000     0.351198     0.660665 
59327.225256 0.000000 0.000000     0.302412     0.718645 
59327.262867 0.000000 0.000000     0.249920     0.760802 
59327.300477 0.000000 0.000000     0.198498     0.789725 
59327.338087 0.000000 0.000000     0.152056     0.808363 
59327.375697 0.000000 0.000000     0.113353     0.819563 
59327.413307 0.000000 0.000000     0.084025     0.825770 
59327.450917 0.000000 0.000000     0.064846     0.828839 
59327.488528 0.000000 0.000000     0.056084     0.829955 
59327.526138 0.000000 0.000000     0.057828     0.829623 
59327.563748 0.000000 0.000000     0.070163     0.827676 
59327.601358 0.000000 0.000000     0.093129     0.823272 
59327.638968 0.000000 0.000000     0.126498     0.814874 
59327.676578 0.000000 0.000000     0.169407     0.800286 
59327.714188 0.000000 0.000000     0.219989     0.776788 
59327.751799 0.000000 0.000000     0.275138     0.741385 
59327.789409 0.000000 0.000000     0.330539     0.691177 
59327.827019 0.000000 0.000000     0.381041     0.624053 
59327.864629 0.000000 0.000000     0.421329     0.541084 
59327.902239 0.000000 0.000000     0.446792     0.458239 
59327.939849 0.000000 0.000000     0.454356     0.436697 
59327.977460 0.000000 0.000000     0.443084     0.503729 
59328.015070 0.000000 0.000000     0.414354     0.590458 
59328.052680 0.000000 0.000000     0.371582     0.664817 
59328.090290 0.000000 0.000000     0.319554     0.722031 
59328.127900 0.000000 0.000000     0.263548     0.763384 
59328.165510 0.000000 0.000000     0.208472     0.791564 
59328.203121 0.000000 0.000000     0.158215     0.809586 
59328.240731 0.000000 0.000000     0.115312     0.820330 
59328.278341 0.000000 0.000000     0.080949     0.826267 
59328.315951 0.000000 0.000000     0.055225     0.829290 
59328.353561 0.000000 0.000000     0.037580     0.830705 
59328.391171 0.000000 0.000000     0.027257     0.831307 
59328.428781 0.000000 0.000000     0.023709     0.831530 
59328.466392 0.000000 0.000000     0.026908     0.831564 
59328.504002 0.000000 0.000000     0.037490     0.831442 
59328.541612 0.000000 0.000000     0.056738     0.831055 
59328.579222 0.000000 0.000000     0.086369     0.830101 
59328.616832 0.000000 0.000000     0.128116     0.827982 
59328.654442 0.000000 0.000000     0.183145     0.823666 
59328.692053 0.000000 0.000000     0.251383     0.815570 
59328.729663 0.000000 0.000000     0.330893     0.801526 
59328.767273 0.000000 0.000000     0.417506     0.778868 
59328.804883 0.000000 0.000000     0.504878     0.744651 
59328.842493 0.000000 0.000000     0.585083     0.695994 
59328.880103 0.000000 0.000000     0.649721     0.630712 
59328.917713 0.000000 0.000000     0.691335     0.549362 
59328.955324 0.000000 0.000000     0.704820     0.465183 
59328.992934 0.000000 0.000000     0.688447     0.434022 
59329.030544 0.000000 0.000000     0.644230     0.494387 
59329.068154 0.000000 0.000000     0.577513     0.580967 
59329.105764 0.000000 0.000000     0.495915     0.656855 
59329.143374 0.000000 0.000000     0.407898     0.715845 
59329.180985 0.000000 0.000000     0.321350     0.758861 
59329.218595 0.000000 0.000000     0.242497     0.788460 
59329.256205 0.000000 0.000000     0.175335     0.807596 
59329.293815 0.000000 0.000000     0.121619     0.819148 
59329.331425 0.000000 0.000000     0.081272     0.825619 
59329.369035 0.000000 0.000000     0.053052     0.828964 
59329.406645 0.000000 0.000000     0.035273     0.830554 
59329.444256 0.000000 0.000000     0.026442     0.831244 
59329.481866 0.000000 0.000000     0.025745     0.831504 
59329.519476 0.000000 0.000000     0.033347     0.831553 
59329.557086 0.000000 0.000000     0.050497     0.831434 
59329.594696 0.000000 0.000000     0.079418     0.831043 
59329.632306 0.000000 0.000000     0.122969     0.830082 
59329.669917 0.000000 0.000000     0.184036     0.827958 
59329.707527 0.000000 0.000000     0.264691     0.823655 
59329.745137 0.000000 0.000000     0.365200     0.815621 
59329.782747 0.000000 0.000000     0.483097     0.801736 
59329.820357 0.000000 0.000000     0.612579     0.779401 
59329.857967 0.000000 0.000000     0.744516     0.745749 
59329.895578 0.000000 0.000000     0.867250     0.697969 
59329.933188 0.000000 0.000000     0.968168     0.633902 
59329.970798 0.000000 0.000000     1.035793     0.553899 
59330.008408 0.000000 0.000000     1.061919     0.469699 
59330.046018 0.000000 0.000000     1.043245     0.433001 
59330.083628 0.000000 0.000000     0.982059     0.487974 
59330.121238 0.000000 0.000000     0.885779     0.573730 
59330.158849 0.000000 0.000000     0.765472     0.650351 
59330.196459 0.000000 0.000000     0.633767     0.710494 
59330.234069 0.000000 0.000000     0.502696     0.754742 
59330.271679 0.000000 0.000000     0.381977     0.785493 
59330.309289 0.000000 0.000000     0.278035     0.805603 
59330.346899 0.000000 0.000000     0.193836     0.817892 
59330.384510 0.000000 0.000000     0.129379     0.824838 
59330.422120 0.000000 0.000000     0.082554     0.828366 
59330.459730 0.000000 0.000000     0.050093     0.829749 
59330.497340 0.000000 0.000000     0.028380     0.829580 
59330.534950 0.000000 0.000000     0.014023     0.827775 
59330.572560 0.000000 0.000000     0.004170     0.823569 
59330.610170 0.000000 0.000000    -0.003377     0.815507 
59330.647781 0.000000 0.000000    -0.010157     0.801484 
59330.685391 0.000000 0.000000    -0.017107     0.778868 
59330.723001 0.000000 0.000000    -0.024624     0.744741 
59330.760611 0.000000 0.000000    -0.032642     0.696248 
59330.798221 0.000000 0.000000    -0.040721     0.631214 
59330.835831 0.000000 0.000000    -0.048174     0.550164 
59330.873442 0.000000 0.000000    -0.054215     0.466034 
59330.911052 0.000000 0.000000    -0.058137     0.433780 
59330.948662 0.000000 0.000000    -0.059461     0.493037 
59330.986272 0.000000 0.000000    -0.058047     0.579415 
59331.023882 0.000000 0.000000    -0.054115     0.655431 
59331.061492 0.000000 0.000000    -0.048203     0.714654 
59331.099102 0.000000 0.000000    -0.041043     0.757932 
59331.136713 0.000000 0.000000    -0.033428     0.787784 
59331.174323 0.000000 0.000000    -0.026079     0.807140 
59331.211933 0.000000 0.000000    -0.019566     0.818864 
59331.249543 0.000000 0.000000    -0.014286     0.825456 
59331.287153 0.000000 0.000000    -0.010519     0.828879 
59331.324763 0.000000 0.000000    -0.008536     0.830514 
59331.362374 0.000000 0.000000    -0.008769     0.831230 
59331.399984 0.000000 0.000000    -0.012019     0.831513 
59331.437594 0.000000 0.000000    -0.019685     0.831598 
59331.475204 0.000000 0.000000    -0.033991     0.831570 
59331.512814 0.000000 0.000000    -0.058142     0.831400 
59331.550424 0.000000 0.000000    -0.096315     0.830940 
59331.588035 0.000000 0.000000    -0.153376     0.829855 
59331.625645 0.000000 0.000000    -0.234186     0.827519 
59331.663255 0.000000 0.000000    -0.342464     0.822902 
59331.700865 0.000000 0.000000    -0.479263     0.814498 
59331.738475 0.000000 0.000000    -0.641318     0.800348 
59331.776085 0.000000 0.000000    -0.819700     0.778209 
59331.813695 0.000000 0.000000    -0.999333     0.745869 
59331.851306 0.000000 0.000000    -1.159849     0.701625 
59331.888916 0.000000 0.000000    -1.278046     0.645010 
59331.926526 0.000000 0.000000    -1.331721     0.578075 
59331.964136 0.000000 0.000000    -1.304213     0.507993 
59332.001746 0.000000 0.000000    -1.188565     0.450559 
59332.039356 0.000000 0.000000    -0.990121     0.423302 
59332.076967 0.000000 0.000000    -0.726700     0.420272 
59332.114577 0.000000 0.000000    -0.426035     0.419014 
59332.152187 0.000000 0.000000    -0.120993     0.412257 
59332.189797 0.000000 0.000000     0.156310     0.417860 
59332.227407 0.000000 0.000000     0.380037     0.460207 
59332.265017 0.000000 0.000000     0.534500     0.530840 
59332.302627 0.000000 0.000000     0.615602     0.606067 
59332.340238 0.000000 0.000000     0.629770     0.672634 
59332.377848 0.000000 0.000000     0.591002     0.725946 
59332.415458 0.000000 0.000000     0.517000     0.765535 
59332.453068 0.000000 0.000000     0.425449     0.792911 
59332.490678 0.000000 0.000000     0.331218     0.810497 
59332.528288 0.000000 0.000000     0.244854     0.820942 
59332.565899 0.000000 0.000000     0.172320     0.826651 
59332.603509 0.000000 0.000000     0.115662     0.829510 
59332.641119 0.000000 0.000000     0.074140     0.830819 
59332.678729 0.000000 0.000000     0.045431     0.831366 
59332.716339 0.000000 0.000000     0.026633     0.831575 
59332.753949 0.000000 0.000000     0.014945     0.831647 
59332.791559 0.000000 0.000000     0.008032     0.831671 
59332.829170 0.000000 0.000000     0.004135     0.831677 
59332.866780 0.000000 0.000000     0.002041     0.831679 
59332.904390 0.000000 0.000000     0.000965     0.831680 
59332.942000 0.000000 0.000000     0.000438     0.831680 
59332.979610 0.000000 0.000000     0.000190     0.831680 
59333.017220 0.000000 0.000000     0.000079     0.831680 
59333.054831 0.000000 0.000000     0.000032     0.831680 
59333.092441 0.000000 0.000000     0.000012     0.831680 
59333.130051 0.000000 0.000000     0.000004     0.831680 
59333.167661 0.000000 0.000000     0.000002     0.831680 
59333.205271 0.000000 0.000000     0.000001     0.831680 
59333.242881 0.000000 0.000000     0.000000     0.831680 
59333.280492 0.000000 0.000000     0.000001     0.831680 
59333.318102 0.000000 0.000000     0.000001     0.831680 
59333.355712 0.000000 0.000000     0.000004     0.831680 
59333.393322 0.000000 0.000000     0.000009     0.831680 
59333.430932 0.000000 0.000000     0.000023     0.831680 
59333.468542 0.000000 0.000000     0.000055     0.831680 
59333.506152 0.000000 0.000000     0.000125     0.831680 
59333.543763 0.000000 0.000000     0.000274     0.831680 
59333.581373 0.000000 0.000000     0.000575     0.831679 
59333.618983 0.000000 0.000000     0.001158     0.831677 
59333.656593 0.000000 0.000000     0.002234     0.831670 
59333.694203 0.000000 0.000000     0.004137     0.831647 
59333.731813 0.000000 0.000000     0.007348     0.831576 
59333.769424 0.000000 0.000000     0.012517     0.831376 
59333.807034 0.000000 0.000000     0.020452     0.830857 
59333.844644 0.000000 0.000000     0.032049     0.829625 
59333.882254 0.000000 0.000000     0.048166     0.826946 
59333.919864 0.000000 0.000000     0.069421     0.821601 
59333.957474 0.000000 0.000000     0.095953     0.811775 
59333.995084 0.000000 0.000000     0.127182     0.795060 
59334.032695 0.000000 0.000000     0.161653     0.768585 
59334.070305 0.000000 0.000000     0.197028     0.729281 
59334.107915 0.000000 0.000000     0.230275     0.674286 
59334.145525 0.000000 0.000000     0.258068     0.601824 
59334.183135 0.000000 0.000000     0.277324     0.514798 
59334.220745 0.000000 0.000000     0.285761     0.438774 
59334.258356 0.000000 0.000000     0.282343     0.445732 
59334.295966 0.000000 0.000000     0.267491     0.526562 
59334.333576 0.000000 0.000000     0.242996     0.612291 
59334.371186 0.000000 0.000000     0.211665     0.682458 
59334.408796 0.000000 0.000000     0.176791     0.735260 
59334.446406 0.000000 0.000000     0.141588     0.772713 
59334.484016 0.000000 0.000000     0.108722     0.797737 
59334.521627 0.000000 0.000000     0.080028     0.813396 
59334.559237 0.000000 0.000000     0.056420     0.822510 
59334.596847 0.000000 0.000000     0.037987     0.827417 
59334.634457 0.000000 0.000000     0.024183     0.829848 
59334.672067 0.000000 0.000000     0.014031     0.830953 
59334.709677 0.000000 0.000000     0.006290     0.831412 
59334.747288 0.000000 0.000000    -0.000467     0.831582 
59334.784898 0.000000 0.000000    -0.007856     0.831622 
59334.822508 0.000000 0.000000    -0.017753     0.831574 
59334.860118 0.000000 0.000000    -0.032362     0.831388 
59334.897728 0.000000 0.000000    -0.054239     0.830893 
59334.935338 0.000000 0.000000    -0.086167     0.829711 
59334.972949 0.000000 0.000000    -0.130852     0.827131 
59335.010559 0.000000 0.000000    -0.190401     0.821965 
59335.048169 0.000000 0.000000    -0.265649     0.812436 
59335.085779 0.000000 0.000000    -0.355452     0.796172 
59335.123389 0.000000 0.000000    -0.456143     0.770329 
59335.160999 0.000000 0.000000    -0.561396     0.731853 
59335.198609 0.000000 0.000000    -0.662647     0.677864 
59335.236220 0.000000 0.000000    -0.750127     0.606483 
59335.273830 0.000000 0.000000    -0.814372     0.520092 
59335.311440 0.000000 0.000000    -0.847901     0.441797 
59335.349050 0.000000 0.000000    -0.846643     0.442323 
59335.386660 0.000000 0.000000    -0.810760     0.520983 
59335.424270 0.000000 0.000000    -0.744608     0.607277 
59335.461881 0.000000 0.000000    -0.655884     0.678486 
59335.499491 0.000000 0.000000    -0.554162     0.732310 
59335.537101 0.000000 0.000000    -0.449235     0.770646 
59335.574711 0.000000 0.000000    -0.349644     0.796374 
59335.612321 0.000000 0.000000    -0.261714     0.812545 
59335.649931 0.000000 0.000000    -0.189201     0.821980 
59335.687541 0.000000 0.000000    -0.133495     0.826997 
59335.725152 0.000000 0.000000    -0.094200     0.829248 
59335.762762 0.000000 0.000000    -0.069838     0.829652 
59335.800372 0.000000 0.000000    -0.058477     0.828393 
59335.837982 0.000000 0.000000    -0.058154     0.824922 
59335.875592 0.000000 0.000000    -0.067035     0.817954 
59335.913202 0.000000 0.000000    -0.083368     0.805495 
59335.950813 0.000000 0.000000    -0.105314     0.784956 
59335.988423 0.000000 0.000000    -0.130764     0.753366 
59336.026033 0.000000 0.000000    -0.157258     0.707707 
59336.063643 0.000000 0.000000    -0.182067     0.645429 
59336.101253 0.000000 0.000000    -0.202438     0.565951 
59336.138863 0.000000 0.000000    -0.215965     0.477884 
59336.176473 0.000000 0.000000    -0.220975     0.428067 
59336.214084 0.000000 0.000000    -0.216824     0.475878 
59336.251694 0.000000 0.000000    -0.204010     0.563819 
59336.289304 0.000000 0.000000    -0.184065     0.643677 
59336.326914 0.000000 0.000000    -0.159247     0.706381 
59336.364524 0.000000 0.000000    -0.132117     0.752419 
59336.402134 0.000000 0.000000    -0.105116     0.784320 
59336.439745 0.000000 0.000000    -0.080223     0.805102 
59336.477355 0.000000 0.000000    -0.058767     0.817749 
59336.514965 0.000000 0.000000    -0.041408     0.824892 
59336.552575 0.000000 0.000000    -0.028246     0.828617 
59336.590185 0.000000 0.000000    -0.019022     0.830403 
59336.627795 0.000000 0.000000    -0.013346     0.831186 
59336.665406 0.000000 0.000000    -0.010904     0.831493 
59336.703016 0.000000 0.000000    -0.011623     0.831579 
59336.740626 0.000000 0.000000    -0.015777     0.831525 
59336.778236 0.000000 0.000000    -0.024008     0.831280 
59336.815846 0.000000 0.000000    -0.037263     0.830632 
59336.853456 0.000000 0.000000    -0.056633     0.829128 
59336.891066 0.000000 0.000000    -0.083079     0.825934 
59336.928677 0.000000 0.000000    -0.117087     0.819703 
59336.966287 0.000000 0.000000    -0.158292     0.808492 
59337.003897 0.000000 0.000000    -0.205173     0.789790 
59337.041507 0.000000 0.000000    -0.254925     0.760685 
59337.079117 0.000000 0.000000    -0.303594     0.718145 
59337.116727 0.000000 0.000000    -0.346528     0.659479 
59337.154338 0.000000 0.000000    -0.379079     0.583463 
59337.191948 0.000000 0.000000    -0.397417     0.495450 
59337.229558 0.000000 0.000000    -0.399275     0.430927 
59337.267168 0.000000 0.000000    -0.384405     0.459667 
59337.304778 0.000000 0.000000    -0.354633     0.545140 
59337.342388 0.000000 0.000000    -0.313487     0.627974 
59337.379998 0.000000 0.000000    -0.265514     0.694325 
59337.417609 0.000000 0.000000    -0.215445     0.743698 
59337.455219 0.000000 0.000000    -0.167447     0.778372 
59337.492829 0.000000 0.000000    -0.124586     0.801298 
59337.530439 0.000000 0.000000    -0.088603     0.815484 
59337.568049 0.000000 0.000000    -0.059961     0.823643 
59337.605659 0.000000 0.000000    -0.038088     0.827977 
59337.643270 0.000000 0.000000    -0.021711     0.830081 
59337.680880 0.000000 0.000000    -0.009165     0.830973 
59337.718490 0.000000 0.000000     0.001349     0.831189 
59337.756100 0.000000 0.000000     0.011587     0.830873 
59337.793710 0.000000 0.000000     0.023144     0.829811 
59337.831320 0.000000 0.000000     0.037345     0.827380 
59337.868930 0.000000 0.000000     0.055114     0.822449 
59337.906541 0.000000 0.000000     0.076835     0.813289 
59337.944151 0.000000 0.000000     0.102202     0.797561 
59337.981761 0.000000 0.000000     0.130131     0.772439 
59338.019371 0.000000 0.000000     0.158774     0.734862 
59338.056981 0.000000 0.000000     0.185698     0.681912 
59338.094591 0.000000 0.000000     0.208211     0.611589 
59338.132202 0.000000 0.000000     0.223811     0.525765 
59338.169812 0.000000 0.000000     0.230641     0.445226 
59338.207422 0.000000 0.000000     0.227861     0.439220 
59338.245032 0.000000 0.000000     0.215811     0.515613 
59338.282642 0.000000 0.000000     0.195952     0.602557 
59338.320252 0.000000 0.000000     0.170566     0.674861 
59338.357863 0.000000 0.000000     0.142335     0.729702 
59338.395473 0.000000 0.000000     0.113874     0.768877 
59338.433083 0.000000 0.000000     0.087357     0.795250 
59338.470693 0.000000 0.000000     0.064293     0.811891 
59338.508303 0.000000 0.000000     0.045474     0.821667 
59338.545913 0.000000 0.000000     0.031085     0.826980 
59338.583523 0.000000 0.000000     0.020913     0.829641 
59338.621134 0.000000 0.000000     0.014597     0.830862 
59338.658744 0.000000 0.000000     0.011885     0.831373 
59338.696354 0.000000 0.000000     0.012849     0.831557 
59338.733964 0.000000 0.000000     0.018046     0.831580 
59338.771574 0.000000 0.000000     0.028591     0.831465 
59338.809184 0.000000 0.000000     0.046101     0.831105 
59338.846795 0.000000 0.000000     0.072463     0.830216 
59338.884405 0.000000 0.000000     0.109384     0.828243 
59338.922015 0.000000 0.000000     0.157723     0.824245 
59338.959625 0.000000 0.000000     0.216684     0.816819 
59338.997235 0.000000 0.000000     0.283074     0.804130 
59339.034845 0.000000 0.000000     0.350886     0.784070 
59339.072455 0.000000 0.000000     0.411511     0.754550 
59339.110066 0.000000 0.000000     0.454770     0.713852 
59339.147676 0.000000 0.000000     0.470726     0.661038 
59339.185286 0.000000 0.000000     0.451949     0.596582 
59339.222896 0.000000 0.000000     0.395658     0.524282 
59339.260506 0.000000 0.000000     0.305047     0.458082 
59339.298116 0.000000 0.000000     0.189288     0.433130 
59339.335727 0.000000 0.000000     0.062044     0.470447 
59339.373337 0.000000 0.000000    -0.061184     0.536749 
59339.410947 0.000000 0.000000    -0.166162     0.604028 
59339.448557 0.000000 0.000000    -0.242626     0.663392 
59339.486167 0.000000 0.000000    -0.285866     0.712649 
59339.523777 0.000000 0.000000    -0.296883     0.751531 
59339.561387 0.000000 0.000000    -0.281257     0.780621 
59339.598998 0.000000 0.000000    -0.247220     0.801103 
59339.636608 0.000000 0.000000    -0.203569     0.814570 
59339.674218 0.000000 0.000000    -0.157980     0.822782 
59339.711828 0.000000 0.000000    -0.116012     0.827399 
59339.749438 0.000000 0.000000    -0.080841     0.829781 
59339.787048 0.000000 0.000000    -0.053565     0.830905 
59339.824659 0.000000 0.000000    -0.033801     0.831389 
59339.862269 0.000000 0.000000    -0.020338     0.831580 
59339.899879 0.000000 0.000000    -0.011679     0.831648 
59339.937489 0.000000 0.000000    -0.006406     0.831671 
59339.975099 0.000000 0.000000    -0.003359     0.831677 
59340.012709 0.000000 0.000000    -0.001684     0.831679 
59340.050320 0.000000 0.000000    -0.000808     0.831680 
59340.087930 0.000000 0.000000    -0.000371     0.831680 
59340.125540 0.000000 0.000000    -0.000163     0.831680 
59340.163150 0.000000 0.000000    -0.000069     0.831680 
59340.200760 0.000000 0.000000    -0.000027     0.831680 
59340.238370 0.000000 0.000000    -0.000010     0.831680 
59340.275980 0.000000 0.000000    -0.000002     0.831680 
59340.313591 0.000000 0.000000     0.000004     0.831680 
59340.351201 0.000000 0.000000     0.000012     0.831680 
59340.388811 0.000000 0.000000     0.000032     0.831680 
59340.426421 0.000000 0.000000     0.000078     0.831680 
59340.464031 0.000000 0.000000     0.000179     0.831680 
59340.501641 0.000000 0.000000     0.000396     0.831680 
59340.539252 0.000000 0.000000     0.000839     0.831679 
59340.576862 0.000000 0.000000     0.001707     0.831678 
59340.614472 0.000000 0.000000     0.003331     0.831674 
59340.652082 0.000000 0.000000     0.006233     0.831660 
59340.689692 0.000000 0.000000     0.011186     0.831614 
59340.727302 0.000000 0.000000     0.019256     0.831481 
59340.764912 0.000000 0.000000     0.031787     0.831125 
59340.802523 0.000000 0.000000     0.050322     0.830253 
59340.840133 0.000000 0.000000     0.076394     0.828295 
59340.877743 0.000000 0.000000     0.111209     0.824258 
59340.915353 0.000000 0.000000     0.155231     0.816599 
59340.952963 0.000000 0.000000     0.207762     0.803174 
59340.990573 0.000000 0.000000     0.266617     0.781314 
59341.028184 0.000000 0.000000     0.328043     0.748027 
59341.065794 0.000000 0.000000     0.386976     0.700332 
59341.103404 0.000000 0.000000     0.437662     0.635827 
59341.141014 0.000000 0.000000     0.474555     0.554483 
59341.178624 0.000000 0.000000     0.493310     0.467559 
59341.216234 0.000000 0.000000     0.491623     0.428878 
59341.253844 0.000000 0.000000     0.469698     0.486408 
59341.291455 0.000000 0.000000     0.430206     0.574570 
59341.329065 0.000000 0.000000     0.377747     0.652326 
59341.366675 0.000000 0.000000     0.317975     0.712805 
59341.404285 0.000000 0.000000     0.256598     0.756922 
59341.441895 0.000000 0.000000     0.198515     0.787294 
59341.479505 0.000000 0.000000     0.147245     0.806942 
59341.517116 0.000000 0.000000     0.104733     0.818808 
59341.554726 0.000000 0.000000     0.071484     0.825456 
59341.592336 0.000000 0.000000     0.046914     0.828892 
59341.629946 0.000000 0.000000     0.029795     0.830520 
59341.667556 0.000000 0.000000     0.018672     0.831213 
59341.705166 0.000000 0.000000     0.012179     0.831437 
59341.742777 0.000000 0.000000     0.009236     0.831368 
59341.780387 0.000000 0.000000     0.009130     0.830946 
59341.817997 0.000000 0.000000     0.011498     0.829862 
59341.855607 0.000000 0.000000     0.016248     0.827453 
59341.893217 0.000000 0.000000     0.023433     0.822585 
59341.930827 0.000000 0.000000     0.033099     0.813532 
59341.968437 0.000000 0.000000     0.045134     0.797967 
59342.006048 0.000000 0.000000     0.059136     0.773074 
59342.043658 0.000000 0.000000     0.074340     0.735793 
59342.081268 0.000000 0.000000     0.089617     0.683202 
59342.118878 0.000000 0.000000     0.103586     0.613264 
59342.156488 0.000000 0.000000     0.114796     0.527690 
59342.194098 0.000000 0.000000     0.121974     0.446489 
59342.231709 0.000000 0.000000     0.124256     0.438180 
59342.269319 0.000000 0.000000     0.121362     0.513633 
59342.306929 0.000000 0.000000     0.113648     0.600754 
59342.344539 0.000000 0.000000     0.102038     0.673433 
59342.382149 0.000000 0.000000     0.087840     0.728645 
59342.419759 0.000000 0.000000     0.072504     0.768138 
59342.457369 0.000000 0.000000     0.057381     0.794765 
59342.494980 0.000000 0.000000     0.043545     0.811594 
59342.532590 0.000000 0.000000     0.031686     0.821497 
59342.570200 0.000000 0.000000     0.022110     0.826892 
59342.607810 0.000000 0.000000     0.014794     0.829598 
59342.645420 0.000000 0.000000     0.009493     0.830845 
59342.683030 0.000000 0.000000     0.005842     0.831371 
59342.720641 0.000000 0.000000     0.003448     0.831575 
59342.758251 0.000000 0.000000     0.001951     0.831647 
59342.795861 0.000000 0.000000     0.001059     0.831670 
59342.833471 0.000000 0.000000     0.000552     0.831677 
59342.871081 0.000000 0.000000     0.000276     0.831679 
59342.908691 0.000000 0.000000     0.000132     0.831680 
59342.946301 0.000000 0.000000     0.000061     0.831680 
59342.983912 0.000000 0.000000     0.000027     0.831680 
59343.021522 0.000000 0.000000     0.000011     0.831680 
59343.059132 0.000000 0.000000     0.000005     0.831680 
59343.096742 0.000000 0.000000     0.000002     0.831680 
59343.134352 0.000000 0.000000     0.000001     0.831680 
59343.171962 0.000000 0.000000     0.000000     0.831680 
59343.209573 0.000000 0.000000     0.000000     0.831680 
59343.247183 0.000000 0.000000     0.000000     0.831680 
59343.284793 0.000000 0.000000     0.000000     0.831680 
59343.322403 0.000000 0.000000     0.000000     0.831680 
59343.360013 0.000000 0.000000     0.000000     0.831680 
59343.397623 0.000000 0.000000     0.000000     0.831680 
59343.435234 0.000000 0.000000     0.000000     0.831680 
59343.472844 0.000000 0.000000     0.000000     0.831680 
59343.510454 0.000000 0.000000     0.000000     0.831680 
59343.548064 0.000000 0.000000     0.000000     0.831680 
59343.585674 0.000000 0.000000     0.000000     0.831680 
59343.623284 0.000000 0.000000     0.000000     0.831680 
59343.660894 0.000000 0.000000     0.000000     0.831680 
59343.698505 0.000000 0.000000     0.000000     0.831680 
59343.736115 0.000000 0.000000     0.000000     0.831680 
59343.773725 0.000000 0.000000     0.000000     0.831680 
59343.811335 0.000000 0.000000     0.000000     0.831680 
59343.848945 0.000000 0.000000     0.000000     0.831680 
59343.886555 0.000000 0.000000     0.000000     0.831680 
59343.924166 0.000000 0.000000     0.000000     0.831680 
59343.961776 0.000000 0.000000     0.000000     0.831680 
59343.999386 0.000000 0.000000     0.000000     0.831680 
59344.036996 0.000000 0.000000     0.000000     0.831680 
59344.074606 0.000000 0.000000     0.000000     0.831680 
59344.112216 0.000000 0.000000     0.000000     0.831680 
59344.149826 0.000000 0.000000     0.000000     0.831680 
59344.187437 0.000000 0.000000     0.000000     0.831680 
59344.225047 0.000000 0.000000     0.000000     0.831680 
59344.262657 0.000000 0.000000     0.000000     0.831680 
59344.300267 0.000000 0.000000     0.000000     0.831680 
59344.337877 0.000000 0.000000     0.000000     0.831680 
59344.375487 0.000000 0.000000     0.000000     0.831680 
59344.413098 0.000000 0.000000     0.000000     0.831680 
59344.450708 0.000000 0.000000     0.000000     0.831680 
59344.488318 0.000000 0.000000     0.000001     0.831680 
59344.525928 0.000000 0.000000     0.000001     0.831680 
59344.563538 0.000000 0.000000     0.000002     0.831680 
59344.601148 0.000000 0.000000     0.000003     0.831680 
59344.638758 0.000000 0.000000     0.000003     0.831680 
59344.676369 0.000000 0.000000    -0.000003     0.831679 
59344.713979 0.000000 0.000000    -0.000025     0.831679 
59344.751589 0.000000 0.000000    -0.000089     0.831675 
59344.789199 0.000000 0.000000    -0.000245     0.831663 
59344.826809 0.000000 0.000000    -0.000587     0.831625 
59344.864419 0.000000 0.000000    -0.001274     0.831510 
59344.902030 0.000000 0.000000    -0.002557     0.831200 
59344.939640 0.000000 0.000000    -0.004800     0.830428 
59344.977250 0.000000 0.000000    -0.008480     0.828671 
59345.014860 0.000000 0.000000    -0.014160     0.824999 
59345.052470 0.000000 0.000000    -0.022415     0.817944 
59345.090080 0.000000 0.000000    -0.033710     0.805433 
59345.127691 0.000000 0.000000    -0.048239     0.784844 
59345.165301 0.000000 0.000000    -0.065764     0.753194 
59345.202911 0.000000 0.000000    -0.085496     0.707462 
59345.240521 0.000000 0.000000    -0.106069     0.645102 
59345.278131 0.000000 0.000000    -0.125658     0.565549 
59345.315741 0.000000 0.000000    -0.142226     0.477504 
59345.353351 0.000000 0.000000    -0.153870     0.428074 
59345.390962 0.000000 0.000000    -0.159191     0.476280 
59345.428572 0.000000 0.000000    -0.157585     0.564246 
59345.466182 0.000000 0.000000    -0.149388     0.644030 
59345.503792 0.000000 0.000000    -0.135842     0.706649 
59345.541402 0.000000 0.000000    -0.118899     0.752610 
59345.579012 0.000000 0.000000    -0.100946     0.784443 
59345.616623 0.000000 0.000000    -0.084529     0.805161 
59345.654233 0.000000 0.000000    -0.072147     0.817726 
59345.691843 0.000000 0.000000    -0.066157     0.824707 
59345.729453 0.000000 0.000000    -0.068746     0.828047 
59345.767063 0.000000 0.000000    -0.081911     0.828919 
59345.804673 0.000000 0.000000    -0.107357     0.827669 
59345.842283 0.000000 0.000000    -0.146254     0.823802 
59345.879894 0.000000 0.000000    -0.198845     0.816003 
59345.917504 0.000000 0.000000    -0.263975     0.802201 
59345.955114 0.000000 0.000000    -0.338698     0.779729 
59345.992724 0.000000 0.000000    -0.418127     0.745583 
59346.030334 0.000000 0.000000    -0.495690     0.696776 
59346.067944 0.000000 0.000000    -0.563847     0.630961 
59346.105555 0.000000 0.000000    -0.615189     0.548425 
59346.143165 0.000000 0.000000    -0.643705     0.462154 
59346.180775 0.000000 0.000000    -0.645905     0.430160 
59346.218385 0.000000 0.000000    -0.621502     0.492947 
59346.255995 0.000000 0.000000    -0.573462     0.581273 
59346.293605 0.000000 0.000000    -0.507405     0.657908 
59346.331215 0.000000 0.000000    -0.430523     0.717109 
59346.368826 0.000000 0.000000    -0.350294     0.760049 
59346.406436 0.000000 0.000000    -0.273319     0.789430 
59346.444046 0.000000 0.000000    -0.204508     0.808305 
59346.481656 0.000000 0.000000    -0.146743     0.819616 
59346.519266 0.000000 0.000000    -0.100969     0.825898 
59346.556876 0.000000 0.000000    -0.066608     0.829116 
59346.594487 0.000000 0.000000    -0.042102     0.830630 
59346.632097 0.000000 0.000000    -0.025453     0.831283 
59346.669707 0.000000 0.000000    -0.014640     0.831540 
59346.707317 0.000000 0.000000    -0.007896     0.831628 
59346.744927 0.000000 0.000000    -0.003846     0.831639 
59346.782537 0.000000 0.000000    -0.001546     0.831588 
59346.820148 0.000000 0.000000    -0.000477     0.831418 
59346.857758 0.000000 0.000000    -0.000528     0.830972 
59346.895368 0.000000 0.000000    -0.001976     0.829907 
59346.932978 0.000000 0.000000    -0.005457     0.827578 
59346.970588 0.000000 0.000000    -0.011903     0.822898 
59347.008198 0.000000 0.000000    -0.022412     0.814230 
59347.045808 0.000000 0.000000    -0.038024     0.799366 
59347.083419 0.000000 0.000000    -0.059419     0.775625 
59347.121029 0.000000 0.000000    -0.086581     0.740083 
59347.158639 0.000000 0.000000    -0.118521     0.689915 
59347.196249 0.000000 0.000000    -0.153162     0.623026 
59347.233859 0.000000 0.000000    -0.187469     0.540286 
59347.271469 0.000000 0.000000    -0.217851     0.456639 
59347.309080 0.000000 0.000000    -0.240769     0.431996 
59347.346690 0.000000 0.000000    -0.253415     0.497494 
59347.384300 0.000000 0.000000    -0.254276     0.584441 
59347.421910 0.000000 0.000000    -0.243433     0.659487 
59347.459520 0.000000 0.000000    -0.222508     0.717576 
59347.497130 0.000000 0.000000    -0.194289     0.759881 
59347.534740 0.000000 0.000000    -0.162144     0.788992 
59347.572351 0.000000 0.000000    -0.129392     0.807833 
59347.609961 0.000000 0.000000    -0.098787     0.819230 
59347.647571 0.000000 0.000000    -0.072218     0.825632 
59347.685181 0.000000 0.000000    -0.050641     0.828953 
59347.722791 0.000000 0.000000    -0.034205     0.830532 
59347.760401 0.000000 0.000000    -0.022493     0.831195 
59347.798012 0.000000 0.000000    -0.014780     0.831373 
59347.835622 0.000000 0.000000    -0.010253     0.831195 
59347.873232 0.000000 0.000000    -0.008161     0.830521 
59347.910842 0.000000 0.000000    -0.007871     0.828901 
59347.948452 0.000000 0.000000    -0.008868     0.825464 
59347.986062 0.000000 0.000000    -0.010721     0.818794 
59348.023672 0.000000 0.000000    -0.013028     0.806867 
59348.061283 0.000000 0.000000    -0.015390     0.787090 
59348.098893 0.000000 0.000000    -0.017408     0.756489 
59348.136503 0.000000 0.000000    -0.018710     0.712011 
59348.174113 0.000000 0.000000    -0.019006     0.651019 
59348.211723 0.000000 0.000000    -0.018143     0.572645 
59348.249333 0.000000 0.000000    -0.016146     0.484185 
59348.286944 0.000000 0.000000    -0.013218     0.428479 
59348.324554 0.000000 0.000000    -0.009701     0.470110 
59348.362164 0.000000 0.000000    -0.005997     0.557702 
59348.399774 0.000000 0.000000    -0.002473     0.638775 
59348.437384 0.000000 0.000000     0.000638     0.702779 
59348.474994 0.000000 0.000000     0.003321     0.749925 
59348.512605 0.000000 0.000000     0.005833     0.782692 
59348.550215 0.000000 0.000000     0.008748     0.804098 
59348.587825 0.000000 0.000000     0.012987     0.817146 
59348.625435 0.000000 0.000000     0.019836     0.824474 
59348.663045 0.000000 0.000000     0.030946     0.828120 
59348.700655 0.000000 0.000000     0.048270     0.829395 
59348.738265 0.000000 0.000000     0.073911     0.828839 
59348.775876 0.000000 0.000000     0.109826     0.826214 
59348.813486 0.000000 0.000000     0.157396     0.820507 
59348.851096 0.000000 0.000000     0.216900     0.809956 
59348.888706 0.000000 0.000000     0.286994     0.792143 
59348.926316 0.000000 0.000000     0.364372     0.764185 
59348.963926 0.000000 0.000000     0.443754     0.723033 
59349.001537 0.000000 0.000000     0.518328     0.665914 
59349.039147 0.000000 0.000000     0.580633     0.591342 
59349.076757 0.000000 0.000000     0.623763     0.503534 
59349.114367 0.000000 0.000000     0.642615     0.433623 
59349.151977 0.000000 0.000000     0.634883     0.453532 
59349.189587 0.000000 0.000000     0.601515     0.537524 
59349.227197 0.000000 0.000000     0.546526     0.621675 
59349.264808 0.000000 0.000000     0.476201     0.689627 
59349.302418 0.000000 0.000000     0.397913     0.740405 
59349.340028 0.000000 0.000000     0.318868     0.776196 
59349.377638 0.000000 0.000000     0.245055     0.799951 
59349.415248 0.000000 0.000000     0.180613     0.814708 
59349.452858 0.000000 0.000000     0.127662     0.823231 
59349.490469 0.000000 0.000000     0.086524     0.827781 
59349.528079 0.000000 0.000000     0.056197     0.830017 
59349.565689 0.000000 0.000000     0.034897     0.831026 
59349.603299 0.000000 0.000000     0.020532     0.831443 
59349.640909 0.000000 0.000000     0.011035     0.831600 
59349.678519 0.000000 0.000000     0.004524     0.831654 
59349.716129 0.000000 0.000000    -0.000701     0.831666 
59349.753740 0.000000 0.000000    -0.006259     0.831655 
59349.791350 0.000000 0.000000    -0.013866     0.831603 
59349.828960 0.000000 0.000000    -0.025496     0.831451 
59349.866570 0.000000 0.000000    -0.043499     0.831047 
59349.904180 0.000000 0.000000    -0.070577     0.830067 
59349.941790 0.000000 0.000000    -0.109583     0.827890 
59349.979401 0.000000 0.000000    -0.163081     0.823449 
59350.017011 0.000000 0.000000    -0.232716     0.815112 
59350.054621 0.000000 0.000000    -0.318456     0.800644 
59350.092231 0.000000 0.000000    -0.417904     0.777302 
59350.129841 0.000000 0.000000    -0.525899     0.742063 
59350.167451 0.000000 0.000000    -0.634631     0.691972 
59350.205062 0.000000 0.000000    -0.734394     0.624794 
59350.242672 0.000000 0.000000    -0.814931     0.541259 
59350.280282 0.000000 0.000000    -0.867149     0.456465 
59350.317892 0.000000 0.000000    -0.884800     0.432206 
59350.355502 0.000000 0.000000    -0.865712     0.499611 
59350.393112 0.000000 0.000000    -0.812217     0.587561 
59350.430722 0.000000 0.000000    -0.730679     0.662841 
59350.468333 0.000000 0.000000    -0.630222     0.720707 
59350.505943 0.000000 0.000000    -0.521015     0.762524 
59350.543553 0.000000 0.000000    -0.412535     0.791032 
59350.581163 0.000000 0.000000    -0.312188     0.809273 
59350.618773 0.000000 0.000000    -0.224507     0.820153 
59350.656383 0.000000 0.000000    -0.150975     0.826155 
59350.693994 0.000000 0.000000    -0.090352     0.829168 
59350.731604 0.000000 0.000000    -0.039314     0.830443 
59350.769214 0.000000 0.000000     0.006775     0.830634 
59350.806824 0.000000 0.000000     0.053076     0.829847 
59350.844434 0.000000 0.000000     0.104517     0.827662 
59350.882044 0.000000 0.000000     0.165064     0.823084 
59350.919654 0.000000 0.000000     0.237019     0.814492 
59350.957265 0.000000 0.000000     0.320414     0.799647 
59350.994875 0.000000 0.000000     0.412615     0.775803 
59351.032485 0.000000 0.000000     0.508304     0.739947 
59351.070095 0.000000 0.000000     0.599963     0.689159 
59351.107705 0.000000 0.000000     0.678885     0.621281 
59351.145315 0.000000 0.000000     0.736597     0.537316 
59351.182926 0.000000 0.000000     0.766406     0.453576 
59351.220536 0.000000 0.000000     0.764704     0.433550 
59351.258146 0.000000 0.000000     0.731702     0.503047 
59351.295756 0.000000 0.000000     0.671389     0.590656 
59351.333366 0.000000 0.000000     0.590721     0.665190 
59351.370976 0.000000 0.000000     0.498282     0.722368 
59351.408586 0.000000 0.000000     0.402726     0.763631 
59351.446197 0.000000 0.000000     0.311397     0.791725 
59351.483807 0.000000 0.000000     0.229356     0.809678 
59351.521417 0.000000 0.000000     0.158944     0.820372 
59351.559027 0.000000 0.000000     0.099819     0.826259 
59351.596637 0.000000 0.000000     0.049334     0.829201 
59351.634247 0.000000 0.000000     0.003085     0.830416 
59351.671858 0.000000 0.000000    -0.044455     0.830520 
59351.709468 0.000000 0.000000    -0.099282     0.829569 
59351.747078 0.000000 0.000000    -0.167109     0.827069 
59351.784688 0.000000 0.000000    -0.252521     0.821932 
59351.822298 0.000000 0.000000    -0.358008     0.812433 
59351.859908 0.000000 0.000000    -0.483020     0.796233 
59351.897519 0.000000 0.000000    -0.623265     0.770524 
59351.935129 0.000000 0.000000    -0.770527     0.732280 
59351.972739 0.000000 0.000000    -0.913241     0.678651 
59352.010349 0.000000 0.000000    -1.037918     0.607757 
59352.047959 0.000000 0.000000    -1.131240     0.521833 
59352.085569 0.000000 0.000000    -1.182419     0.443041 
59352.123179 0.000000 0.000000    -1.185268     0.440993 
59352.160790 0.000000 0.000000    -1.139442     0.518355 
59352.198400 0.000000 0.000000    -1.050509     0.604644 
59352.236010 0.000000 0.000000    -0.928843     0.676203 
59352.273620 0.000000 0.000000    -0.787634     0.730473 
59352.311230 0.000000 0.000000    -0.640546     0.769263 
59352.348840 0.000000 0.000000    -0.499606     0.795405 
59352.386451 0.000000 0.000000    -0.373733     0.811927 
59352.424061 0.000000 0.000000    -0.268137     0.821654 
59352.461671 0.000000 0.000000    -0.184504     0.826957 
59352.499281 0.000000 0.000000    -0.121746     0.829621 
59352.536891 0.000000 0.000000    -0.076996     0.830852 
59352.574501 0.000000 0.000000    -0.046581     0.831372 
59352.612111 0.000000 0.000000    -0.026765     0.831574 
59352.649722 0.000000 0.000000    -0.014216     0.831643 
59352.687332 0.000000 0.000000    -0.006205     0.831657 
59352.724942 0.000000 0.000000    -0.000590     0.831634 
59352.762552 0.000000 0.000000     0.004288     0.831545 
59352.800162 0.000000 0.000000     0.009763     0.831296 
59352.837772 0.000000 0.000000     0.016961     0.830667 
59352.875383 0.000000 0.000000     0.026855     0.829213 
59352.912993 0.000000 0.000000     0.040235     0.826130 
59352.950603 0.000000 0.000000     0.057602     0.820119 
59352.988213 0.000000 0.000000     0.079013     0.809298 
59353.025823 0.000000 0.000000     0.103919     0.791232 
59353.063433 0.000000 0.000000     0.131071     0.763081 
59353.101043 0.000000 0.000000     0.158549     0.721874 
59353.138654 0.000000 0.000000     0.183933     0.664932 
59353.176264 0.000000 0.000000     0.204642     0.590860 
59353.213874 0.000000 0.000000     0.218358     0.503857 
59353.251484 0.000000 0.000000     0.223450     0.434186 
59353.289094 0.000000 0.000000     0.219295     0.452239 
59353.326704 0.000000 0.000000     0.206404     0.534845 
59353.364315 0.000000 0.000000     0.186316     0.618623 
59353.401925 0.000000 0.000000     0.161300     0.686701 
59353.439535 0.000000 0.000000     0.133931     0.737869 
59353.477145 0.000000 0.000000     0.106667     0.774179 
59353.514755 0.000000 0.000000     0.081503     0.798474 
59353.552365 0.000000 0.000000     0.059786     0.813715 
59353.589976 0.000000 0.000000     0.042190     0.822620 
59353.627586 0.000000 0.000000     0.028825     0.827438 
59353.665196 0.000000 0.000000     0.019440     0.829840 
59353.702806 0.000000 0.000000     0.013647     0.830936 
59353.740416 0.000000 0.000000     0.011138     0.831378 
59353.778026 0.000000 0.000000     0.011846     0.831491 
59353.815636 0.000000 0.000000     0.016062     0.831368 
59353.853247 0.000000 0.000000     0.024456     0.830907 
59353.890857 0.000000 0.000000     0.038025     0.829770 
59353.928467 0.000000 0.000000     0.057928     0.827285 
59353.966077 0.000000 0.000000     0.085218     0.822311 
59354.003687 0.000000 0.000000     0.120487     0.813142 
59354.041297 0.000000 0.000000     0.163475     0.797488 
59354.078908 0.000000 0.000000     0.212741     0.772596 
59354.116518 0.000000 0.000000     0.265501     0.735485 
59354.154128 0.000000 0.000000     0.317740     0.683315 
59354.191738 0.000000 0.000000     0.364633     0.614109 
59354.229348 0.000000 0.000000     0.401250     0.529476 
59354.266958 0.000000 0.000000     0.423396     0.448304 
59354.304568 0.000000 0.000000     0.428401     0.436678 
59354.342179 0.000000 0.000000     0.415656     0.509635 
59354.379789 0.000000 0.000000     0.386736     0.596360 
59354.417399 0.000000 0.000000     0.345090     0.669400 
59354.455009 0.000000 0.000000     0.295387     0.725259 
59354.492619 0.000000 0.000000     0.242695     0.765498 
59354.530229 0.000000 0.000000     0.191702     0.792853 
59354.567840 0.000000 0.000000     0.146167     0.810307 
59354.605450 0.000000 0.000000     0.108684     0.820681 
59354.643060 0.000000 0.000000     0.080745     0.826354 
59354.680670 0.000000 0.000000     0.063030     0.829094 
59354.718280 0.000000 0.000000     0.055765     0.829989 
59354.755890 0.000000 0.000000     0.059033     0.829448 
59354.793500 0.000000 0.000000     0.072917     0.827209 
59354.831111 0.000000 0.000000     0.097439     0.822327 
59354.868721 0.000000 0.000000     0.132303     0.813161 
59354.906331 0.000000 0.000000     0.176522     0.797419 
59354.943941 0.000000 0.000000     0.228055     0.772310 
59354.981551 0.000000 0.000000     0.283610     0.734802 
59355.019161 0.000000 0.000000     0.338714     0.682006 
59355.056772 0.000000 0.000000     0.388137     0.611938 
59355.094382 0.000000 0.000000     0.426603     0.526428 
59355.131992 0.000000 0.000000     0.449667     0.445844 
59355.169602 0.000000 0.000000     0.454531     0.438630 
59355.207212 0.000000 0.000000     0.440589     0.514198 
59355.244822 0.000000 0.000000     0.409543     0.601032 
59355.282433 0.000000 0.000000     0.365060     0.673473 
59355.320043 0.000000 0.000000     0.312060     0.728543 
59355.357653 0.000000 0.000000     0.255823     0.767976 
59355.395263 0.000000 0.000000     0.201153     0.794600 
59355.432873 0.000000 0.000000     0.151762     0.811457 
59355.470483 0.000000 0.000000     0.109985     0.821400 
59355.508093 0.000000 0.000000     0.076832     0.826830 
59355.545704 0.000000 0.000000     0.052280     0.829563 
59355.583314 0.000000 0.000000     0.035711     0.830825 
59355.620924 0.000000 0.000000     0.026374     0.831355 
59355.658534 0.000000 0.000000     0.023780     0.831544 
59355.696144 0.000000 0.000000     0.027992     0.831557 
59355.733754 0.000000 0.000000     0.039745     0.831407 
59355.771365 0.000000 0.000000     0.060405     0.830961 
59355.808975 0.000000 0.000000     0.091723     0.829882 
59355.846585 0.000000 0.000000     0.135393     0.827515 
59355.884195 0.000000 0.000000     0.192446     0.822753 
59355.921805 0.000000 0.000000     0.262574     0.813922 
59355.959415 0.000000 0.000000     0.343532     0.798765 
59355.997025 0.000000 0.000000     0.430815     0.774546 
59356.034636 0.000000 0.000000     0.517792     0.738283 
59356.072246 0.000000 0.000000     0.596380     0.687101 
59356.109856 0.000000 0.000000     0.658211     0.618922 
59356.147466 0.000000 0.000000     0.696075     0.534934 
59356.185076 0.000000 0.000000     0.705296     0.452098 
59356.222686 0.000000 0.000000     0.684677     0.434294 
59356.260297 0.000000 0.000000     0.636757     0.504441 
59356.297907 0.000000 0.000000     0.567295     0.591634 
59356.335517 0.000000 0.000000     0.484133     0.665719 
59356.373127 0.000000 0.000000     0.395746     0.722581 
59356.410737 0.000000 0.000000     0.309850     0.763659 
59356.448347 0.000000 0.000000     0.232378     0.791665 
59356.485957 0.000000 0.000000     0.166999     0.809597 
59356.523568 0.000000 0.000000     0.115173     0.820307 
59356.561178 0.000000 0.000000     0.076611     0.826238 
59356.598788 0.000000 0.000000     0.049962     0.829269 
59356.636398 0.000000 0.000000     0.033527     0.830691 
59356.674008 0.000000 0.000000     0.025885     0.831299 
59356.711618 0.000000 0.000000     0.026347     0.831521 
59356.749229 0.000000 0.000000     0.035234     0.831546 
59356.786839 0.000000 0.000000     0.053947     0.831398 
59356.824449 0.000000 0.000000     0.084833     0.830948 
59356.862059 0.000000 0.000000     0.130800     0.829861 
59356.899669 0.000000 0.000000     0.194681     0.827491 
59356.937279 0.000000 0.000000     0.278349     0.822747 
59356.974890 0.000000 0.000000     0.381733     0.813988 
59357.012500 0.000000 0.000000     0.501906     0.799010 
59357.050110 0.000000 0.000000     0.632561     0.775146 
59357.087720 0.000000 0.000000     0.764121     0.739492 
59357.125330 0.000000 0.000000     0.884661     0.689243 
59357.162940 0.000000 0.000000     0.981577     0.622336 
59357.200550 0.000000 0.000000     1.043724     0.539686 
59357.238161 0.000000 0.000000     1.063506     0.456340 
59357.275771 0.000000 0.000000     1.038407     0.432121 
59357.313381 0.000000 0.000000     0.971514     0.497599 
59357.350991 0.000000 0.000000     0.870892     0.584384 
59357.388601 0.000000 0.000000     0.747984     0.659330 
59357.426211 0.000000 0.000000     0.615480     0.717384 
59357.463822 0.000000 0.000000     0.485186     0.759699 
59357.501432 0.000000 0.000000     0.366400     0.788842 
59357.539042 0.000000 0.000000     0.265050     0.807719 
59357.576652 0.000000 0.000000     0.183637     0.819132 
59357.614262 0.000000 0.000000     0.121797     0.825501 
59357.651872 0.000000 0.000000     0.077193     0.828667 
59357.689482 0.000000 0.000000     0.046456     0.829810 
59357.727093 0.000000 0.000000     0.025971     0.829425 
59357.764703 0.000000 0.000000     0.012405     0.827332 
59357.802313 0.000000 0.000000     0.002990     0.822663 
59357.839923 0.000000 0.000000    -0.004378     0.813861 
59357.877533 0.000000 0.000000    -0.011148     0.798726 
59357.915143 0.000000 0.000000    -0.018177     0.774556 
59357.952754 0.000000 0.000000    -0.025790     0.738393 
59357.990364 0.000000 0.000000    -0.033863     0.687387 
59358.027974 0.000000 0.000000    -0.041910     0.619471 
59358.065584 0.000000 0.000000    -0.049218     0.535786 
59358.103194 0.000000 0.000000    -0.055002     0.452899 
59358.140804 0.000000 0.000000    -0.058578     0.433818 
59358.178414 0.000000 0.000000    -0.059510     0.502999 
59358.216025 0.000000 0.000000    -0.057708     0.590075 
59358.253635 0.000000 0.000000    -0.053447     0.664317 
59358.291245 0.000000 0.000000    -0.047298     0.721422 
59358.328855 0.000000 0.000000    -0.040014     0.762764 
59358.366465 0.000000 0.000000    -0.032384     0.791022 
59358.404075 0.000000 0.000000    -0.025115     0.809167 
59358.441686 0.000000 0.000000    -0.018749     0.820042 
59358.479296 0.000000 0.000000    -0.013665     0.826089 
59358.516906 0.000000 0.000000    -0.010131     0.829192 
59358.554516 0.000000 0.000000    -0.008431     0.830656 
59358.592126 0.000000 0.000000    -0.009039     0.831289 
59358.629736 0.000000 0.000000    -0.012826     0.831534 
59358.667347 0.000000 0.000000    -0.021301     0.831600 
59358.704957 0.000000 0.000000    -0.036825     0.831556 
59358.742567 0.000000 0.000000    -0.062754     0.831356 
59358.780177 0.000000 0.000000    -0.103396     0.830831 
59358.817787 0.000000 0.000000    -0.163678     0.829609 
59358.855397 0.000000 0.000000    -0.248386     0.827011 
59358.893007 0.000000 0.000000    -0.360966     0.821938 
59358.930618 0.000000 0.000000    -0.501955     0.812807 
59358.968228 0.000000 0.000000    -0.667342     0.797597 
59359.005838 0.000000 0.000000    -0.847314     0.774028 
59359.043448 0.000000 0.000000    -1.025930     0.739906 
59359.081058 0.000000 0.000000    -1.182209     0.693613 
59359.118668 0.000000 0.000000    -1.292805     0.634876 
59359.156279 0.000000 0.000000    -1.336001     0.566181 
59359.193889 0.000000 0.000000    -1.296275     0.495713 
59359.231499 0.000000 0.000000    -1.168306     0.440924 
59359.269109 0.000000 0.000000    -0.959272     0.418656 
59359.306719 0.000000 0.000000    -0.688631     0.418764 
59359.344329 0.000000 0.000000    -0.385189     0.418550 
59359.381939 0.000000 0.000000    -0.082084     0.413943 
59359.419550 0.000000 0.000000     0.189144     0.425073 
59359.457160 0.000000 0.000000     0.403912     0.472450 
59359.494770 0.000000 0.000000     0.548154     0.543967 
59359.532380 0.000000 0.000000     0.619383     0.617653 
59359.569990 0.000000 0.000000     0.625311     0.681931 
59359.607600 0.000000 0.000000     0.580695     0.732912 
59359.645211 0.000000 0.000000     0.503436     0.770425 
59359.682821 0.000000 0.000000     0.410948     0.796116 
59359.720431 0.000000 0.000000     0.317535     0.812448 
59359.758041 0.000000 0.000000     0.233073     0.822038 
59359.795651 0.000000 0.000000     0.162910     0.827216 
59359.833261 0.000000 0.000000     0.108622     0.829777 
59359.870871 0.000000 0.000000     0.069177     0.830934 
59359.908482 0.000000 0.000000     0.042120     0.831411 
59359.946092 0.000000 0.000000     0.024537     0.831591 
59359.983702 0.000000 0.000000     0.013684     0.831653 
59360.021312 0.000000 0.000000     0.007309     0.831672 
59360.058922 0.000000 0.000000     0.003740     0.831678 
59360.096532 0.000000 0.000000     0.001834     0.831679 
59360.134143 0.000000 0.000000     0.000862     0.831680 
59360.171753 0.000000 0.000000     0.000389     0.831680 
59360.209363 0.000000 0.000000     0.000168     0.831680 
59360.246973 0.000000 0.000000     0.000070     0.831680 
59360.284583 0.000000 0.000000     0.000028     0.831680 
59360.322193 0.000000 0.000000     0.000011     0.831680 
59360.359804 0.000000 0.000000     0.000004     0.831680 
59360.397414 0.000000 0.000000     0.000001     0.831680 
59360.435024 0.000000 0.000000     0.000001     0.831680 
59360.472634 0.000000 0.000000     0.000000     0.831680 
59360.510244 0.000000 0.000000     0.000001     0.831680 
59360.547854 0.000000 0.000000     0.000002     0.831680 
59360.585464 0.000000 0.000000     0.000004     0.831680 
59360.623075 0.000000 0.000000     0.000011     0.831680 
59360.660685 0.000000 0.000000     0.000026     0.831680 
59360.698295 0.000000 0.000000     0.000062     0.831680 
59360.735905 0.000000 0.000000     0.000141     0.831680 
59360.773515 0.000000 0.000000     0.000305     0.831680 
59360.811125 0.000000 0.000000     0.000637     0.831679 
59360.848736 0.000000 0.000000     0.001274     0.831677 
59360.886346 0.000000 0.000000     0.002444     0.831669 
59360.923956 0.000000 0.000000     0.004499     0.831641 
59360.961566 0.000000 0.000000     0.007942     0.831559 
59360.999176 0.000000 0.000000     0.013449     0.831328 
59361.036786 0.000000 0.000000     0.021843     0.830739 
59361.074396 0.000000 0.000000     0.034024     0.829358 
59361.112007 0.000000 0.000000     0.050826     0.826393 
59361.149617 0.000000 0.000000     0.072815     0.820546 
59361.187227 0.000000 0.000000     0.100039     0.809922 
59361.224837 0.000000 0.000000     0.131801     0.792044 
59361.262447 0.000000 0.000000     0.166516     0.764010 
59361.300057 0.000000 0.000000     0.201733     0.722781 
59361.337668 0.000000 0.000000     0.234355     0.665630 
59361.375278 0.000000 0.000000     0.261059     0.591228 
59361.412888 0.000000 0.000000     0.278849     0.504272 
59361.450498 0.000000 0.000000     0.285600     0.436765 
59361.488108 0.000000 0.000000     0.280484     0.458150 
59361.525718 0.000000 0.000000     0.264128     0.541254 
59361.563328 0.000000 0.000000     0.238496     0.624425 
59361.600939 0.000000 0.000000     0.206494     0.691633 
59361.638549 0.000000 0.000000     0.171432     0.741836 
59361.676159 0.000000 0.000000     0.136468     0.777179 
59361.713769 0.000000 0.000000     0.104158     0.800591 
59361.751379 0.000000 0.000000     0.076199     0.815098 
59361.788989 0.000000 0.000000     0.053380     0.823452 
59361.826600 0.000000 0.000000     0.035685     0.827897 
59361.864210 0.000000 0.000000     0.022492     0.830073 
59361.901820 0.000000 0.000000     0.012782     0.831050 
59361.939430 0.000000 0.000000     0.005285     0.831450 
59361.977040 0.000000 0.000000    -0.001449     0.831594 
59362.014650 0.000000 0.000000    -0.009065     0.831620 
59362.052261 0.000000 0.000000    -0.019480     0.831558 
59362.089871 0.000000 0.000000    -0.034949     0.831343 
59362.127481 0.000000 0.000000    -0.058066     0.830780 
59362.165091 0.000000 0.000000    -0.091623     0.829454 
59362.202701 0.000000 0.000000    -0.138272     0.826597 
59362.240311 0.000000 0.000000    -0.199980     0.820944 
59362.277921 0.000000 0.000000    -0.277338     0.810635 
59362.315532 0.000000 0.000000    -0.368866     0.793231 
59362.353142 0.000000 0.000000    -0.470519     0.765855 
59362.390752 0.000000 0.000000    -0.575617     0.725476 
59362.428362 0.000000 0.000000    -0.675358     0.669341 
59362.465972 0.000000 0.000000    -0.759929     0.595987 
59362.503582 0.000000 0.000000    -0.820063     0.509437 
59362.541193 0.000000 0.000000    -0.848702     0.438902 
59362.578803 0.000000 0.000000    -0.842359     0.454187 
59362.616413 0.000000 0.000000    -0.801818     0.535748 
59362.654023 0.000000 0.000000    -0.731981     0.619588 
59362.691633 0.000000 0.000000    -0.640903     0.687833 
59362.729243 0.000000 0.000000    -0.538278     0.739035 
59362.766853 0.000000 0.000000    -0.433785     0.775231 
59362.804464 0.000000 0.000000    -0.335681     0.799317 
59362.842074 0.000000 0.000000    -0.249920     0.814308 
59362.879684 0.000000 0.000000    -0.179888     0.822953 
59362.917294 0.000000 0.000000    -0.126677     0.827474 
59362.954904 0.000000 0.000000    -0.089690     0.829414 
59362.992514 0.000000 0.000000    -0.067354     0.829584 
59363.030125 0.000000 0.000000    -0.057713     0.828062 
59363.067735 0.000000 0.000000    -0.058823     0.824196 
59363.105345 0.000000 0.000000    -0.068870     0.816599 
59363.142955 0.000000 0.000000    -0.086104     0.803190 
59363.180565 0.000000 0.000000    -0.108660     0.781320 
59363.218175 0.000000 0.000000    -0.134383     0.748012 
59363.255785 0.000000 0.000000    -0.160769     0.700309 
59363.293396 0.000000 0.000000    -0.185071     0.635885 
59363.331006 0.000000 0.000000    -0.204565     0.554945 
59363.368616 0.000000 0.000000    -0.216930     0.469392 
59363.406226 0.000000 0.000000    -0.220630     0.433007 
59363.443836 0.000000 0.000000    -0.215182     0.490466 
59363.481446 0.000000 0.000000    -0.201247     0.577591 
59363.519057 0.000000 0.000000    -0.180479     0.654535 
59363.556667 0.000000 0.000000    -0.155204     0.714408 
59363.594277 0.000000 0.000000    -0.127989     0.758053 
59363.631887 0.000000 0.000000    -0.101222     0.788057 
59363.669497 0.000000 0.000000    -0.076792     0.807428 
59363.707107 0.000000 0.000000    -0.055930     0.819097 
59363.744718 0.000000 0.000000    -0.039203     0.825615 
59363.782328 0.000000 0.000000    -0.026647     0.828974 
59363.819938 0.000000 0.000000    -0.017971     0.830564 
59363.857548 0.000000 0.000000    -0.012782     0.831252 
59363.895158 0.000000 0.000000    -0.010795     0.831516 
59363.932768 0.000000 0.000000    -0.011981     0.831580 
59363.970378 0.000000 0.000000    -0.016667     0.831505 
59364.007989 0.000000 0.000000    -0.025544     0.831220 
59364.045599 0.000000 0.000000    -0.039592     0.830487 
59364.083209 0.000000 0.000000    -0.059899     0.828806 
59364.120819 0.000000 0.000000    -0.087381     0.825281 
59364.158429 0.000000 0.000000    -0.122421     0.818488 
59364.196039 0.000000 0.000000    -0.164507     0.806403 
59364.233650 0.000000 0.000000    -0.211937     0.786455 
59364.271260 0.000000 0.000000    -0.261728     0.755711 
59364.308870 0.000000 0.000000    -0.309798     0.711190 
59364.346480 0.000000 0.000000    -0.351456     0.650375 
59364.384090 0.000000 0.000000    -0.382124     0.572634 
59364.421700 0.000000 0.000000    -0.398164     0.485766 
59364.459310 0.000000 0.000000    -0.397581     0.432386 
59364.496921 0.000000 0.000000    -0.380432     0.473450 
59364.534531 0.000000 0.000000    -0.348818     0.559394 
59364.572141 0.000000 0.000000    -0.306457     0.639454 
59364.609751 0.000000 0.000000    -0.257965     0.702915 
59364.647361 0.000000 0.000000    -0.208030     0.749800 
59364.684971 0.000000 0.000000    -0.160679     0.782476 
59364.722582 0.000000 0.000000    -0.118792     0.803893 
59364.760192 0.000000 0.000000    -0.083914     0.817014 
59364.797802 0.000000 0.000000    -0.056340     0.824479 
59364.835412 0.000000 0.000000    -0.035379     0.828396 
59364.873022 0.000000 0.000000    -0.019683     0.830271 
59364.910632 0.000000 0.000000    -0.007558     0.831041 
59364.948242 0.000000 0.000000     0.002795     0.831179 
59364.985853 0.000000 0.000000     0.013115     0.830779 
59365.023463 0.000000 0.000000     0.024963     0.829572 
59365.061073 0.000000 0.000000     0.039610     0.826872 
59365.098683 0.000000 0.000000     0.057913     0.821470 
59365.136293 0.000000 0.000000     0.080163     0.811552 
59365.173903 0.000000 0.000000     0.105948     0.794708 
59365.211514 0.000000 0.000000     0.134070     0.768076 
59365.249124 0.000000 0.000000     0.162586     0.728614 
59365.286734 0.000000 0.000000     0.189004     0.673522 
59365.324344 0.000000 0.000000     0.210635     0.601184 
59365.361954 0.000000 0.000000     0.225046     0.514971 
59365.399564 0.000000 0.000000     0.230511     0.441450 
59365.437175 0.000000 0.000000     0.226354     0.450489 
59365.474785 0.000000 0.000000     0.213086     0.530460 
59365.512395 0.000000 0.000000     0.192306     0.615055 
59365.550005 0.000000 0.000000     0.166379     0.684381 
59365.587615 0.000000 0.000000     0.138001     0.736570 
59365.625225 0.000000 0.000000     0.109740     0.773573 
59365.662835 0.000000 0.000000     0.083681     0.798274 
59365.700446 0.000000 0.000000     0.061226     0.813711 
59365.738056 0.000000 0.000000     0.043071     0.822683 
59365.775666 0.000000 0.000000     0.029328     0.827504 
59365.813276 0.000000 0.000000     0.019747     0.829888 
59365.850886 0.000000 0.000000     0.013968     0.830969 
59365.888496 0.000000 0.000000     0.011773     0.831415 
59365.926107 0.000000 0.000000     0.013297     0.831569 
59365.963717 0.000000 0.000000     0.019174     0.831573 
59366.001327 0.000000 0.000000     0.030595     0.831433 
59366.038937 0.000000 0.000000     0.049234     0.831021 
59366.076547 0.000000 0.000000     0.076983     0.830021 
59366.114157 0.000000 0.000000     0.115470     0.827832 
59366.151767 0.000000 0.000000     0.165364     0.823450 
59366.189378 0.000000 0.000000     0.225569     0.815413 
59366.226988 0.000000 0.000000     0.292506     0.801838 
59366.264598 0.000000 0.000000     0.359770     0.780611 
59366.302208 0.000000 0.000000     0.418457     0.749689 
59366.339818 0.000000 0.000000     0.458310     0.707465 
59366.377428 0.000000 0.000000     0.469621     0.653199 
59366.415039 0.000000 0.000000     0.445521     0.587758 
59366.452649 0.000000 0.000000     0.384035     0.515938 
59366.490259 0.000000 0.000000     0.289246     0.454234 
59366.527869 0.000000 0.000000     0.171085     0.438797 
59366.565479 0.000000 0.000000     0.043641     0.481871 
59366.603089 0.000000 0.000000    -0.077598     0.548390 
59366.640699 0.000000 0.000000    -0.178843     0.614177 
59366.678310 0.000000 0.000000    -0.250575     0.671766 
59366.715920 0.000000 0.000000    -0.288937     0.719279 
59366.753530 0.000000 0.000000    -0.295681     0.756545 
59366.791140 0.000000 0.000000    -0.276891     0.784212 
59366.828750 0.000000 0.000000    -0.240990     0.803516 
59366.866360 0.000000 0.000000    -0.196693     0.816080 
59366.903971 0.000000 0.000000    -0.151404     0.823655 
59366.941581 0.000000 0.000000    -0.110330     0.827863 
59366.979191 0.000000 0.000000    -0.076317     0.830007 
59367.016801 0.000000 0.000000    -0.050210     0.831005 
59367.054411 0.000000 0.000000    -0.031465     0.831430 
59367.092021 0.000000 0.000000    -0.018805     0.831595 
59367.129632 0.000000 0.000000    -0.010727     0.831653 
59367.167242 0.000000 0.000000    -0.005846     0.831672 
59367.204852 0.000000 0.000000    -0.003045     0.831678 
59367.242462 0.000000 0.000000    -0.001517     0.831679 
59367.280072 0.000000 0.000000    -0.000723     0.831680 
59367.317682 0.000000 0.000000    -0.000330     0.831680 
59367.355292 0.000000 0.000000    -0.000144     0.831680 
59367.392903 0.000000 0.000000    -0.000060     0.831680 
59367.430513 0.000000 0.000000    -0.000024     0.831680 
59367.468123 0.000000 0.000000    -0.000009     0.831680 
59367.505733 0.000000 0.000000    -0.000001     0.831680 
59367.543343 0.000000 0.000000     0.000005     0.831680 
59367.580953 0.000000 0.000000     0.000014     0.831680 
59367.618564 0.000000 0.000000     0.000037     0.831680 
59367.656174 0.000000 0.000000     0.000088     0.831680 
59367.693784 0.000000 0.000000     0.000201     0.831680 
59367.731394 0.000000 0.000000     0.000442     0.831680 
59367.769004 0.000000 0.000000     0.000931     0.831679 
59367.806614 0.000000 0.000000     0.001882     0.831678 
59367.844224 0.000000 0.000000     0.003649     0.831673 
59367.881835 0.000000 0.000000     0.006788     0.831656 
59367.919445 0.000000 0.000000     0.012110     0.831603 
59367.957055 0.000000 0.000000     0.020720     0.831449 
59367.994665 0.000000 0.000000     0.033999     0.831043 
59368.032275 0.000000 0.000000     0.053500     0.830061 
59368.069885 0.000000 0.000000     0.080729     0.827883 
59368.107496 0.000000 0.000000     0.116812     0.823446 
59368.145106 0.000000 0.000000     0.162070     0.815128 
59368.182716 0.000000 0.000000     0.215607     0.800710 
59368.220326 0.000000 0.000000     0.275014     0.777471 
59368.257936 0.000000 0.000000     0.336330     0.742421 
59368.295546 0.000000 0.000000     0.394355     0.692658 
59368.333156 0.000000 0.000000     0.443311     0.626039 
59368.370767 0.000000 0.000000     0.477773     0.543472 
59368.408377 0.000000 0.000000     0.493650     0.460127 
59368.445987 0.000000 0.000000     0.488984     0.435839 
59368.483597 0.000000 0.000000     0.464348     0.501204 
59368.521207 0.000000 0.000000     0.422730     0.587990 
59368.558817 0.000000 0.000000     0.368935     0.662803 
59368.596428 0.000000 0.000000     0.308677     0.720505 
59368.634038 0.000000 0.000000     0.247587     0.762295 
59368.671648 0.000000 0.000000     0.190385     0.790835 
59368.709258 0.000000 0.000000     0.140363     0.809130 
59368.746868 0.000000 0.000000     0.099241     0.820066 
59368.784478 0.000000 0.000000     0.067342     0.826125 
59368.822089 0.000000 0.000000     0.043963     0.829219 
59368.859699 0.000000 0.000000     0.027820     0.830666 
59368.897309 0.000000 0.000000     0.017457     0.831269 
59368.934919 0.000000 0.000000     0.011541     0.831445 
59368.972529 0.000000 0.000000     0.009045     0.831334 
59369.010139 0.000000 0.000000     0.009309     0.830845 
59369.047749 0.000000 0.000000     0.012017     0.829623 
59369.085360 0.000000 0.000000     0.017106     0.826952 
59369.122970 0.000000 0.000000     0.024636     0.821617 
59369.160580 0.000000 0.000000     0.034641     0.811813 
59369.198190 0.000000 0.000000     0.046975     0.795141 
59369.235800 0.000000 0.000000     0.061186     0.768747 
59369.273410 0.000000 0.000000     0.076455     0.729589 
59369.311021 0.000000 0.000000     0.091612     0.674858 
59369.348631 0.000000 0.000000     0.105252     0.602896 
59369.386241 0.000000 0.000000     0.115939     0.516862 
59369.423851 0.000000 0.000000     0.122444     0.442420 
59369.461461 0.000000 0.000000     0.123981     0.449216 
59369.499071 0.000000 0.000000     0.120362     0.528499 
59369.536681 0.000000 0.000000     0.112031     0.613316 
59369.574292 0.000000 0.000000     0.099979     0.683017 
59369.611902 0.000000 0.000000     0.085548     0.735566 
59369.649512 0.000000 0.000000     0.070186     0.772877 
59369.687122 0.000000 0.000000     0.055212     0.797821 
59369.724732 0.000000 0.000000     0.041646     0.813436 
59369.762342 0.000000 0.000000     0.030122     0.822528 
59369.799953 0.000000 0.000000     0.020892     0.827424 
59369.837563 0.000000 0.000000     0.013895     0.829851 
59369.875173 0.000000 0.000000     0.008863     0.830955 
59369.912783 0.000000 0.000000     0.005421     0.831415 
59369.950393 0.000000 0.000000     0.003180     0.831591 
59369.988003 0.000000 0.000000     0.001789     0.831652 
59370.025613 0.000000 0.000000     0.000966     0.831672 
59370.063224 0.000000 0.000000     0.000500     0.831678 
59370.100834 0.000000 0.000000     0.000248     0.831679 
59370.138444 0.000000 0.000000     0.000118     0.831680 
59370.176054 0.000000 0.000000     0.000054     0.831680 
59370.213664 0.000000 0.000000     0.000024     0.831680 
59370.251274 0.000000 0.000000     0.000010     0.831680 
59370.288885 0.000000 0.000000     0.000004     0.831680 
59370.326495 0.000000 0.000000     0.000002     0.831680 
59370.364105 0.000000 0.000000     0.000001     0.831680 
59370.401715 0.000000 0.000000     0.000000     0.831680 
59370.439325 0.000000 0.000000     0.000000     0.831680 
59370.476935 0.000000 0.000000     0.000000     0.831680 
59370.514546 0.000000 0.000000     0.000000     0.831680 
59370.552156 0.000000 0.000000     0.000000     0.831680 
59370.589766 0.000000 0.000000     0.000000     0.831680 
59370.627376 0.000000 0.000000     0.000000     0.831680 
59370.664986 0.000000 0.000000     0.000000     0.831680 
59370.702596 0.000000 0.000000     0.000000     0.831680 
59370.740206 0.000000 0.000000     0.000000     0.831680 
59370.777817 0.000000 0.000000     0.000000     0.831680 
59370.815427 0.000000 0.000000     0.000000     0.831680 
59370.853037 0.000000 0.000000     0.000000     0.831680 
59370.890647 0.000000 0.000000     0.000000     0.831680 
59370.928257 0.000000 0.000000     0.000000     0.831680 
59370.965867 0.000000 0.000000     0.000000     0.831680 
59371.003478 0.000000 0.000000     0.000000     0.831680 
59371.041088 0.000000 0.000000     0.000000     0.831680 
59371.078698 0.000000 0.000000     0.000000     0.831680 
59371.116308 0.000000 0.000000     0.000000     0.831680 
59371.153918 0.000000 0.000000     0.000000     0.831680 
59371.191528 0.000000 0.000000     0.000000     0.831680 
59371.229138 0.000000 0.000000     0.000000     0.831680 
59371.266749 0.000000 0.000000     0.000000     0.831680 
59371.304359 0.000000 0.000000     0.000000     0.831680 
59371.341969 0.000000 0.000000     0.000000     0.831680 
59371.379579 0.000000 0.000000     0.000000     0.831680 
59371.417189 0.000000 0.000000     0.000000     0.831680 
59371.454799 0.000000 0.000000     0.000000     0.831680 
59371.492410 0.000000 0.000000     0.000000     0.831680 
59371.530020 0.000000 0.000000     0.000000     0.831680 
59371.567630 0.000000 0.000000     0.000000     0.831680 
59371.605240 0.000000 0.000000     0.000000     0.831680 
59371.642850 0.000000 0.000000     0.000000     0.831680 
59371.680460 0.000000 0.000000     0.000000     0.831680 
59371.718070 0.000000 0.000000     0.000001     0.831680 
59371.755681 0.000000 0.000000     0.000001     0.831680 
59371.793291 0.000000 0.000000     0.000002     0.831680 
59371.830901 0.000000 0.000000     0.000003     0.831680 
59371.868511 0.000000 0.000000     0.000003     0.831680 
59371.906121 0.000000 0.000000    -0.000005     0.831679 
59371.943731 0.000000 0.000000    -0.000031     0.831678 
59371.981342 0.000000 0.000000    -0.000104     0.831674 
59372.018952 0.000000 0.000000    -0.000280     0.831660 
59372.056562 0.000000 0.000000    -0.000659     0.831615 
59372.094172 0.000000 0.000000    -0.001413     0.831482 
59372.131782 0.000000 0.000000    -0.002807     0.831128 
59372.169392 0.000000 0.000000    -0.005221     0.830257 
59372.207003 0.000000 0.000000    -0.009147     0.828298 
59372.244613 0.000000 0.000000    -0.015155     0.824256 
59372.282223 0.000000 0.000000    -0.023811     0.816581 
59372.319833 0.000000 0.000000    -0.035551     0.803121 
59372.357443 0.000000 0.000000    -0.050517     0.781201 
59372.395053 0.000000 0.000000    -0.068397     0.747831 
59372.432663 0.000000 0.000000    -0.088317     0.700054 
59372.470274 0.000000 0.000000    -0.108841     0.635549 
59372.507884 0.000000 0.000000    -0.128094     0.554541 
59372.545494 0.000000 0.000000    -0.144040     0.469046 
59372.583104 0.000000 0.000000    -0.154829     0.433091 
59372.620714 0.000000 0.000000    -0.159164     0.490879 
59372.658324 0.000000 0.000000    -0.156570     0.578006 
59372.695935 0.000000 0.000000    -0.147520     0.654873 
59372.733545 0.000000 0.000000    -0.133371     0.714663 
59372.771155 0.000000 0.000000    -0.116154     0.758233 
