# time Tc_folded Tref_folded model model_err 
59329.481866 0.000000 0.000000    -0.002611     0.264818 
59329.519476 0.000000 0.000000    -0.003382     0.264834 
59329.557086 0.000000 0.000000    -0.005122     0.264796 
59329.594696 0.000000 0.000000    -0.008055     0.264671 
59329.632306 0.000000 0.000000    -0.012473     0.264365 
59329.669917 0.000000 0.000000    -0.018667     0.263689 
59329.707527 0.000000 0.000000    -0.026848     0.262318 
59329.745137 0.000000 0.000000    -0.037042     0.259760 
59329.782747 0.000000 0.000000    -0.049001     0.255338 
59329.820357 0.000000 0.000000    -0.062134     0.248224 
59329.857967 0.000000 0.000000    -0.075516     0.237507 
59329.895578 0.000000 0.000000    -0.087965     0.222290 
59329.933188 0.000000 0.000000    -0.098201     0.201886 
59329.970798 0.000000 0.000000    -0.105061     0.176406 
59330.008408 0.000000 0.000000    -0.107711     0.149590 
59330.046018 0.000000 0.000000    -0.105816     0.137902 
59330.083628 0.000000 0.000000    -0.099610     0.155410 
59330.121238 0.000000 0.000000    -0.089845     0.182722 
59330.158849 0.000000 0.000000    -0.077642     0.207124 
59330.196459 0.000000 0.000000    -0.064283     0.226279 
59330.234069 0.000000 0.000000    -0.050988     0.240371 
59330.271679 0.000000 0.000000    -0.038744     0.250164 
59330.309289 0.000000 0.000000    -0.028201     0.256569 
59330.346899 0.000000 0.000000    -0.019661     0.260483 
59330.384510 0.000000 0.000000    -0.013123     0.262695 
59330.422120 0.000000 0.000000    -0.008374     0.263819 
59330.459730 0.000000 0.000000    -0.005081     0.264259 
59330.497340 0.000000 0.000000    -0.002879     0.264205 
59330.534950 0.000000 0.000000    -0.001422     0.263630 
59330.572560 0.000000 0.000000    -0.000423     0.262291 
59330.610170 0.000000 0.000000     0.000343     0.259723 
59330.647781 0.000000 0.000000     0.001030     0.255257 
59330.685391 0.000000 0.000000     0.001735     0.248054 
59330.723001 0.000000 0.000000     0.002498     0.237186 
59330.760611 0.000000 0.000000     0.003311     0.221742 
59330.798221 0.000000 0.000000     0.004130     0.201030 
59330.835831 0.000000 0.000000     0.004886     0.175217 
59330.873442 0.000000 0.000000     0.005499     0.148423 
59330.911052 0.000000 0.000000     0.005897     0.138151 
59330.948662 0.000000 0.000000     0.006031     0.157023 
59330.986272 0.000000 0.000000     0.005888     0.184533 
59331.023882 0.000000 0.000000     0.005489     0.208742 
59331.061492 0.000000 0.000000     0.004889     0.227604 
59331.099102 0.000000 0.000000     0.004163     0.241387 
59331.136713 0.000000 0.000000     0.003391     0.250894 
59331.174323 0.000000 0.000000     0.002645     0.257059 
59331.211933 0.000000 0.000000     0.001985     0.260792 
59331.249543 0.000000 0.000000     0.001449     0.262892 
59331.287153 0.000000 0.000000     0.001067     0.263982 
59331.324763 0.000000 0.000000     0.000866     0.264503 
59331.362374 0.000000 0.000000     0.000889     0.264731 
59331.399984 0.000000 0.000000     0.001219     0.264821 
59331.437594 0.000000 0.000000     0.001997     0.264848 
59331.475204 0.000000 0.000000     0.003448     0.264839 
59331.512814 0.000000 0.000000     0.005897     0.264785 
59331.550424 0.000000 0.000000     0.009769     0.264639 
59331.588035 0.000000 0.000000     0.015557     0.264293 
59331.625645 0.000000 0.000000     0.023753     0.263549 
59331.663255 0.000000 0.000000     0.034736     0.262078 
59331.700865 0.000000 0.000000     0.048612     0.259402 
59331.738475 0.000000 0.000000     0.065049     0.254896 
59331.776085 0.000000 0.000000     0.083142     0.247845 
59331.813695 0.000000 0.000000     0.101362     0.237545 
59331.851306 0.000000 0.000000     0.117644     0.223454 
59331.888916 0.000000 0.000000     0.129632     0.205423 
59331.926526 0.000000 0.000000     0.135076     0.184106 
59331.964136 0.000000 0.000000     0.132286     0.161786 
59332.001746 0.000000 0.000000     0.120556     0.143494 
59332.039356 0.000000 0.000000     0.100428     0.134814 
59332.076967 0.000000 0.000000     0.073709     0.133848 
59332.114577 0.000000 0.000000     0.043213     0.133448 
59332.152187 0.000000 0.000000     0.012272     0.131296 
59332.189797 0.000000 0.000000    -0.015855     0.133080 
59332.227407 0.000000 0.000000    -0.038547     0.146567 
59332.265017 0.000000 0.000000    -0.054214     0.169063 
59332.302627 0.000000 0.000000    -0.062441     0.193021 
59332.340238 0.000000 0.000000    -0.063878     0.214221 
59332.377848 0.000000 0.000000    -0.059945     0.231200 
59332.415458 0.000000 0.000000    -0.052439     0.243808 
59332.453068 0.000000 0.000000    -0.043153     0.252527 
59332.490678 0.000000 0.000000    -0.033596     0.258128 
59332.528288 0.000000 0.000000    -0.024836     0.261454 
59332.565899 0.000000 0.000000    -0.017478     0.263273 
59332.603509 0.000000 0.000000    -0.011732     0.264183 
59332.641119 0.000000 0.000000    -0.007520     0.264600 
59332.678729 0.000000 0.000000    -0.004608     0.264774 
59332.716339 0.000000 0.000000    -0.002701     0.264841 
59332.753949 0.000000 0.000000    -0.001516     0.264864 
59332.791559 0.000000 0.000000    -0.000815     0.264871 
59332.829170 0.000000 0.000000    -0.000419     0.264873 
59332.866780 0.000000 0.000000    -0.000207     0.264874 
59332.904390 0.000000 0.000000    -0.000098     0.264874 
59332.942000 0.000000 0.000000    -0.000044     0.264874 
59332.979610 0.000000 0.000000    -0.000019     0.264874 
59333.017220 0.000000 0.000000    -0.000008     0.264874 
59333.054831 0.000000 0.000000    -0.000003     0.264874 
59333.092441 0.000000 0.000000    -0.000001     0.264874 
59333.130051 0.000000 0.000000    -0.000000     0.264874 
59333.167661 0.000000 0.000000    -0.000000     0.264874 
59333.205271 0.000000 0.000000    -0.000000     0.264874 
59333.242881 0.000000 0.000000    -0.000000     0.264874 
59333.280492 0.000000 0.000000    -0.000000     0.264874 
59333.318102 0.000000 0.000000    -0.000000     0.264874 
59333.355712 0.000000 0.000000    -0.000000     0.264874 
59333.393322 0.000000 0.000000    -0.000001     0.264874 
59333.430932 0.000000 0.000000    -0.000002     0.264874 
59333.468542 0.000000 0.000000    -0.000006     0.264874 
59333.506152 0.000000 0.000000    -0.000013     0.264874 
59333.543763 0.000000 0.000000    -0.000028     0.264874 
59333.581373 0.000000 0.000000    -0.000058     0.264874 
59333.618983 0.000000 0.000000    -0.000117     0.264873 
59333.656593 0.000000 0.000000    -0.000227     0.264871 
59333.694203 0.000000 0.000000    -0.000420     0.264864 
59333.731813 0.000000 0.000000    -0.000745     0.264841 
59333.769424 0.000000 0.000000    -0.001270     0.264777 
59333.807034 0.000000 0.000000    -0.002074     0.264612 
59333.844644 0.000000 0.000000    -0.003251     0.264220 
59333.882254 0.000000 0.000000    -0.004885     0.263367 
59333.919864 0.000000 0.000000    -0.007041     0.261664 
59333.957474 0.000000 0.000000    -0.009732     0.258535 
59333.995084 0.000000 0.000000    -0.012900     0.253211 
59334.032695 0.000000 0.000000    -0.016396     0.244779 
59334.070305 0.000000 0.000000    -0.019985     0.232262 
59334.107915 0.000000 0.000000    -0.023357     0.214747 
59334.145525 0.000000 0.000000    -0.026176     0.191670 
59334.183135 0.000000 0.000000    -0.028129     0.163953 
59334.220745 0.000000 0.000000    -0.028985     0.139741 
59334.258356 0.000000 0.000000    -0.028638     0.141957 
59334.295966 0.000000 0.000000    -0.027132     0.167700 
59334.333576 0.000000 0.000000    -0.024647     0.195003 
59334.371186 0.000000 0.000000    -0.021469     0.217350 
59334.408796 0.000000 0.000000    -0.017932     0.234166 
59334.446406 0.000000 0.000000    -0.014361     0.246094 
59334.484016 0.000000 0.000000    -0.011028     0.254064 
59334.521627 0.000000 0.000000    -0.008117     0.259051 
59334.559237 0.000000 0.000000    -0.005723     0.261954 
59334.596847 0.000000 0.000000    -0.003853     0.263516 
59334.634457 0.000000 0.000000    -0.002453     0.264291 
59334.672067 0.000000 0.000000    -0.001423     0.264643 
59334.709677 0.000000 0.000000    -0.000638     0.264789 
59334.747288 0.000000 0.000000     0.000047     0.264843 
59334.784898 0.000000 0.000000     0.000797     0.264856 
59334.822508 0.000000 0.000000     0.001801     0.264840 
59334.860118 0.000000 0.000000     0.003283     0.264781 
59334.897728 0.000000 0.000000     0.005501     0.264623 
59334.935338 0.000000 0.000000     0.008740     0.264247 
59334.972949 0.000000 0.000000     0.013272     0.263426 
59335.010559 0.000000 0.000000     0.019312     0.261780 
59335.048169 0.000000 0.000000     0.026945     0.258745 
59335.085779 0.000000 0.000000     0.036053     0.253565 
59335.123389 0.000000 0.000000     0.046267     0.245335 
59335.160999 0.000000 0.000000     0.056942     0.233081 
59335.198609 0.000000 0.000000     0.067212     0.215887 
59335.236220 0.000000 0.000000     0.076085     0.193153 
59335.273830 0.000000 0.000000     0.082602     0.165639 
59335.311440 0.000000 0.000000     0.086003     0.140704 
59335.349050 0.000000 0.000000     0.085875     0.140871 
59335.386660 0.000000 0.000000     0.082235     0.165923 
59335.424270 0.000000 0.000000     0.075526     0.193406 
59335.461881 0.000000 0.000000     0.066526     0.216085 
59335.499491 0.000000 0.000000     0.056209     0.233227 
59335.537101 0.000000 0.000000     0.045566     0.245436 
59335.574711 0.000000 0.000000     0.035464     0.253630 
59335.612321 0.000000 0.000000     0.026546     0.258780 
59335.649931 0.000000 0.000000     0.019191     0.261785 
59335.687541 0.000000 0.000000     0.013540     0.263383 
59335.725152 0.000000 0.000000     0.009555     0.264100 
59335.762762 0.000000 0.000000     0.007084     0.264228 
59335.800372 0.000000 0.000000     0.005931     0.263827 
59335.837982 0.000000 0.000000     0.005899     0.262722 
59335.875592 0.000000 0.000000     0.006799     0.260503 
59335.913202 0.000000 0.000000     0.008456     0.256535 
59335.950813 0.000000 0.000000     0.010682     0.249993 
59335.988423 0.000000 0.000000     0.013263     0.239933 
59336.026033 0.000000 0.000000     0.015951     0.225391 
59336.063643 0.000000 0.000000     0.018467     0.205557 
59336.101253 0.000000 0.000000     0.020533     0.180245 
59336.138863 0.000000 0.000000     0.021905     0.152197 
59336.176473 0.000000 0.000000     0.022414     0.136331 
59336.214084 0.000000 0.000000     0.021992     0.151558 
59336.251694 0.000000 0.000000     0.020693     0.179565 
59336.289304 0.000000 0.000000     0.018670     0.204999 
59336.326914 0.000000 0.000000     0.016152     0.224969 
59336.364524 0.000000 0.000000     0.013401     0.239631 
59336.402134 0.000000 0.000000     0.010662     0.249791 
59336.439745 0.000000 0.000000     0.008137     0.256409 
59336.477355 0.000000 0.000000     0.005961     0.260437 
59336.514965 0.000000 0.000000     0.004200     0.262712 
59336.552575 0.000000 0.000000     0.002865     0.263899 
59336.590185 0.000000 0.000000     0.001929     0.264467 
59336.627795 0.000000 0.000000     0.001354     0.264717 
59336.665406 0.000000 0.000000     0.001106     0.264815 
59336.703016 0.000000 0.000000     0.001179     0.264842 
59336.740626 0.000000 0.000000     0.001600     0.264825 
59336.778236 0.000000 0.000000     0.002435     0.264747 
59336.815846 0.000000 0.000000     0.003780     0.264540 
59336.853456 0.000000 0.000000     0.005744     0.264061 
59336.891066 0.000000 0.000000     0.008427     0.263044 
59336.928677 0.000000 0.000000     0.011876     0.261060 
59336.966287 0.000000 0.000000     0.016056     0.257489 
59337.003897 0.000000 0.000000     0.020811     0.251533 
59337.041507 0.000000 0.000000     0.025857     0.242263 
59337.079117 0.000000 0.000000     0.030794     0.228716 
59337.116727 0.000000 0.000000     0.035148     0.210032 
59337.154338 0.000000 0.000000     0.038450     0.185822 
59337.191948 0.000000 0.000000     0.040310     0.157791 
59337.229558 0.000000 0.000000     0.040499     0.137242 
59337.267168 0.000000 0.000000     0.038990     0.146395 
59337.304778 0.000000 0.000000     0.035970     0.173617 
59337.342388 0.000000 0.000000     0.031797     0.199998 
59337.379998 0.000000 0.000000     0.026931     0.221129 
59337.417609 0.000000 0.000000     0.021853     0.236854 
59337.455219 0.000000 0.000000     0.016984     0.247896 
59337.492829 0.000000 0.000000     0.012637     0.255198 
59337.530439 0.000000 0.000000     0.008987     0.259716 
59337.568049 0.000000 0.000000     0.006082     0.262314 
59337.605659 0.000000 0.000000     0.003863     0.263695 
59337.643270 0.000000 0.000000     0.002202     0.264365 
59337.680880 0.000000 0.000000     0.000930     0.264649 
59337.718490 0.000000 0.000000    -0.000137     0.264718 
59337.756100 0.000000 0.000000    -0.001175     0.264617 
59337.793710 0.000000 0.000000    -0.002348     0.264279 
59337.831320 0.000000 0.000000    -0.003788     0.263505 
59337.868930 0.000000 0.000000    -0.005590     0.261934 
59337.906541 0.000000 0.000000    -0.007793     0.259017 
59337.944151 0.000000 0.000000    -0.010366     0.254008 
59337.981761 0.000000 0.000000    -0.013199     0.246007 
59338.019371 0.000000 0.000000    -0.016104     0.234039 
59338.056981 0.000000 0.000000    -0.018835     0.217176 
59338.094591 0.000000 0.000000    -0.021119     0.194780 
59338.132202 0.000000 0.000000    -0.022701     0.167446 
59338.169812 0.000000 0.000000    -0.023394     0.141796 
59338.207422 0.000000 0.000000    -0.023112     0.139883 
59338.245032 0.000000 0.000000    -0.021890     0.164213 
59338.282642 0.000000 0.000000    -0.019875     0.191903 
59338.320252 0.000000 0.000000    -0.017301     0.214930 
59338.357863 0.000000 0.000000    -0.014437     0.232396 
59338.395473 0.000000 0.000000    -0.011550     0.244873 
59338.433083 0.000000 0.000000    -0.008861     0.253272 
59338.470693 0.000000 0.000000    -0.006521     0.258572 
59338.508303 0.000000 0.000000    -0.004612     0.261685 
59338.545913 0.000000 0.000000    -0.003153     0.263377 
59338.583523 0.000000 0.000000    -0.002121     0.264225 
59338.621134 0.000000 0.000000    -0.001481     0.264614 
59338.658744 0.000000 0.000000    -0.001205     0.264776 
59338.696354 0.000000 0.000000    -0.001303     0.264835 
59338.733964 0.000000 0.000000    -0.001830     0.264842 
59338.771574 0.000000 0.000000    -0.002900     0.264806 
59338.809184 0.000000 0.000000    -0.004676     0.264691 
59338.846795 0.000000 0.000000    -0.007350     0.264408 
59338.884405 0.000000 0.000000    -0.011095     0.263780 
59338.922015 0.000000 0.000000    -0.015998     0.262506 
59338.959625 0.000000 0.000000    -0.021978     0.260141 
59338.997235 0.000000 0.000000    -0.028712     0.256100 
59339.034845 0.000000 0.000000    -0.035590     0.249711 
59339.072455 0.000000 0.000000    -0.041740     0.240310 
59339.110066 0.000000 0.000000    -0.046127     0.227348 
59339.147676 0.000000 0.000000    -0.047746     0.210528 
59339.185286 0.000000 0.000000    -0.045841     0.190000 
59339.222896 0.000000 0.000000    -0.040132     0.166974 
59339.260506 0.000000 0.000000    -0.030941     0.145890 
59339.298116 0.000000 0.000000    -0.019200     0.137944 
59339.335727 0.000000 0.000000    -0.006293     0.149828 
59339.373337 0.000000 0.000000     0.006206     0.170944 
59339.410947 0.000000 0.000000     0.016854     0.192371 
59339.448557 0.000000 0.000000     0.024610     0.211278 
59339.486167 0.000000 0.000000     0.028995     0.226965 
59339.523777 0.000000 0.000000     0.030113     0.239348 
59339.561387 0.000000 0.000000     0.028528     0.248613 
59339.598998 0.000000 0.000000     0.025076     0.255136 
59339.636608 0.000000 0.000000     0.020648     0.259425 
59339.674218 0.000000 0.000000     0.016024     0.262040 
59339.711828 0.000000 0.000000     0.011767     0.263511 
59339.749438 0.000000 0.000000     0.008200     0.264269 
59339.787048 0.000000 0.000000     0.005433     0.264627 
59339.824659 0.000000 0.000000     0.003428     0.264782 
59339.862269 0.000000 0.000000     0.002063     0.264842 
59339.899879 0.000000 0.000000     0.001185     0.264864 
59339.937489 0.000000 0.000000     0.000650     0.264871 
59339.975099 0.000000 0.000000     0.000341     0.264873 
59340.012709 0.000000 0.000000     0.000171     0.264874 
59340.050320 0.000000 0.000000     0.000082     0.264874 
59340.087930 0.000000 0.000000     0.000038     0.264874 
59340.125540 0.000000 0.000000     0.000017     0.264874 
59340.163150 0.000000 0.000000     0.000007     0.264874 
59340.200760 0.000000 0.000000     0.000003     0.264874 
59340.238370 0.000000 0.000000     0.000001     0.264874 
59340.275980 0.000000 0.000000     0.000000     0.264874 
59340.313591 0.000000 0.000000    -0.000000     0.264874 
59340.351201 0.000000 0.000000    -0.000001     0.264874 
59340.388811 0.000000 0.000000    -0.000003     0.264874 
59340.426421 0.000000 0.000000    -0.000008     0.264874 
59340.464031 0.000000 0.000000    -0.000018     0.264874 
59340.501641 0.000000 0.000000    -0.000040     0.264874 
59340.539252 0.000000 0.000000    -0.000085     0.264874 
59340.576862 0.000000 0.000000    -0.000173     0.264874 
59340.614472 0.000000 0.000000    -0.000338     0.264872 
59340.652082 0.000000 0.000000    -0.000632     0.264868 
59340.689692 0.000000 0.000000    -0.001135     0.264853 
59340.727302 0.000000 0.000000    -0.001953     0.264811 
59340.764912 0.000000 0.000000    -0.003224     0.264697 
59340.802523 0.000000 0.000000    -0.005104     0.264420 
59340.840133 0.000000 0.000000    -0.007749     0.263796 
59340.877743 0.000000 0.000000    -0.011280     0.262510 
59340.915353 0.000000 0.000000    -0.015745     0.260071 
59340.952963 0.000000 0.000000    -0.021073     0.255796 
59340.990573 0.000000 0.000000    -0.027043     0.248834 
59341.028184 0.000000 0.000000    -0.033273     0.238232 
59341.065794 0.000000 0.000000    -0.039251     0.223042 
59341.103404 0.000000 0.000000    -0.044392     0.202499 
59341.141014 0.000000 0.000000    -0.048134     0.176592 
59341.178624 0.000000 0.000000    -0.050036     0.148909 
59341.216234 0.000000 0.000000    -0.049865     0.136589 
59341.253844 0.000000 0.000000    -0.047642     0.154912 
59341.291455 0.000000 0.000000    -0.043636     0.182989 
59341.329065 0.000000 0.000000    -0.038315     0.207753 
59341.366675 0.000000 0.000000    -0.032252     0.227015 
59341.404285 0.000000 0.000000    -0.026027     0.241065 
59341.441895 0.000000 0.000000    -0.020135     0.250738 
59341.479505 0.000000 0.000000    -0.014935     0.256995 
59341.517116 0.000000 0.000000    -0.010623     0.260775 
59341.554726 0.000000 0.000000    -0.007251     0.262892 
59341.592336 0.000000 0.000000    -0.004758     0.263986 
59341.629946 0.000000 0.000000    -0.003022     0.264505 
59341.667556 0.000000 0.000000    -0.001894     0.264726 
59341.705166 0.000000 0.000000    -0.001235     0.264797 
59341.742777 0.000000 0.000000    -0.000937     0.264775 
59341.780387 0.000000 0.000000    -0.000926     0.264641 
59341.817997 0.000000 0.000000    -0.001166     0.264295 
59341.855607 0.000000 0.000000    -0.001648     0.263528 
59341.893217 0.000000 0.000000    -0.002377     0.261978 
59341.930827 0.000000 0.000000    -0.003357     0.259094 
59341.968437 0.000000 0.000000    -0.004578     0.254137 
59342.006048 0.000000 0.000000    -0.005998     0.246209 
59342.043658 0.000000 0.000000    -0.007540     0.234336 
59342.081268 0.000000 0.000000    -0.009090     0.217587 
59342.118878 0.000000 0.000000    -0.010507     0.195313 
59342.156488 0.000000 0.000000    -0.011644     0.168059 
59342.194098 0.000000 0.000000    -0.012372     0.142198 
59342.231709 0.000000 0.000000    -0.012603     0.139552 
59342.269319 0.000000 0.000000    -0.012310     0.163582 
59342.306929 0.000000 0.000000    -0.011527     0.191329 
59342.344539 0.000000 0.000000    -0.010350     0.214476 
59342.382149 0.000000 0.000000    -0.008910     0.232059 
59342.419759 0.000000 0.000000    -0.007354     0.244637 
59342.457369 0.000000 0.000000    -0.005820     0.253117 
59342.494980 0.000000 0.000000    -0.004417     0.258477 
59342.532590 0.000000 0.000000    -0.003214     0.261631 
59342.570200 0.000000 0.000000    -0.002243     0.263349 
59342.607810 0.000000 0.000000    -0.001501     0.264211 
59342.645420 0.000000 0.000000    -0.000963     0.264608 
59342.683030 0.000000 0.000000    -0.000593     0.264776 
59342.720641 0.000000 0.000000    -0.000350     0.264841 
59342.758251 0.000000 0.000000    -0.000198     0.264864 
59342.795861 0.000000 0.000000    -0.000107     0.264871 
59342.833471 0.000000 0.000000    -0.000056     0.264873 
59342.871081 0.000000 0.000000    -0.000028     0.264874 
59342.908691 0.000000 0.000000    -0.000013     0.264874 
59342.946301 0.000000 0.000000    -0.000006     0.264874 
59342.983912 0.000000 0.000000    -0.000003     0.264874 
59343.021522 0.000000 0.000000    -0.000001     0.264874 
59343.059132 0.000000 0.000000    -0.000000     0.264874 
59343.096742 0.000000 0.000000    -0.000000     0.264874 
59343.134352 0.000000 0.000000    -0.000000     0.264874 
59343.171962 0.000000 0.000000    -0.000000     0.264874 
59343.209573 0.000000 0.000000    -0.000000     0.264874 
59343.247183 0.000000 0.000000    -0.000000     0.264874 
59343.284793 0.000000 0.000000    -0.000000     0.264874 
59343.322403 0.000000 0.000000    -0.000000     0.264874 
59343.360013 0.000000 0.000000    -0.000000     0.264874 
59343.397623 0.000000 0.000000    -0.000000     0.264874 
59343.435234 0.000000 0.000000    -0.000000     0.264874 
59343.472844 0.000000 0.000000    -0.000000     0.264874 
59343.510454 0.000000 0.000000    -0.000000     0.264874 
59343.548064 0.000000 0.000000    -0.000000     0.264874 
59343.585674 0.000000 0.000000    -0.000000     0.264874 
59343.623284 0.000000 0.000000    -0.000000     0.264874 
59343.660894 0.000000 0.000000    -0.000000     0.264874 
59343.698505 0.000000 0.000000    -0.000000     0.264874 
59343.736115 0.000000 0.000000    -0.000000     0.264874 
59343.773725 0.000000 0.000000    -0.000000     0.264874 
59343.811335 0.000000 0.000000    -0.000000     0.264874 
59343.848945 0.000000 0.000000    -0.000000     0.264874 
59343.886555 0.000000 0.000000    -0.000000     0.264874 
59343.924166 0.000000 0.000000    -0.000000     0.264874 
59343.961776 0.000000 0.000000    -0.000000     0.264874 
59343.999386 0.000000 0.000000    -0.000000     0.264874 
59344.036996 0.000000 0.000000    -0.000000     0.264874 
59344.074606 0.000000 0.000000    -0.000000     0.264874 
59344.112216 0.000000 0.000000    -0.000000     0.264874 
59344.149826 0.000000 0.000000    -0.000000     0.264874 
59344.187437 0.000000 0.000000    -0.000000     0.264874 
59344.225047 0.000000 0.000000    -0.000000     0.264874 
59344.262657 0.000000 0.000000    -0.000000     0.264874 
59344.300267 0.000000 0.000000    -0.000000     0.264874 
59344.337877 0.000000 0.000000    -0.000000     0.264874 
59344.375487 0.000000 0.000000    -0.000000     0.264874 
59344.413098 0.000000 0.000000    -0.000000     0.264874 
59344.450708 0.000000 0.000000    -0.000000     0.264874 
59344.488318 0.000000 0.000000    -0.000000     0.264874 
59344.525928 0.000000 0.000000    -0.000000     0.264874 
59344.563538 0.000000 0.000000    -0.000000     0.264874 
59344.601148 0.000000 0.000000    -0.000000     0.264874 
59344.638758 0.000000 0.000000    -0.000000     0.264874 
59344.676369 0.000000 0.000000     0.000000     0.264874 
59344.713979 0.000000 0.000000     0.000003     0.264874 
59344.751589 0.000000 0.000000     0.000009     0.264873 
59344.789199 0.000000 0.000000     0.000025     0.264869 
59344.826809 0.000000 0.000000     0.000060     0.264857 
59344.864419 0.000000 0.000000     0.000129     0.264820 
59344.902030 0.000000 0.000000     0.000259     0.264721 
59344.939640 0.000000 0.000000     0.000487     0.264476 
59344.977250 0.000000 0.000000     0.000860     0.263916 
59345.014860 0.000000 0.000000     0.001436     0.262746 
59345.052470 0.000000 0.000000     0.002274     0.260500 
59345.090080 0.000000 0.000000     0.003419     0.256515 
59345.127691 0.000000 0.000000     0.004893     0.249958 
59345.165301 0.000000 0.000000     0.006670     0.239878 
59345.202911 0.000000 0.000000     0.008672     0.225313 
59345.240521 0.000000 0.000000     0.010759     0.205453 
59345.278131 0.000000 0.000000     0.012745     0.180117 
59345.315741 0.000000 0.000000     0.014426     0.152076 
59345.353351 0.000000 0.000000     0.015607     0.136333 
59345.390962 0.000000 0.000000     0.016147     0.151686 
59345.428572 0.000000 0.000000     0.015984     0.179702 
59345.466182 0.000000 0.000000     0.015152     0.205111 
59345.503792 0.000000 0.000000     0.013778     0.225054 
59345.541402 0.000000 0.000000     0.012060     0.239692 
59345.579012 0.000000 0.000000     0.010239     0.249830 
59345.616623 0.000000 0.000000     0.008574     0.256429 
59345.654233 0.000000 0.000000     0.007318     0.260430 
59345.691843 0.000000 0.000000     0.006710     0.262653 
59345.729453 0.000000 0.000000     0.006973     0.263717 
59345.767063 0.000000 0.000000     0.008308     0.263995 
59345.804673 0.000000 0.000000     0.010889     0.263597 
59345.842283 0.000000 0.000000     0.014835     0.262365 
59345.879894 0.000000 0.000000     0.020169     0.259881 
59345.917504 0.000000 0.000000     0.026775     0.255485 
59345.955114 0.000000 0.000000     0.034354     0.248329 
59345.992724 0.000000 0.000000     0.042411     0.237454 
59346.030334 0.000000 0.000000     0.050278     0.221910 
59346.067944 0.000000 0.000000     0.057191     0.200949 
59346.105555 0.000000 0.000000     0.062399     0.174663 
59346.143165 0.000000 0.000000     0.065291     0.147187 
59346.180775 0.000000 0.000000     0.065514     0.136998 
59346.218385 0.000000 0.000000     0.063039     0.156994 
59346.255995 0.000000 0.000000     0.058166     0.185124 
59346.293605 0.000000 0.000000     0.051466     0.209531 
59346.331215 0.000000 0.000000     0.043668     0.228385 
59346.368826 0.000000 0.000000     0.035530     0.242061 
59346.406436 0.000000 0.000000     0.027723     0.251418 
59346.444046 0.000000 0.000000     0.020743     0.257430 
59346.481656 0.000000 0.000000     0.014884     0.261032 
59346.519266 0.000000 0.000000     0.010241     0.263033 
59346.556876 0.000000 0.000000     0.006756     0.264057 
59346.594487 0.000000 0.000000     0.004270     0.264540 
59346.632097 0.000000 0.000000     0.002582     0.264748 
59346.669707 0.000000 0.000000     0.001485     0.264830 
59346.707317 0.000000 0.000000     0.000801     0.264858 
59346.744927 0.000000 0.000000     0.000390     0.264861 
59346.782537 0.000000 0.000000     0.000157     0.264845 
59346.820148 0.000000 0.000000     0.000048     0.264791 
59346.857758 0.000000 0.000000     0.000054     0.264649 
59346.895368 0.000000 0.000000     0.000200     0.264309 
59346.932978 0.000000 0.000000     0.000553     0.263568 
59346.970588 0.000000 0.000000     0.001207     0.262077 
59347.008198 0.000000 0.000000     0.002273     0.259317 
59347.045808 0.000000 0.000000     0.003857     0.254583 
59347.083419 0.000000 0.000000     0.006027     0.247022 
59347.121029 0.000000 0.000000     0.008782     0.235702 
59347.158639 0.000000 0.000000     0.012022     0.219725 
59347.196249 0.000000 0.000000     0.015535     0.198422 
59347.233859 0.000000 0.000000     0.019015     0.172071 
59347.271469 0.000000 0.000000     0.022097     0.145431 
59347.309080 0.000000 0.000000     0.024421     0.137582 
59347.346690 0.000000 0.000000     0.025704     0.158442 
59347.384300 0.000000 0.000000     0.025791     0.186133 
59347.421910 0.000000 0.000000     0.024691     0.210034 
59347.459520 0.000000 0.000000     0.022569     0.228534 
59347.497130 0.000000 0.000000     0.019707     0.242007 
59347.534740 0.000000 0.000000     0.016446     0.251279 
59347.572351 0.000000 0.000000     0.013124     0.257279 
59347.609961 0.000000 0.000000     0.010020     0.260909 
59347.647571 0.000000 0.000000     0.007325     0.262948 
59347.685181 0.000000 0.000000     0.005137     0.264006 
59347.722791 0.000000 0.000000     0.003469     0.264508 
59347.760401 0.000000 0.000000     0.002281     0.264720 
59347.798012 0.000000 0.000000     0.001499     0.264776 
59347.835622 0.000000 0.000000     0.001040     0.264720 
59347.873232 0.000000 0.000000     0.000828     0.264505 
59347.910842 0.000000 0.000000     0.000798     0.263989 
59347.948452 0.000000 0.000000     0.000900     0.262894 
59347.986062 0.000000 0.000000     0.001087     0.260770 
59348.023672 0.000000 0.000000     0.001321     0.256972 
59348.061283 0.000000 0.000000     0.001561     0.250673 
59348.098893 0.000000 0.000000     0.001766     0.240927 
59348.136503 0.000000 0.000000     0.001898     0.226762 
59348.174113 0.000000 0.000000     0.001928     0.207337 
59348.211723 0.000000 0.000000     0.001840     0.182377 
59348.249333 0.000000 0.000000     0.001638     0.154204 
59348.286944 0.000000 0.000000     0.001341     0.136463 
59348.324554 0.000000 0.000000     0.000984     0.149721 
59348.362164 0.000000 0.000000     0.000608     0.177617 
59348.399774 0.000000 0.000000     0.000251     0.203438 
59348.437384 0.000000 0.000000    -0.000065     0.223822 
59348.474994 0.000000 0.000000    -0.000337     0.238837 
59348.512605 0.000000 0.000000    -0.000592     0.249272 
59348.550215 0.000000 0.000000    -0.000887     0.256090 
59348.587825 0.000000 0.000000    -0.001317     0.260246 
59348.625435 0.000000 0.000000    -0.002012     0.262579 
59348.663045 0.000000 0.000000    -0.003139     0.263740 
59348.700655 0.000000 0.000000    -0.004896     0.264146 
59348.738265 0.000000 0.000000    -0.007497     0.263969 
59348.775876 0.000000 0.000000    -0.011140     0.263133 
59348.813486 0.000000 0.000000    -0.015965     0.261316 
59348.851096 0.000000 0.000000    -0.022000     0.257956 
59348.888706 0.000000 0.000000    -0.029110     0.252282 
59348.926316 0.000000 0.000000    -0.036958     0.243378 
59348.963926 0.000000 0.000000    -0.045010     0.230272 
59349.001537 0.000000 0.000000    -0.052574     0.212081 
59349.039147 0.000000 0.000000    -0.058894     0.188331 
59349.076757 0.000000 0.000000    -0.063268     0.160366 
59349.114367 0.000000 0.000000    -0.065181     0.138101 
59349.151977 0.000000 0.000000    -0.064396     0.144441 
59349.189587 0.000000 0.000000    -0.061012     0.171191 
59349.227197 0.000000 0.000000    -0.055434     0.197992 
59349.264808 0.000000 0.000000    -0.048301     0.219633 
59349.302418 0.000000 0.000000    -0.040360     0.235805 
59349.340028 0.000000 0.000000    -0.032343     0.247204 
59349.377638 0.000000 0.000000    -0.024856     0.254769 
59349.415248 0.000000 0.000000    -0.018320     0.259469 
59349.452858 0.000000 0.000000    -0.012949     0.262183 
59349.490469 0.000000 0.000000    -0.008776     0.263632 
59349.528079 0.000000 0.000000    -0.005700     0.264345 
59349.565689 0.000000 0.000000    -0.003540     0.264666 
59349.603299 0.000000 0.000000    -0.002083     0.264799 
59349.640909 0.000000 0.000000    -0.001119     0.264849 
59349.678519 0.000000 0.000000    -0.000459     0.264866 
59349.716129 0.000000 0.000000     0.000071     0.264870 
59349.753740 0.000000 0.000000     0.000635     0.264866 
59349.791350 0.000000 0.000000     0.001406     0.264850 
59349.828960 0.000000 0.000000     0.002586     0.264801 
59349.866570 0.000000 0.000000     0.004412     0.264672 
59349.904180 0.000000 0.000000     0.007159     0.264360 
59349.941790 0.000000 0.000000     0.011115     0.263667 
59349.979401 0.000000 0.000000     0.016541     0.262253 
59350.017011 0.000000 0.000000     0.023604     0.259597 
59350.054621 0.000000 0.000000     0.032301     0.254990 
59350.092231 0.000000 0.000000     0.042388     0.247556 
59350.129841 0.000000 0.000000     0.053342     0.236333 
59350.167451 0.000000 0.000000     0.064371     0.220380 
59350.205062 0.000000 0.000000     0.074490     0.198985 
59350.242672 0.000000 0.000000     0.082658     0.172381 
59350.280282 0.000000 0.000000     0.087955     0.145375 
59350.317892 0.000000 0.000000     0.089745     0.137649 
59350.355502 0.000000 0.000000     0.087809     0.159117 
59350.393112 0.000000 0.000000     0.082383     0.187127 
59350.430722 0.000000 0.000000     0.074113     0.211102 
59350.468333 0.000000 0.000000     0.063923     0.229531 
59350.505943 0.000000 0.000000     0.052847     0.242849 
59350.543553 0.000000 0.000000     0.041843     0.251928 
59350.581163 0.000000 0.000000     0.031665     0.257738 
59350.618773 0.000000 0.000000     0.022772     0.261203 
59350.656383 0.000000 0.000000     0.015313     0.263114 
59350.693994 0.000000 0.000000     0.009164     0.264074 
59350.731604 0.000000 0.000000     0.003988     0.264480 
59350.769214 0.000000 0.000000    -0.000687     0.264541 
59350.806824 0.000000 0.000000    -0.005383     0.264291 
59350.844434 0.000000 0.000000    -0.010601     0.263595 
59350.882044 0.000000 0.000000    -0.016742     0.262136 
59350.919654 0.000000 0.000000    -0.024041     0.259400 
59350.957265 0.000000 0.000000    -0.032500     0.254672 
59350.994875 0.000000 0.000000    -0.041852     0.247078 
59351.032485 0.000000 0.000000    -0.051557     0.235659 
59351.070095 0.000000 0.000000    -0.060854     0.219484 
59351.107705 0.000000 0.000000    -0.068859     0.197866 
59351.145315 0.000000 0.000000    -0.074713     0.171125 
59351.182926 0.000000 0.000000    -0.077737     0.144455 
59351.220536 0.000000 0.000000    -0.077564     0.138077 
59351.258146 0.000000 0.000000    -0.074217     0.160211 
59351.295756 0.000000 0.000000    -0.068099     0.188113 
59351.333366 0.000000 0.000000    -0.059917     0.211850 
59351.370976 0.000000 0.000000    -0.050541     0.230060 
59351.408586 0.000000 0.000000    -0.040849     0.243202 
59351.446197 0.000000 0.000000    -0.031585     0.252149 
59351.483807 0.000000 0.000000    -0.023264     0.257867 
59351.521417 0.000000 0.000000    -0.016122     0.261273 
59351.559027 0.000000 0.000000    -0.010125     0.263148 
59351.596637 0.000000 0.000000    -0.005004     0.264084 
59351.634247 0.000000 0.000000    -0.000313     0.264472 
59351.671858 0.000000 0.000000     0.004509     0.264505 
59351.709468 0.000000 0.000000     0.010070     0.264202 
59351.747078 0.000000 0.000000     0.016950     0.263406 
59351.784688 0.000000 0.000000     0.025613     0.261770 
59351.822298 0.000000 0.000000     0.036313     0.258744 
59351.859908 0.000000 0.000000     0.048993     0.253585 
59351.897519 0.000000 0.000000     0.063218     0.245397 
59351.935129 0.000000 0.000000     0.078155     0.233217 
59351.972739 0.000000 0.000000     0.092630     0.216137 
59352.010349 0.000000 0.000000     0.105276     0.193559 
59352.047959 0.000000 0.000000     0.114742     0.166194 
59352.085569 0.000000 0.000000     0.119933     0.141100 
59352.123179 0.000000 0.000000     0.120222     0.140448 
59352.160790 0.000000 0.000000     0.115574     0.165086 
59352.198400 0.000000 0.000000     0.106553     0.192568 
59352.236010 0.000000 0.000000     0.094213     0.215358 
59352.273620 0.000000 0.000000     0.079890     0.232642 
59352.311230 0.000000 0.000000     0.064971     0.244995 
59352.348840 0.000000 0.000000     0.050675     0.253321 
59352.386451 0.000000 0.000000     0.037908     0.258583 
59352.424061 0.000000 0.000000     0.027197     0.261681 
59352.461671 0.000000 0.000000     0.018714     0.263370 
59352.499281 0.000000 0.000000     0.012349     0.264219 
59352.536891 0.000000 0.000000     0.007810     0.264610 
59352.574501 0.000000 0.000000     0.004725     0.264776 
59352.612111 0.000000 0.000000     0.002715     0.264840 
59352.649722 0.000000 0.000000     0.001442     0.264862 
59352.687332 0.000000 0.000000     0.000629     0.264867 
59352.724942 0.000000 0.000000     0.000060     0.264860 
59352.762552 0.000000 0.000000    -0.000435     0.264831 
59352.800162 0.000000 0.000000    -0.000990     0.264752 
59352.837772 0.000000 0.000000    -0.001720     0.264551 
59352.875383 0.000000 0.000000    -0.002724     0.264088 
59352.912993 0.000000 0.000000    -0.004081     0.263107 
59352.950603 0.000000 0.000000    -0.005843     0.261192 
59352.988213 0.000000 0.000000    -0.008014     0.257746 
59353.025823 0.000000 0.000000    -0.010540     0.251992 
59353.063433 0.000000 0.000000    -0.013295     0.243027 
59353.101043 0.000000 0.000000    -0.016082     0.229903 
59353.138654 0.000000 0.000000    -0.018656     0.211768 
59353.176264 0.000000 0.000000    -0.020757     0.188178 
59353.213874 0.000000 0.000000    -0.022148     0.160469 
59353.251484 0.000000 0.000000    -0.022665     0.138280 
59353.289094 0.000000 0.000000    -0.022243     0.144029 
59353.326704 0.000000 0.000000    -0.020936     0.170338 
59353.364315 0.000000 0.000000    -0.018898     0.197020 
59353.401925 0.000000 0.000000    -0.016361     0.218701 
59353.439535 0.000000 0.000000    -0.013585     0.234997 
59353.477145 0.000000 0.000000    -0.010819     0.246561 
59353.514755 0.000000 0.000000    -0.008267     0.254299 
59353.552365 0.000000 0.000000    -0.006064     0.259153 
59353.589976 0.000000 0.000000    -0.004279     0.261989 
59353.627586 0.000000 0.000000    -0.002924     0.263523 
59353.665196 0.000000 0.000000    -0.001972     0.264288 
59353.702806 0.000000 0.000000    -0.001384     0.264637 
59353.740416 0.000000 0.000000    -0.001130     0.264778 
59353.778026 0.000000 0.000000    -0.001202     0.264814 
59353.815636 0.000000 0.000000    -0.001629     0.264775 
59353.853247 0.000000 0.000000    -0.002481     0.264628 
59353.890857 0.000000 0.000000    -0.003857     0.264266 
59353.928467 0.000000 0.000000    -0.005876     0.263474 
59353.966077 0.000000 0.000000    -0.008644     0.261890 
59354.003687 0.000000 0.000000    -0.012221     0.258970 
59354.041297 0.000000 0.000000    -0.016581     0.253985 
59354.078908 0.000000 0.000000    -0.021578     0.246057 
59354.116518 0.000000 0.000000    -0.026930     0.234238 
59354.154128 0.000000 0.000000    -0.032228     0.217623 
59354.191738 0.000000 0.000000    -0.036985     0.195582 
59354.229348 0.000000 0.000000    -0.040699     0.168628 
59354.266958 0.000000 0.000000    -0.042945     0.142776 
59354.304568 0.000000 0.000000    -0.043453     0.139073 
59354.342179 0.000000 0.000000    -0.042160     0.162309 
59354.379789 0.000000 0.000000    -0.039227     0.189929 
59354.417399 0.000000 0.000000    -0.035002     0.213191 
59354.455009 0.000000 0.000000    -0.029961     0.230981 
59354.492619 0.000000 0.000000    -0.024617     0.243796 
59354.530229 0.000000 0.000000    -0.019444     0.252508 
59354.567840 0.000000 0.000000    -0.014826     0.258067 
59354.605450 0.000000 0.000000    -0.011024     0.261371 
59354.643060 0.000000 0.000000    -0.008190     0.263178 
59354.680670 0.000000 0.000000    -0.006393     0.264050 
59354.718280 0.000000 0.000000    -0.005656     0.264335 
59354.755890 0.000000 0.000000    -0.005988     0.264163 
59354.793500 0.000000 0.000000    -0.007396     0.263450 
59354.831111 0.000000 0.000000    -0.009883     0.261895 
59354.868721 0.000000 0.000000    -0.013420     0.258976 
59354.906331 0.000000 0.000000    -0.017905     0.253963 
59354.943941 0.000000 0.000000    -0.023132     0.245966 
59354.981551 0.000000 0.000000    -0.028767     0.234020 
59355.019161 0.000000 0.000000    -0.034356     0.217206 
59355.056772 0.000000 0.000000    -0.039369     0.194891 
59355.094382 0.000000 0.000000    -0.043270     0.167657 
59355.131992 0.000000 0.000000    -0.045610     0.141993 
59355.169602 0.000000 0.000000    -0.046103     0.139695 
59355.207212 0.000000 0.000000    -0.044689     0.163762 
59355.244822 0.000000 0.000000    -0.041540     0.191417 
59355.282433 0.000000 0.000000    -0.037028     0.214488 
59355.320043 0.000000 0.000000    -0.031652     0.232027 
59355.357653 0.000000 0.000000    -0.025948     0.244586 
59355.395263 0.000000 0.000000    -0.020403     0.253065 
59355.432873 0.000000 0.000000    -0.015393     0.258434 
59355.470483 0.000000 0.000000    -0.011156     0.261600 
59355.508093 0.000000 0.000000    -0.007793     0.263330 
59355.545704 0.000000 0.000000    -0.005303     0.264200 
59355.583314 0.000000 0.000000    -0.003622     0.264602 
59355.620924 0.000000 0.000000    -0.002675     0.264771 
59355.658534 0.000000 0.000000    -0.002412     0.264831 
59355.696144 0.000000 0.000000    -0.002839     0.264835 
59355.733754 0.000000 0.000000    -0.004031     0.264787 
59355.771365 0.000000 0.000000    -0.006127     0.264645 
59355.808975 0.000000 0.000000    -0.009303     0.264302 
59355.846585 0.000000 0.000000    -0.013733     0.263548 
59355.884195 0.000000 0.000000    -0.019520     0.262031 
59355.921805 0.000000 0.000000    -0.026633     0.259218 
59355.959415 0.000000 0.000000    -0.034844     0.254391 
59355.997025 0.000000 0.000000    -0.043698     0.246678 
59356.034636 0.000000 0.000000    -0.052520     0.235129 
59356.072246 0.000000 0.000000    -0.060491     0.218829 
59356.109856 0.000000 0.000000    -0.066762     0.197115 
59356.147466 0.000000 0.000000    -0.070603     0.170366 
59356.185076 0.000000 0.000000    -0.071538     0.143985 
59356.222686 0.000000 0.000000    -0.069447     0.138314 
59356.260297 0.000000 0.000000    -0.064586     0.160655 
59356.297907 0.000000 0.000000    -0.057541     0.188424 
59356.335517 0.000000 0.000000    -0.049106     0.212019 
59356.373127 0.000000 0.000000    -0.040141     0.230128 
59356.410737 0.000000 0.000000    -0.031428     0.243211 
59356.448347 0.000000 0.000000    -0.023570     0.252130 
59356.485957 0.000000 0.000000    -0.016939     0.257841 
59356.523568 0.000000 0.000000    -0.011682     0.261252 
59356.561178 0.000000 0.000000    -0.007771     0.263141 
59356.598788 0.000000 0.000000    -0.005068     0.264106 
59356.636398 0.000000 0.000000    -0.003401     0.264559 
59356.674008 0.000000 0.000000    -0.002625     0.264753 
59356.711618 0.000000 0.000000    -0.002672     0.264824 
59356.749229 0.000000 0.000000    -0.003574     0.264832 
59356.786839 0.000000 0.000000    -0.005472     0.264784 
59356.824449 0.000000 0.000000    -0.008605     0.264641 
59356.862059 0.000000 0.000000    -0.013267     0.264295 
59356.899669 0.000000 0.000000    -0.019746     0.263540 
59356.937279 0.000000 0.000000    -0.028233     0.262029 
59356.974890 0.000000 0.000000    -0.038719     0.259240 
59357.012500 0.000000 0.000000    -0.050908     0.254469 
59357.050110 0.000000 0.000000    -0.064161     0.246869 
59357.087720 0.000000 0.000000    -0.077505     0.235514 
59357.125330 0.000000 0.000000    -0.089731     0.219511 
59357.162940 0.000000 0.000000    -0.099561     0.198202 
59357.200550 0.000000 0.000000    -0.105865     0.171880 
59357.238161 0.000000 0.000000    -0.107871     0.145336 
59357.275771 0.000000 0.000000    -0.105326     0.137622 
59357.313381 0.000000 0.000000    -0.098541     0.158476 
59357.350991 0.000000 0.000000    -0.088335     0.186115 
59357.388601 0.000000 0.000000    -0.075868     0.209984 
59357.426211 0.000000 0.000000    -0.062428     0.228473 
59357.463822 0.000000 0.000000    -0.049212     0.241949 
59357.501432 0.000000 0.000000    -0.037164     0.251231 
59357.539042 0.000000 0.000000    -0.026884     0.257243 
59357.576652 0.000000 0.000000    -0.018626     0.260878 
59357.614262 0.000000 0.000000    -0.012354     0.262906 
59357.651872 0.000000 0.000000    -0.007830     0.263915 
59357.689482 0.000000 0.000000    -0.004712     0.264279 
59357.727093 0.000000 0.000000    -0.002634     0.264156 
59357.764703 0.000000 0.000000    -0.001258     0.263489 
59357.802313 0.000000 0.000000    -0.000303     0.262002 
59357.839923 0.000000 0.000000     0.000444     0.259199 
59357.877533 0.000000 0.000000     0.001131     0.254379 
59357.915143 0.000000 0.000000     0.001844     0.246681 
59357.952754 0.000000 0.000000     0.002616     0.235164 
59357.990364 0.000000 0.000000     0.003435     0.218920 
59358.027974 0.000000 0.000000     0.004251     0.197290 
59358.065584 0.000000 0.000000     0.004992     0.170637 
59358.103194 0.000000 0.000000     0.005579     0.144240 
59358.140804 0.000000 0.000000     0.005942     0.138163 
59358.178414 0.000000 0.000000     0.006036     0.160196 
59358.216025 0.000000 0.000000     0.005853     0.187928 
59358.253635 0.000000 0.000000     0.005421     0.211572 
59358.291245 0.000000 0.000000     0.004797     0.229759 
59358.328855 0.000000 0.000000     0.004059     0.242926 
59358.366465 0.000000 0.000000     0.003285     0.251925 
59358.404075 0.000000 0.000000     0.002547     0.257704 
59358.441686 0.000000 0.000000     0.001902     0.261168 
59358.479296 0.000000 0.000000     0.001386     0.263093 
59358.516906 0.000000 0.000000     0.001028     0.264082 
59358.554516 0.000000 0.000000     0.000855     0.264548 
59358.592126 0.000000 0.000000     0.000917     0.264750 
59358.629736 0.000000 0.000000     0.001301     0.264828 
59358.667347 0.000000 0.000000     0.002161     0.264849 
59358.704957 0.000000 0.000000     0.003735     0.264835 
59358.742567 0.000000 0.000000     0.006365     0.264771 
59358.780177 0.000000 0.000000     0.010487     0.264604 
59358.817787 0.000000 0.000000     0.016602     0.264215 
59358.855397 0.000000 0.000000     0.025194     0.263387 
59358.893007 0.000000 0.000000     0.036613     0.261771 
59358.930618 0.000000 0.000000     0.050913     0.258864 
59358.968228 0.000000 0.000000     0.067689     0.254019 
59359.005838 0.000000 0.000000     0.085943     0.246513 
59359.043448 0.000000 0.000000     0.104060     0.235646 
59359.081058 0.000000 0.000000     0.119912     0.220903 
59359.118668 0.000000 0.000000     0.131129     0.202196 
59359.156279 0.000000 0.000000     0.135511     0.180318 
59359.193889 0.000000 0.000000     0.131481     0.157875 
59359.231499 0.000000 0.000000     0.118501     0.140426 
59359.269109 0.000000 0.000000     0.097299     0.133334 
59359.306719 0.000000 0.000000     0.069848     0.133368 
59359.344329 0.000000 0.000000     0.039070     0.133300 
59359.381939 0.000000 0.000000     0.008326     0.131833 
59359.419550 0.000000 0.000000    -0.019185     0.135378 
59359.457160 0.000000 0.000000    -0.040969     0.150466 
59359.494770 0.000000 0.000000    -0.055599     0.173243 
59359.532380 0.000000 0.000000    -0.062824     0.196711 
59359.569990 0.000000 0.000000    -0.063425     0.217182 
59359.607600 0.000000 0.000000    -0.058900     0.233418 
59359.645211 0.000000 0.000000    -0.051064     0.245366 
59359.682821 0.000000 0.000000    -0.041682     0.253548 
59359.720431 0.000000 0.000000    -0.032208     0.258749 
59359.758041 0.000000 0.000000    -0.023641     0.261803 
59359.795651 0.000000 0.000000    -0.016524     0.263452 
59359.833261 0.000000 0.000000    -0.011018     0.264268 
59359.870871 0.000000 0.000000    -0.007017     0.264637 
59359.908482 0.000000 0.000000    -0.004272     0.264789 
59359.946092 0.000000 0.000000    -0.002489     0.264846 
59359.983702 0.000000 0.000000    -0.001388     0.264865 
59360.021312 0.000000 0.000000    -0.000741     0.264872 
59360.058922 0.000000 0.000000    -0.000379     0.264873 
59360.096532 0.000000 0.000000    -0.000186     0.264874 
59360.134143 0.000000 0.000000    -0.000087     0.264874 
59360.171753 0.000000 0.000000    -0.000039     0.264874 
59360.209363 0.000000 0.000000    -0.000017     0.264874 
59360.246973 0.000000 0.000000    -0.000007     0.264874 
59360.284583 0.000000 0.000000    -0.000003     0.264874 
59360.322193 0.000000 0.000000    -0.000001     0.264874 
59360.359804 0.000000 0.000000    -0.000000     0.264874 
59360.397414 0.000000 0.000000    -0.000000     0.264874 
59360.435024 0.000000 0.000000    -0.000000     0.264874 
59360.472634 0.000000 0.000000    -0.000000     0.264874 
59360.510244 0.000000 0.000000    -0.000000     0.264874 
59360.547854 0.000000 0.000000    -0.000000     0.264874 
59360.585464 0.000000 0.000000    -0.000000     0.264874 
59360.623075 0.000000 0.000000    -0.000001     0.264874 
59360.660685 0.000000 0.000000    -0.000003     0.264874 
59360.698295 0.000000 0.000000    -0.000006     0.264874 
59360.735905 0.000000 0.000000    -0.000014     0.264874 
59360.773515 0.000000 0.000000    -0.000031     0.264874 
59360.811125 0.000000 0.000000    -0.000065     0.264874 
59360.848736 0.000000 0.000000    -0.000129     0.264873 
59360.886346 0.000000 0.000000    -0.000248     0.264871 
59360.923956 0.000000 0.000000    -0.000456     0.264862 
59360.961566 0.000000 0.000000    -0.000806     0.264836 
59360.999176 0.000000 0.000000    -0.001364     0.264762 
59361.036786 0.000000 0.000000    -0.002216     0.264574 
59361.074396 0.000000 0.000000    -0.003451     0.264135 
59361.112007 0.000000 0.000000    -0.005155     0.263190 
59361.149617 0.000000 0.000000    -0.007386     0.261328 
59361.187227 0.000000 0.000000    -0.010147     0.257945 
59361.224837 0.000000 0.000000    -0.013369     0.252251 
59361.262447 0.000000 0.000000    -0.016890     0.243323 
59361.300057 0.000000 0.000000    -0.020462     0.230192 
59361.337668 0.000000 0.000000    -0.023771     0.211990 
59361.375278 0.000000 0.000000    -0.026479     0.188295 
59361.412888 0.000000 0.000000    -0.028284     0.160601 
59361.450498 0.000000 0.000000    -0.028968     0.139101 
59361.488108 0.000000 0.000000    -0.028449     0.145912 
59361.525718 0.000000 0.000000    -0.026791     0.172379 
59361.563328 0.000000 0.000000    -0.024191     0.198867 
59361.600939 0.000000 0.000000    -0.020945     0.220272 
59361.638549 0.000000 0.000000    -0.017388     0.236261 
59361.676159 0.000000 0.000000    -0.013842     0.247516 
59361.713769 0.000000 0.000000    -0.010565     0.254973 
59361.751379 0.000000 0.000000    -0.007729     0.259593 
59361.788989 0.000000 0.000000    -0.005414     0.262254 
59361.826600 0.000000 0.000000    -0.003619     0.263669 
59361.864210 0.000000 0.000000    -0.002281     0.264362 
59361.901820 0.000000 0.000000    -0.001296     0.264673 
59361.939430 0.000000 0.000000    -0.000536     0.264801 
