# time Tc_folded Tref_folded value value_err offset model full_model val_compare val_compare_err residuals residuals_err jitter jitter_flag offset_flag subset_flag 
2452937.547371 2.722818 1.000000 -2.900000 0.600000 0.227764 1.519727 -1.733704 0.353431 0.600000 -1.166296 0.600000 2.394928  -1   0  -1 
2453149.838415 215.013862 0.320523 -2.100000 0.600000 0.227764 -0.273685 -2.210494 -0.163191 0.600000 0.110494 0.600000 2.394928  -1   0  -1 
2453149.916798 215.092245 0.320641 -0.000000 0.600000 0.227764 -0.273951 -2.259616 1.985665 0.600000 2.259616 0.600000 2.394928  -1   0  -1 
2453150.817130 215.992577 0.322001 0.100000 0.800000 0.227764 -0.277006 -2.665373 2.488367 0.800000 2.765373 0.800000 2.394928  -1   0  -1 
2453157.855306 223.030753 0.332627 4.500000 0.700000 0.227764 -0.300520 2.057318 2.142162 0.700000 2.442682 0.700000 2.394928  -1   0  -1 
2453288.510985 -308.640561 0.529895 4.900000 1.000000 0.227764 -0.654905 1.712428 2.532667 1.000000 3.187572 1.000000 2.394928  -1   0  -1 
2453288.512073 -308.639473 0.529896 3.600000 1.000000 0.227764 -0.654907 1.712605 1.232487 1.000000 1.887395 1.000000 2.394928  -1   0  -1 
2453288.513115 -308.638431 0.529898 3.700000 1.000000 0.227764 -0.654910 1.712775 1.332316 1.000000 1.987225 1.000000 2.394928  -1   0  -1 
2453288.514168 -308.637378 0.529900 3.600000 1.000000 0.227764 -0.654912 1.712945 1.232143 1.000000 1.887055 1.000000 2.394928  -1   0  -1 
2453288.515209 -308.636337 0.529901 4.600000 1.200000 0.227764 -0.654915 1.713113 2.231972 1.200000 2.886887 1.200000 2.394928  -1   0  -1 
2453288.516274 -308.635272 0.529903 3.500000 1.100000 0.227764 -0.654917 1.713284 1.131799 1.100000 1.786716 1.100000 2.394928  -1   0  -1 
2453288.517350 -308.634196 0.529904 3.000000 1.000000 0.227764 -0.654919 1.713457 0.631624 1.000000 1.286543 1.000000 2.394928  -1   0  -1 
2453288.518392 -308.633154 0.529906 3.500000 1.000000 0.227764 -0.654922 1.713623 1.131455 1.000000 1.786377 1.000000 2.394928  -1   0  -1 
2453288.519457 -308.632089 0.529908 6.300000 1.000000 0.227764 -0.654924 1.713793 3.931283 1.000000 4.586207 1.000000 2.394928  -1   0  -1 
2453288.520522 -308.631024 0.529909 2.000000 1.000000 0.227764 -0.654927 1.713962 -0.368888 1.000000 0.286038 1.000000 2.394928  -1   0  -1 
2453289.509851 -307.641695 0.531403 -0.200000 1.000000 0.227764 -0.657183 1.601472 -2.458655 1.000000 -1.801472 1.000000 2.394928  -1   0  -1 
2453289.510916 -307.640630 0.531405 1.000000 1.000000 0.227764 -0.657185 1.601066 -1.258252 1.000000 -0.601066 1.000000 2.394928  -1   0  -1 
2453289.511969 -307.639577 0.531406 2.400000 0.900000 0.227764 -0.657188 1.600665 0.142147 0.900000 0.799335 0.900000 2.394928  -1   0  -1 
2453289.515151 -307.636395 0.531411 -0.600000 1.000000 0.227764 -0.657195 1.599449 -2.856644 1.000000 -2.199449 1.000000 2.394928  -1   0  -1 
2453289.516193 -307.635353 0.531412 0.200000 0.900000 0.227764 -0.657197 1.599049 -2.056247 0.900000 -1.399049 0.900000 2.394928  -1   0  -1 
2453289.517235 -307.634311 0.531414 4.100000 0.900000 0.227764 -0.657200 1.598650 1.844151 0.900000 2.501350 0.900000 2.394928  -1   0  -1 
2453289.518276 -307.633270 0.531416 -0.100000 1.000000 0.227764 -0.657202 1.598249 -2.355452 1.000000 -1.698249 1.000000 2.394928  -1   0  -1 
2453289.519364 -307.632182 0.531417 2.300000 0.900000 0.227764 -0.657205 1.597831 0.044965 0.900000 0.702169 0.900000 2.394928  -1   0  -1 
2453289.520383 -307.631163 0.531419 1.300000 0.900000 0.227764 -0.657207 1.597438 -0.954645 0.900000 -0.297438 0.900000 2.394928  -1   0  -1 
2453289.521459 -307.630087 0.531420 2.600000 0.900000 0.227764 -0.657209 1.597023 0.345768 0.900000 1.002977 0.900000 2.394928  -1   0  -1 
2453289.535926 -307.615620 0.531442 -1.600000 1.100000 0.227764 -0.657242 1.591383 -3.848625 1.100000 -3.191383 1.100000 2.394928  -1   0  -1 
2453289.536990 -307.614556 0.531444 -0.300000 1.000000 0.227764 -0.657245 1.590964 -2.548209 1.000000 -1.890964 1.000000 2.394928  -1   0  -1 
2453289.538078 -307.613468 0.531446 3.100000 1.000000 0.227764 -0.657247 1.590535 0.852218 1.000000 1.509465 1.000000 2.394928  -1   0  -1 
2453289.539120 -307.612426 0.531447 0.600000 1.000000 0.227764 -0.657250 1.590123 -1.647373 1.000000 -0.990123 1.000000 2.394928  -1   0  -1 
2453289.540138 -307.611408 0.531449 -1.600000 0.900000 0.227764 -0.657252 1.589721 -3.846973 0.900000 -3.189721 0.900000 2.394928  -1   0  -1 
2453289.541238 -307.610308 0.531450 0.800000 1.100000 0.227764 -0.657255 1.589285 -1.446540 1.100000 -0.789285 1.100000 2.394928  -1   0  -1 
2453289.542256 -307.609290 0.531452 0.800000 1.000000 0.227764 -0.657257 1.588882 -1.446138 1.000000 -0.788882 1.000000 2.394928  -1   0  -1 
2453289.543321 -307.608225 0.531453 0.600000 1.000000 0.227764 -0.657259 1.588459 -1.645718 1.000000 -0.988459 1.000000 2.394928  -1   0  -1 
2453289.544351 -307.607195 0.531455 -0.800000 1.000000 0.227764 -0.657262 1.588049 -3.045311 1.000000 -2.388049 1.000000 2.394928  -1   0  -1 
2453289.545404 -307.606142 0.531457 0.000000 1.000000 0.227764 -0.657264 1.587630 -2.244894 1.000000 -1.587630 1.000000 2.394928  -1   0  -1 
2453289.550820 -307.600726 0.531465 0.900000 1.000000 0.227764 -0.657276 1.585466 -1.342742 1.000000 -0.685466 1.000000 2.394928  -1   0  -1 
2453289.551862 -307.599684 0.531466 -0.000000 0.900000 0.227764 -0.657279 1.585048 -2.242326 0.900000 -1.585048 0.900000 2.394928  -1   0  -1 
2453289.552915 -307.598631 0.531468 0.800000 0.900000 0.227764 -0.657281 1.584625 -1.441906 0.900000 -0.784625 0.900000 2.394928  -1   0  -1 
2453290.516529 -306.635017 0.532923 2.000000 1.300000 0.227764 -0.659474 0.996531 0.343995 1.300000 1.003469 1.300000 2.394928  -1   0  -1 
2453290.517582 -306.633964 0.532924 -0.000000 1.300000 0.227764 -0.659476 0.995712 -1.655188 1.300000 -0.995712 1.300000 2.394928  -1   0  -1 
2453290.518612 -306.632934 0.532926 2.400000 1.300000 0.227764 -0.659479 0.994910 0.745611 1.300000 1.405090 1.300000 2.394928  -1   0  -1 
2453290.519665 -306.631881 0.532928 -3.000000 1.300000 0.227764 -0.659481 0.994090 -4.653571 1.300000 -3.994090 1.300000 2.394928  -1   0  -1 
2453290.520730 -306.630816 0.532929 3.100000 1.500000 0.227764 -0.659483 0.993261 1.447256 1.500000 2.106739 1.500000 2.394928  -1   0  -1 
2453290.521737 -306.629809 0.532931 0.700000 1.500000 0.227764 -0.659486 0.992476 -0.951962 1.500000 -0.292476 1.500000 2.394928  -1   0  -1 
2453290.522824 -306.628722 0.532932 -1.700000 1.700000 0.227764 -0.659488 0.991629 -3.351117 1.700000 -2.691629 1.700000 2.394928  -1   0  -1 
2453290.523878 -306.627668 0.532934 1.700000 1.700000 0.227764 -0.659491 0.990807 0.049702 1.700000 0.709193 1.700000 2.394928  -1   0  -1 
2453290.524942 -306.626604 0.532936 0.300000 1.500000 0.227764 -0.659493 0.989978 -1.349471 1.500000 -0.689978 1.500000 2.394928  -1   0  -1 
2453290.525972 -306.625574 0.532937 -3.000000 1.600000 0.227764 -0.659495 0.989174 -4.648669 1.600000 -3.989174 1.600000 2.394928  -1   0  -1 
2453293.491230 -303.660316 0.537414 0.300000 1.400000 0.227764 -0.666213 -1.102712 0.736499 1.400000 1.402712 1.400000 2.394928  -1   0  -1 
2453293.492283 -303.659263 0.537416 1.500000 1.400000 0.227764 -0.666215 -1.103036 1.936821 1.400000 2.603036 1.400000 2.394928  -1   0  -1 
2453293.493371 -303.658175 0.537417 0.800000 1.200000 0.227764 -0.666218 -1.103371 1.237153 1.200000 1.903371 1.200000 2.394928  -1   0  -1 
2453293.494459 -303.657087 0.537419 -3.100000 1.200000 0.227764 -0.666220 -1.103705 -2.662515 1.200000 -1.996295 1.200000 2.394928  -1   0  -1 
2453293.495489 -303.656057 0.537421 0.900000 1.400000 0.227764 -0.666222 -1.104020 1.337798 1.400000 2.004020 1.400000 2.394928  -1   0  -1 
2453293.496507 -303.655039 0.537422 -0.800000 1.200000 0.227764 -0.666225 -1.104332 -0.361893 1.200000 0.304332 1.200000 2.394928  -1   0  -1 
2453293.497630 -303.653916 0.537424 -2.900000 1.200000 0.227764 -0.666227 -1.104675 -2.461552 1.200000 -1.795325 1.200000 2.394928  -1   0  -1 
2453293.498671 -303.652875 0.537425 -0.400000 1.200000 0.227764 -0.666230 -1.104993 0.038764 1.200000 0.704993 1.200000 2.394928  -1   0  -1 
2453294.486901 -302.664645 0.538917 -0.900000 0.900000 0.227764 -0.668458 -1.218580 -0.349878 0.900000 0.318580 0.900000 2.394928  -1   0  -1 
2453294.488846 -302.662700 0.538920 -3.600000 0.800000 0.227764 -0.668463 -1.218439 -3.050024 0.800000 -2.381561 0.800000 2.394928  -1   0  -1 
2453294.490721 -302.660825 0.538923 0.100000 0.800000 0.227764 -0.668467 -1.218301 0.649834 0.800000 1.318301 0.800000 2.394928  -1   0  -1 
2453294.492758 -302.658788 0.538926 -2.600000 0.800000 0.227764 -0.668471 -1.218149 -2.050322 0.800000 -1.381851 0.800000 2.394928  -1   0  -1 
2453294.494702 -302.656844 0.538929 -1.800000 0.800000 0.227764 -0.668476 -1.218003 -1.250473 0.800000 -0.581997 0.800000 2.394928  -1   0  -1 
2453295.508972 -301.642574 0.540461 -1.000000 0.800000 0.227764 -0.670758 -0.960652 -0.710106 0.800000 -0.039348 0.800000 2.394928  -1   0  -1 
2453295.510014 -301.641532 0.540462 -4.300000 0.800000 0.227764 -0.670760 -0.960212 -4.010548 0.800000 -3.339788 0.800000 2.394928  -1   0  -1 
2453295.511090 -301.640456 0.540464 -6.900000 0.900000 0.227764 -0.670763 -0.959757 -6.611006 0.900000 -5.940243 0.900000 2.394928  -1   0  -1 
2453295.512132 -301.639414 0.540465 -1.300000 0.800000 0.227764 -0.670765 -0.959316 -1.011449 0.800000 -0.340684 0.800000 2.394928  -1   0  -1 
2453295.513196 -301.638350 0.540467 -2.900000 0.900000 0.227764 -0.670768 -0.958866 -2.611902 0.900000 -1.941134 0.900000 2.394928  -1   0  -1 
2453295.514250 -301.637296 0.540469 -4.400000 0.900000 0.227764 -0.670770 -0.958419 -4.112350 0.900000 -3.441581 0.900000 2.394928  -1   0  -1 
2453295.515291 -301.636255 0.540470 -5.500000 0.900000 0.227764 -0.670772 -0.957978 -5.212794 0.900000 -4.542022 0.900000 2.394928  -1   0  -1 
2453295.516344 -301.635202 0.540472 -4.600000 0.900000 0.227764 -0.670775 -0.957531 -4.313243 0.900000 -3.642469 0.900000 2.394928  -1   0  -1 
2453295.517409 -301.634137 0.540473 -0.300000 0.900000 0.227764 -0.670777 -0.957079 -0.013698 0.900000 0.657079 0.900000 2.394928  -1   0  -1 
2453295.518439 -301.633107 0.540475 -3.300000 0.900000 0.227764 -0.670779 -0.956641 -3.014138 0.900000 -2.343359 0.900000 2.394928  -1   0  -1 
2453297.507029 -299.644517 0.543477 0.200000 1.100000 0.227764 -0.675239 0.411225 -0.886464 1.100000 -0.211225 1.100000 2.394928  -1   0  -1 
2453297.508082 -299.643464 0.543479 3.300000 1.100000 0.227764 -0.675241 0.412175 2.212584 1.100000 2.887825 1.100000 2.394928  -1   0  -1 
2453297.509135 -299.642411 0.543480 1.500000 1.000000 0.227764 -0.675243 0.413125 0.411632 1.000000 1.086875 1.000000 2.394928  -1   0  -1 
2453297.510212 -299.641334 0.543482 0.500000 1.000000 0.227764 -0.675246 0.414096 -0.589342 1.000000 0.085904 1.000000 2.394928  -1   0  -1 
2453297.511253 -299.640293 0.543484 0.500000 1.000000 0.227764 -0.675248 0.415035 -0.590284 1.000000 0.084965 1.000000 2.394928  -1   0  -1 
2453297.512330 -299.639216 0.543485 1.400000 1.000000 0.227764 -0.675251 0.416007 0.308742 1.000000 0.983993 1.000000 2.394928  -1   0  -1 
2453297.513371 -299.638175 0.543487 0.300000 0.900000 0.227764 -0.675253 0.416947 -0.792200 0.900000 -0.116947 0.900000 2.394928  -1   0  -1 
2453297.514413 -299.637133 0.543488 0.900000 0.900000 0.227764 -0.675255 0.417888 -0.193143 0.900000 0.482112 0.900000 2.394928  -1   0  -1 
2453297.515478 -299.636068 0.543490 2.700000 1.000000 0.227764 -0.675258 0.418850 1.605893 1.000000 2.281150 1.000000 2.394928  -1   0  -1 
2453297.516554 -299.634992 0.543492 -0.200000 1.000000 0.227764 -0.675260 0.419821 -1.295081 1.000000 -0.619821 1.000000 2.394928  -1   0  -1 
2453297.634786 -299.516760 0.543670 0.600000 1.500000 0.227764 -0.675524 0.527722 -0.603246 1.500000 0.072278 1.500000 2.394928  -1   0  -1 
2453297.635828 -299.515718 0.543672 -1.600000 1.300000 0.227764 -0.675527 0.528683 -2.804209 1.300000 -2.128683 1.300000 2.394928  -1   0  -1 
2453297.636893 -299.514653 0.543673 0.300000 1.400000 0.227764 -0.675529 0.529665 -0.905194 1.400000 -0.229665 1.400000 2.394928  -1   0  -1 
2453297.637946 -299.513600 0.543675 3.100000 1.500000 0.227764 -0.675532 0.530636 1.893833 1.500000 2.569364 1.500000 2.394928  -1   0  -1 
2453297.639011 -299.512535 0.543677 3.300000 1.300000 0.227764 -0.675534 0.531618 2.092848 1.300000 2.768382 1.300000 2.394928  -1   0  -1 
2453297.640075 -299.511471 0.543678 -0.300000 1.400000 0.227764 -0.675536 0.532599 -1.508136 1.400000 -0.832599 1.400000 2.394928  -1   0  -1 
2453297.641106 -299.510440 0.543680 0.300000 1.600000 0.227764 -0.675539 0.533551 -0.909089 1.600000 -0.233551 1.600000 2.394928  -1   0  -1 
2453297.642228 -299.509318 0.543681 0.700000 1.400000 0.227764 -0.675541 0.534586 -0.510127 1.400000 0.165414 1.400000 2.394928  -1   0  -1 
2453297.643304 -299.508242 0.543683 2.800000 1.400000 0.227764 -0.675544 0.535579 1.588877 1.400000 2.264421 1.400000 2.394928  -1   0  -1 
2453297.644346 -299.507200 0.543685 3.800000 1.600000 0.227764 -0.675546 0.536541 2.587913 1.600000 3.263459 1.600000 2.394928  -1   0  -1 
2453298.514691 -298.636855 0.544999 3.300000 1.100000 0.227764 -0.677491 1.386654 1.235856 1.100000 1.913346 1.100000 2.394928  -1   0  -1 
2453298.515803 -298.635743 0.545000 9.000000 1.300000 0.227764 -0.677493 1.387785 6.934722 1.300000 7.612215 1.300000 2.394928  -1   0  -1 
2453298.516821 -298.634725 0.545002 0.700000 1.000000 0.227764 -0.677495 1.388821 -1.366317 1.000000 -0.688821 1.000000 2.394928  -1   0  -1 
2453298.517863 -298.633683 0.545003 0.700000 1.100000 0.227764 -0.677498 1.389882 -1.367379 1.100000 -0.689882 1.100000 2.394928  -1   0  -1 
2453298.518939 -298.632607 0.545005 -0.700000 1.000000 0.227764 -0.677500 1.390977 -2.768477 1.000000 -2.090977 1.000000 2.394928  -1   0  -1 
2453298.520004 -298.631542 0.545007 -1.000000 0.900000 0.227764 -0.677502 1.392061 -3.069563 0.900000 -2.392061 0.900000 2.394928  -1   0  -1 
2453298.521045 -298.630501 0.545008 0.900000 0.900000 0.227764 -0.677505 1.393120 -1.170625 0.900000 -0.493120 0.900000 2.394928  -1   0  -1 
2453298.522122 -298.629424 0.545010 0.100000 1.000000 0.227764 -0.677507 1.394217 -1.971724 1.000000 -1.294217 1.000000 2.394928  -1   0  -1 
2453298.523186 -298.628360 0.545011 0.900000 0.900000 0.227764 -0.677510 1.395300 -1.172809 0.900000 -0.495300 0.900000 2.394928  -1   0  -1 
2453298.524239 -298.627307 0.545013 -0.300000 0.900000 0.227764 -0.677512 1.396372 -2.373884 0.900000 -1.696372 0.900000 2.394928  -1   0  -1 
2453298.614916 -298.536630 0.545150 2.400000 1.000000 0.227764 -0.677714 1.488928 0.233358 1.000000 0.911072 1.000000 2.394928  -1   0  -1 
2453298.615946 -298.535600 0.545152 -4.300000 1.100000 0.227764 -0.677717 1.489982 -6.467699 1.100000 -5.789982 1.100000 2.394928  -1   0  -1 
2453298.617046 -298.534500 0.545153 -0.800000 1.100000 0.227764 -0.677719 1.491108 -2.968827 1.100000 -2.291108 1.100000 2.394928  -1   0  -1 
2453298.618099 -298.533447 0.545155 1.700000 1.200000 0.227764 -0.677721 1.492185 -0.469907 1.200000 0.207815 1.200000 2.394928  -1   0  -1 
2453298.619152 -298.532394 0.545156 2.500000 1.200000 0.227764 -0.677724 1.493263 0.329014 1.200000 1.006737 1.200000 2.394928  -1   0  -1 
2453298.620217 -298.531329 0.545158 -1.000000 1.600000 0.227764 -0.677726 1.494353 -3.172079 1.600000 -2.494353 1.600000 2.394928  -1   0  -1 
2453298.621328 -298.530218 0.545160 1.400000 1.400000 0.227764 -0.677729 1.495490 -0.773218 1.400000 -0.095490 1.400000 2.394928  -1   0  -1 
2453298.622300 -298.529246 0.545161 2.900000 1.400000 0.227764 -0.677731 1.496485 0.725785 1.400000 1.403515 1.400000 2.394928  -1   0  -1 
2453298.623411 -298.528135 0.545163 -0.200000 1.500000 0.227764 -0.677733 1.497622 -2.375355 1.500000 -1.697622 1.500000 2.394928  -1   0  -1 
2453298.624441 -298.527105 0.545164 -3.000000 1.500000 0.227764 -0.677736 1.498676 -5.176412 1.500000 -4.498676 1.500000 2.394928  -1   0  -1 
2453308.509601 -288.641945 0.560089 -5.500000 0.600000 0.227764 -0.699549 -4.444655 -1.754893 0.600000 -1.055345 0.600000 2.394928  -1   0  -1 
2453308.511684 -288.639862 0.560092 -5.700000 0.600000 0.227764 -0.699553 -4.445738 -1.953815 0.600000 -1.254262 0.600000 2.394928  -1   0  -1 
2453308.513744 -288.637802 0.560096 -5.700000 0.700000 0.227764 -0.699558 -4.446806 -1.952752 0.700000 -1.253194 0.700000 2.394928  -1   0  -1 
2453308.515908 -288.635638 0.560099 -7.900000 0.700000 0.227764 -0.699562 -4.447925 -4.151637 0.700000 -3.452075 0.700000 2.394928  -1   0  -1 
2453308.517922 -288.633624 0.560102 -4.200000 0.700000 0.227764 -0.699567 -4.448965 -0.450602 0.700000 0.248965 0.700000 2.394928  -1   0  -1 
2453309.515681 -287.635865 0.561608 -7.100000 0.500000 0.227764 -0.701741 -4.696174 -3.105566 0.500000 -2.403826 0.500000 2.394928  -1   0  -1 
2453309.518111 -287.633435 0.561612 -7.800000 0.500000 0.227764 -0.701746 -4.696171 -3.805575 0.500000 -3.103829 0.500000 2.394928  -1   0  -1 
2453309.520530 -287.631016 0.561616 -9.700000 0.600000 0.227764 -0.701751 -4.696164 -5.705587 0.600000 -5.003836 0.600000 2.394928  -1   0  -1 
2453309.522995 -287.628551 0.561619 -8.600000 0.500000 0.227764 -0.701757 -4.696155 -4.605601 0.500000 -3.903845 0.500000 2.394928  -1   0  -1 
2453311.532241 -285.619305 0.564653 -9.500000 0.400000 0.227764 -0.706119 -3.910582 -6.295537 0.400000 -5.589418 0.400000 2.394928  -1   0  -1 
2453311.534857 -285.616689 0.564657 -6.400000 0.400000 0.227764 -0.706125 -3.908730 -3.197395 0.400000 -2.491270 0.400000 2.394928  -1   0  -1 
2453311.537553 -285.613993 0.564661 -7.100000 0.400000 0.227764 -0.706131 -3.906819 -3.899312 0.400000 -3.193181 0.400000 2.394928  -1   0  -1 
2453311.540238 -285.611308 0.564665 -8.300000 0.400000 0.227764 -0.706136 -3.904914 -5.101222 0.400000 -4.395086 0.400000 2.394928  -1   0  -1 
2453311.542865 -285.608681 0.564669 -6.200000 0.400000 0.227764 -0.706142 -3.903049 -3.003093 0.400000 -2.296951 0.400000 2.394928  -1   0  -1 
2453312.560845 -284.590701 0.566206 -3.100000 0.600000 0.227764 -0.708344 -3.067342 -0.741002 0.600000 -0.032658 0.600000 2.394928  -1   0  -1 
2453312.564282 -284.587264 0.566211 -5.500000 0.500000 0.227764 -0.708352 -3.064196 -3.144156 0.500000 -2.435804 0.500000 2.394928  -1   0  -1 
2453312.567684 -284.583862 0.566216 -4.800000 0.500000 0.227764 -0.708359 -3.061080 -2.447280 0.500000 -1.738920 0.500000 2.394928  -1   0  -1 
2453314.539667 -282.611879 0.569194 -0.700000 0.600000 0.227764 -0.712610 -1.100456 -0.312155 0.600000 0.400456 0.600000 2.394928  -1   0  -1 
2453314.541889 -282.609657 0.569197 2.000000 0.600000 0.227764 -0.712615 -1.098255 2.385640 0.600000 3.098255 0.600000 2.394928  -1   0  -1 
2453314.544088 -282.607458 0.569200 -2.400000 0.600000 0.227764 -0.712620 -1.096078 -2.016542 0.600000 -1.303922 0.600000 2.394928  -1   0  -1 
2453314.546310 -282.605236 0.569204 -0.400000 0.700000 0.227764 -0.712624 -1.093878 -0.018746 0.700000 0.693878 0.700000 2.394928  -1   0  -1 
2453314.548463 -282.603083 0.569207 -2.000000 0.700000 0.227764 -0.712629 -1.091747 -1.620882 0.700000 -0.908253 0.700000 2.394928  -1   0  -1 
2453321.600305 -275.551241 0.579854 -4.000000 0.500000 0.227764 -0.727665 -2.138588 -2.589076 0.500000 -1.861412 0.500000 2.394928  -1   0  -1 
2453321.602944 -275.548602 0.579858 -3.800000 0.500000 0.227764 -0.727671 -2.139918 -2.387753 0.500000 -1.660082 0.500000 2.394928  -1   0  -1 
2453321.605583 -275.545963 0.579862 -5.400000 0.500000 0.227764 -0.727676 -2.141244 -3.986432 0.500000 -3.258756 0.500000 2.394928  -1   0  -1 
2453321.608326 -275.543220 0.579866 -3.700000 0.600000 0.227764 -0.727682 -2.142621 -2.285061 0.600000 -1.557379 0.600000 2.394928  -1   0  -1 
2453340.510028 -256.641518 0.608404 -5.000000 0.400000 0.227764 -0.766658 -2.882642 -2.884017 0.400000 -2.117358 0.400000 2.394928  -1   0  -1 
2453340.513489 -256.638057 0.608410 -4.800000 0.400000 0.227764 -0.766665 -2.882493 -2.684173 0.400000 -1.917507 0.400000 2.394928  -1   0  -1 
2453340.517007 -256.634539 0.608415 -5.000000 0.400000 0.227764 -0.766672 -2.882336 -2.884336 0.400000 -2.117664 0.400000 2.394928  -1   0  -1 
2453342.505663 -254.645883 0.611417 -4.200000 0.400000 0.227764 -0.770654 -2.057964 -2.912690 0.400000 -2.142036 0.400000 2.394928  -1   0  -1 
2453342.509170 -254.642376 0.611423 -2.300000 0.500000 0.227764 -0.770661 -2.055580 -1.015082 0.500000 -0.244420 0.500000 2.394928  -1   0  -1 
2453342.512758 -254.638788 0.611428 -1.500000 0.500000 0.227764 -0.770668 -2.053138 -0.217530 0.500000 0.553138 0.500000 2.394928  -1   0  -1 
2453484.884129 -112.267417 0.826384 -2.400000 0.400000 0.227764 -0.833545 -1.678807 -1.554738 0.400000 -0.721193 0.400000 2.394928  -1   0  -1 
2453484.887683 -112.263863 0.826390 -2.700000 0.400000 0.227764 -0.833525 -1.675046 -1.858479 0.400000 -1.024954 0.400000 2.394928  -1   0  -1 
2453484.891132 -112.260414 0.826395 -1.300000 0.400000 0.227764 -0.833505 -1.671396 -0.462109 0.400000 0.371396 0.400000 2.394928  -1   0  -1 
2453491.890208 -105.261338 0.836962 -3.400000 0.400000 0.227764 -0.785438 -0.672782 -3.512656 0.400000 -2.727218 0.400000 2.394928  -1   0  -1 
2453491.893668 -105.257878 0.836968 -3.300000 0.400000 0.227764 -0.785410 -0.675567 -3.409843 0.400000 -2.624433 0.400000 2.394928  -1   0  -1 
2453491.897210 -105.254336 0.836973 -3.000000 0.500000 0.227764 -0.785380 -0.678415 -3.106965 0.500000 -2.321585 0.500000 2.394928  -1   0  -1 
2453511.905148 -85.246398 0.867182 -2.300000 0.500000 0.227764 -0.471051 -3.484173 0.713122 0.500000 1.184173 0.500000 2.394928  -1   0  -1 
2453511.907717 -85.243829 0.867185 -4.500000 0.500000 0.227764 -0.470981 -3.482311 -1.488670 0.500000 -1.017689 0.500000 2.394928  -1   0  -1 
2453511.910403 -85.241143 0.867190 -5.000000 0.600000 0.227764 -0.470907 -3.480363 -1.990545 0.600000 -1.519637 0.600000 2.394928  -1   0  -1 
2453511.913042 -85.238504 0.867194 -3.300000 0.500000 0.227764 -0.470835 -3.478446 -0.292389 0.500000 0.178446 0.500000 2.394928  -1   0  -1 
2453512.835981 -84.315565 0.868587 -3.900000 0.700000 0.227764 -0.444732 -2.711215 -1.633517 0.700000 -1.188785 0.700000 2.394928  -1   0  -1 
2453512.839488 -84.312058 0.868592 -2.900000 0.600000 0.227764 -0.444630 -2.707989 -0.636641 0.600000 -0.192011 0.600000 2.394928  -1   0  -1 
2453512.843007 -84.308539 0.868598 -4.100000 0.600000 0.227764 -0.444527 -2.704749 -1.839777 0.600000 -1.395251 0.600000 2.394928  -1   0  -1 
2453515.858256 -81.293290 0.873150 -1.000000 0.600000 0.227764 -0.346829 0.138333 -1.485163 0.600000 -1.138333 0.600000 2.394928  -1   0  -1 
2453515.863580 -81.287966 0.873158 -1.500000 0.500000 0.227764 -0.346638 0.142131 -1.988769 0.500000 -1.642131 0.500000 2.394928  -1   0  -1 
2453520.869093 -76.282453 0.880716 -3.700000 0.300000 0.227764 -0.129953 -1.436483 -2.393470 0.300000 -2.263517 0.300000 2.394928  -1   0  -1 
2453542.739620 -54.411926 0.913736 1.900000 0.700000 0.227764 2.858650 2.203203 2.555447 0.700000 -0.303203 0.700000 2.394928  -1   0  -1 
2453542.742850 -54.408696 0.913741 3.800000 1.500000 0.227764 2.859395 2.205166 4.454229 1.500000 1.594834 1.500000 2.394928  -1   0  -1 
2453543.789930 -53.361616 0.915322 2.000000 0.400000 0.227764 3.097134 2.907914 2.189220 0.400000 -0.907914 0.400000 2.394928  -1   0  -1 
2453543.794953 -53.356593 0.915330 2.700000 0.400000 0.227764 3.098251 2.911376 2.886875 0.400000 -0.211376 0.400000 2.394928  -1   0  -1 
2453544.816592 -52.334954 0.916872 4.500000 0.400000 0.227764 3.318185 3.537378 4.280807 0.400000 0.962622 0.400000 2.394928  -1   0  -1 
2453544.822032 -52.329514 0.916880 3.600000 0.400000 0.227764 3.319311 3.540040 3.379271 0.400000 0.059960 0.400000 2.394928  -1   0  -1 
2453545.842524 -51.309022 0.918421 11.600000 3.700000 0.227764 3.520063 3.830082 11.289981 3.700000 7.769918 3.700000 2.394928  -1   0  -1 
2453546.861360 -50.290186 0.919959 6.600000 0.400000 0.227764 3.694583 3.616121 6.678462 0.400000 2.983879 0.400000 2.394928  -1   0  -1 
2453546.866534 -50.285012 0.919967 7.100000 0.400000 0.227764 3.695402 3.613741 7.181662 0.400000 3.486259 0.400000 2.394928  -1   0  -1 
2453547.771038 -49.380508 0.921333 2.400000 0.400000 0.227764 3.827007 3.041103 3.185904 0.400000 -0.641103 0.400000 2.394928  -1   0  -1 
2453547.776200 -49.375346 0.921341 2.400000 0.400000 0.227764 3.827689 3.037133 3.190556 0.400000 -0.637133 0.400000 2.394928  -1   0  -1 
2453549.847373 -47.304173 0.924468 2.100000 2.900000 0.227764 4.033185 1.449331 4.683854 2.900000 0.650669 2.900000 2.394928  -1   0  -1 
2453550.760428 -46.391118 0.925846 0.500000 0.300000 0.227764 4.080735 1.059982 3.520753 0.300000 -0.559982 0.300000 2.394928  -1   0  -1 
2453550.765520 -46.386026 0.925854 0.400000 0.300000 0.227764 4.080930 1.058635 3.422295 0.300000 -0.658635 0.300000 2.394928  -1   0  -1 
2453551.768482 -45.383064 0.927368 -0.900000 0.500000 0.227764 4.104937 0.974802 2.230135 0.500000 -1.874802 0.500000 2.394928  -1   0  -1 
2453551.773563 -45.377983 0.927376 0.700000 0.600000 0.227764 4.104988 0.975276 3.829713 0.600000 -0.275276 0.600000 2.394928  -1   0  -1 
2453573.752332 -23.399214 0.960560 -0.900000 0.200000 0.227764 2.595803 5.472848 -3.777045 0.200000 -6.372848 0.200000 2.394928  -1   0  -1 
2453671.583392 74.431846 0.108268 4.600000 0.400000 0.227764 0.453893 4.116561 0.937332 0.400000 0.483439 0.400000 2.394928  -1   0  -1 
2453671.586875 74.435329 0.108274 4.200000 0.500000 0.227764 0.453863 4.118549 0.535315 0.500000 0.081451 0.500000 2.394928  -1   0  -1 
2453671.590324 74.438778 0.108279 4.100000 0.500000 0.227764 0.453834 4.120513 0.433321 0.500000 -0.020513 0.500000 2.394928  -1   0  -1 
2453810.907634 213.756088 0.318624 -6.200000 0.400000 0.227764 -0.269397 -3.005925 -3.463472 0.400000 -3.194075 0.400000 2.394928  -1   0  -1 
2453810.911488 213.759942 0.318630 -6.000000 0.300000 0.227764 -0.269410 -3.006488 -3.262923 0.300000 -2.993512 0.300000 2.394928  -1   0  -1 
2453810.915331 213.763785 0.318636 -4.600000 0.300000 0.227764 -0.269423 -3.007041 -1.862382 0.300000 -1.592959 0.300000 2.394928  -1   0  -1 
2453815.909918 218.758372 0.326177 -3.300000 0.300000 0.227764 -0.286323 -0.106348 -3.479976 0.300000 -3.193652 0.300000 2.394928  -1   0  -1 
2453815.914965 218.763419 0.326184 -4.400000 0.300000 0.227764 -0.286340 -0.103402 -4.582938 0.300000 -4.296598 0.300000 2.394928  -1   0  -1 
2453816.914372 219.762826 0.327693 -2.500000 0.300000 0.227764 -0.289682 0.279381 -3.069064 0.300000 -2.779381 0.300000 2.394928  -1   0  -1 
2453816.919638 219.768092 0.327701 -3.400000 0.400000 0.227764 -0.289700 0.280185 -3.969885 0.400000 -3.680185 0.400000 2.394928  -1   0  -1 
2453862.858999 265.707453 0.397062 -2.600000 0.500000 0.227764 -0.431034 0.465343 -3.496376 0.500000 -3.065343 0.500000 2.394928  -1   0  -1 
2453862.862564 265.711018 0.397067 -3.100000 0.400000 0.227764 -0.431044 0.462267 -3.993311 0.400000 -3.562267 0.400000 2.394928  -1   0  -1 
2453862.866256 265.714710 0.397073 -2.200000 0.400000 0.227764 -0.431054 0.459083 -3.090137 0.400000 -2.659083 0.400000 2.394928  -1   0  -1 
2453870.847549 273.696003 0.409123 -0.700000 0.400000 0.227764 -0.453516 2.630611 -3.784127 0.400000 -3.330611 0.400000 2.394928  -1   0  -1 
2453870.853070 273.701524 0.409131 -0.500000 0.400000 0.227764 -0.453531 2.636121 -3.589652 0.400000 -3.136121 0.400000 2.394928  -1   0  -1 
2453882.860433 285.708887 0.427260 -3.600000 0.400000 0.227764 -0.486768 -3.703407 -0.383361 0.400000 0.103407 0.400000 2.394928  -1   0  -1 
2453882.863003 285.711457 0.427264 -3.800000 0.400000 0.227764 -0.486775 -3.701590 -0.585185 0.400000 -0.098410 0.400000 2.394928  -1   0  -1 
2453882.865792 285.714246 0.427268 -3.300000 0.400000 0.227764 -0.486782 -3.699616 -0.087167 0.400000 0.399616 0.400000 2.394928  -1   0  -1 
2453882.868420 285.716874 0.427272 -2.400000 0.500000 0.227764 -0.486790 -3.697754 0.810964 0.500000 1.297754 0.500000 2.394928  -1   0  -1 
2453883.847121 286.695575 0.428750 -2.200000 0.400000 0.227764 -0.489416 -2.899443 0.210027 0.400000 0.699443 0.400000 2.394928  -1   0  -1 
2453883.851033 286.699487 0.428756 -2.000000 0.400000 0.227764 -0.489426 -2.895890 0.406464 0.400000 0.895890 0.400000 2.394928  -1   0  -1 
2453883.854887 286.703341 0.428762 -1.900000 0.400000 0.227764 -0.489437 -2.892387 0.502951 0.400000 0.992387 0.400000 2.394928  -1   0  -1 
2453886.875724 289.724178 0.433323 -0.900000 0.400000 0.227764 -0.497500 0.039381 -1.436881 0.400000 -0.939381 0.400000 2.394928  -1   0  -1 
2453886.879069 289.727523 0.433328 -2.100000 0.500000 0.227764 -0.497509 0.042104 -2.639613 0.500000 -2.142104 0.500000 2.394928  -1   0  -1 
2453886.882321 289.730775 0.433333 -0.000000 0.400000 0.227764 -0.497518 0.044748 -0.542266 0.400000 -0.044748 0.400000 2.394928  -1   0  -1 
2453917.821767 320.670221 0.480046 -1.500000 1.100000 0.227764 -0.576632 -0.212106 -1.864526 1.100000 -1.287894 1.100000 2.394928  -1   0  -1 
2453917.822831 320.671285 0.480048 2.100000 1.200000 0.227764 -0.576635 -0.212477 1.735842 1.200000 2.312477 1.200000 2.394928  -1   0  -1 
2453917.824000 320.672454 0.480049 -0.200000 1.200000 0.227764 -0.576638 -0.212885 -0.563753 1.200000 0.012885 1.200000 2.394928  -1   0  -1 
2453917.825100 320.673554 0.480051 -2.400000 1.300000 0.227764 -0.576640 -0.213270 -2.763371 1.300000 -2.186730 1.300000 2.394928  -1   0  -1 
2453917.826165 320.674619 0.480053 -1.600000 1.300000 0.227764 -0.576643 -0.213643 -1.963000 1.300000 -1.386357 1.300000 2.394928  -1   0  -1 
2453917.827253 320.675707 0.480054 2.600000 1.300000 0.227764 -0.576646 -0.214024 2.237379 1.300000 2.814024 1.300000 2.394928  -1   0  -1 
2453917.828341 320.676795 0.480056 1.100000 1.200000 0.227764 -0.576648 -0.214407 0.737758 1.200000 1.314407 1.200000 2.394928  -1   0  -1 
2453917.829452 320.677906 0.480058 -0.500000 1.300000 0.227764 -0.576651 -0.214798 -0.861853 1.300000 -0.285202 1.300000 2.394928  -1   0  -1 
2453917.830517 320.678971 0.480059 1.300000 1.400000 0.227764 -0.576654 -0.215173 0.938520 1.400000 1.515173 1.400000 2.394928  -1   0  -1 
2453917.831663 320.680117 0.480061 1.900000 1.400000 0.227764 -0.576656 -0.215578 1.538921 1.400000 2.115578 1.400000 2.394928  -1   0  -1 
2453919.820486 322.668940 0.483064 -4.100000 1.200000 0.227764 -0.581541 -1.666049 -3.015492 1.200000 -2.433951 1.200000 2.394928  -1   0  -1 
2453919.821562 322.670016 0.483065 -4.800000 1.200000 0.227764 -0.581544 -1.667039 -3.714505 1.200000 -3.132961 1.200000 2.394928  -1   0  -1 
2453919.822662 322.671116 0.483067 -0.100000 1.500000 0.227764 -0.581546 -1.668051 0.986504 1.500000 1.568051 1.500000 2.394928  -1   0  -1 
2453919.823761 322.672215 0.483069 -5.200000 1.500000 0.227764 -0.581549 -1.669062 -4.112487 1.500000 -3.530938 1.500000 2.394928  -1   0  -1 
2453919.824884 322.673338 0.483070 -5.600000 1.500000 0.227764 -0.581552 -1.670095 -4.511457 1.500000 -3.929905 1.500000 2.394928  -1   0  -1 
2453919.825949 322.674403 0.483072 -0.700000 1.300000 0.227764 -0.581554 -1.671075 0.389520 1.300000 0.971075 1.300000 2.394928  -1   0  -1 
2453919.827060 322.675514 0.483074 -1.200000 1.400000 0.227764 -0.581557 -1.672097 -0.109460 1.400000 0.472097 1.400000 2.394928  -1   0  -1 
2453919.828171 322.676625 0.483075 -6.300000 1.400000 0.227764 -0.581560 -1.673119 -5.208441 1.400000 -4.626881 1.400000 2.394928  -1   0  -1 
2453919.829259 322.677713 0.483077 -2.900000 1.200000 0.227764 -0.581563 -1.674120 -1.807443 1.200000 -1.225880 1.200000 2.394928  -1   0  -1 
2453919.830335 322.678789 0.483079 -1.700000 1.200000 0.227764 -0.581565 -1.675110 -0.606455 1.200000 -0.024890 1.200000 2.394928  -1   0  -1 
2453921.830717 324.679171 0.486099 -3.100000 1.600000 0.227764 -0.586455 -3.132799 -0.553656 1.600000 0.032799 1.600000 2.394928  -1   0  -1 
2453921.831828 324.680282 0.486100 -3.700000 1.600000 0.227764 -0.586458 -3.133264 -1.153194 1.600000 -0.566736 1.600000 2.394928  -1   0  -1 
2453921.832892 324.681346 0.486102 -1.900000 1.500000 0.227764 -0.586461 -3.133709 0.647248 1.500000 1.233709 1.500000 2.394928  -1   0  -1 
2453921.833992 324.682446 0.486104 -2.500000 1.600000 0.227764 -0.586463 -3.134168 0.047705 1.600000 0.634168 1.600000 2.394928  -1   0  -1 
2453921.835126 324.683580 0.486105 -5.000000 1.300000 0.227764 -0.586466 -3.134642 -2.451824 1.300000 -1.865358 1.300000 2.394928  -1   0  -1 
2453921.836214 324.684668 0.486107 -3.600000 1.100000 0.227764 -0.586469 -3.135095 -1.051373 1.100000 -0.464905 1.100000 2.394928  -1   0  -1 
2453921.837291 324.685745 0.486109 -3.200000 1.000000 0.227764 -0.586471 -3.135544 -0.650928 1.000000 -0.064456 1.000000 2.394928  -1   0  -1 
2453921.838413 324.686867 0.486110 -2.200000 1.000000 0.227764 -0.586474 -3.136011 0.349537 1.000000 0.936011 1.000000 2.394928  -1   0  -1 
2453921.839467 324.687921 0.486112 -1.600000 1.000000 0.227764 -0.586477 -3.136449 0.949972 1.000000 1.536449 1.000000 2.394928  -1   0  -1 
2453921.840566 324.689020 0.486114 -2.400000 1.000000 0.227764 -0.586479 -3.136905 0.150426 1.000000 0.736905 1.000000 2.394928  -1   0  -1 
2453950.742238 -308.736302 0.529750 -5.500000 0.400000 0.227764 -0.654686 -4.211559 -1.943127 0.400000 -1.288441 0.400000 2.394928  -1   0  -1 
2453974.597984 -284.880556 0.565768 8.600000 1.100000 0.227764 -0.707718 3.929317 3.962965 1.100000 4.670683 1.100000 2.394928  -1   0  -1 
2453974.600009 -284.878531 0.565771 9.400000 0.900000 0.227764 -0.707722 3.927829 4.764449 0.900000 5.472171 0.900000 2.394928  -1   0  -1 
2453974.601954 -284.876586 0.565774 11.400000 0.900000 0.227764 -0.707726 3.926396 6.765878 0.900000 7.473604 0.900000 2.394928  -1   0  -1 
2453974.603956 -284.874584 0.565777 11.600000 0.900000 0.227764 -0.707731 3.924917 6.967352 0.900000 7.675083 0.900000 2.394928  -1   0  -1 
2453976.591620 -282.886920 0.568778 5.100000 0.600000 0.227764 -0.712018 0.907378 3.480604 0.600000 4.192622 0.600000 2.394928  -1   0  -1 
2453976.594050 -282.884490 0.568782 3.300000 0.600000 0.227764 -0.712024 0.902346 1.685630 0.600000 2.397654 0.600000 2.394928  -1   0  -1 
2453976.596469 -282.882071 0.568786 4.200000 0.600000 0.227764 -0.712029 0.897336 2.590636 0.600000 3.302664 0.600000 2.394928  -1   0  -1 
2453976.598980 -282.879560 0.568789 3.300000 0.600000 0.227764 -0.712034 0.892133 1.695833 0.600000 2.407867 0.600000 2.394928  -1   0  -1 
2453980.640151 -278.838389 0.574891 -3.300000 0.600000 0.227764 -0.720688 -4.611129 0.590440 0.600000 1.311129 0.600000 2.394928  -1   0  -1 
2453980.643079 -278.835461 0.574895 -2.900000 0.600000 0.227764 -0.720695 -4.611735 0.991040 0.600000 1.711735 0.600000 2.394928  -1   0  -1 
2453980.645938 -278.832602 0.574900 -2.300000 0.600000 0.227764 -0.720701 -4.612322 1.591621 0.600000 2.312322 0.600000 2.394928  -1   0  -1 
2453980.648924 -278.829616 0.574904 -3.600000 0.600000 0.227764 -0.720707 -4.612931 0.292224 0.600000 1.012931 0.600000 2.394928  -1   0  -1 
2453981.703761 -277.774779 0.576497 -5.800000 0.400000 0.227764 -0.722952 -4.559684 -1.963268 0.400000 -1.240316 0.400000 2.394928  -1   0  -1 
2453981.706284 -277.772256 0.576501 -7.100000 0.400000 0.227764 -0.722957 -4.558974 -3.263983 0.400000 -2.541026 0.400000 2.394928  -1   0  -1 
2453981.708796 -277.769744 0.576504 -7.600000 0.400000 0.227764 -0.722963 -4.558264 -3.764698 0.400000 -3.041736 0.400000 2.394928  -1   0  -1 
2453981.711342 -277.767198 0.576508 -5.800000 0.400000 0.227764 -0.722968 -4.557542 -1.965426 0.400000 -1.242458 0.400000 2.394928  -1   0  -1 
2453982.690997 -276.787543 0.577987 -2.900000 0.700000 0.227764 -0.725048 -4.108030 0.482982 0.700000 1.208030 0.700000 2.394928  -1   0  -1 
2453982.693555 -276.784985 0.577991 -2.500000 0.700000 0.227764 -0.725053 -4.106453 0.881400 0.700000 1.606453 0.700000 2.394928  -1   0  -1 
2453982.695997 -276.782543 0.577995 -2.100000 0.700000 0.227764 -0.725058 -4.104945 1.279887 0.700000 2.004945 0.700000 2.394928  -1   0  -1 
2453982.698647 -276.779893 0.577999 -3.700000 0.700000 0.227764 -0.725064 -4.103308 -0.321756 0.700000 0.403308 0.700000 2.394928  -1   0  -1 
2454292.812219 33.333679 0.046217 -0.700000 0.300000 0.227764 0.910063 -1.061149 1.271211 0.300000 0.361149 0.300000 2.394928  -1   0  -1 
2454292.817485 33.338945 0.046225 -0.300000 0.300000 0.227764 0.909986 -1.064168 1.674154 0.300000 0.764168 0.300000 2.394928  -1   0  -1 
2454315.727933 56.249393 0.080816 0.400000 0.800000 0.227764 0.625937 1.035320 -0.009383 0.800000 -0.635320 0.800000 2.394928  -1   0  -1 
2454315.732909 56.254369 0.080823 -1.800000 0.800000 0.227764 0.625884 1.035891 -2.210007 0.800000 -2.835891 0.800000 2.394928  -1   0  -1 
2454953.915075 32.109542 0.044369 -4.800000 0.400000 0.227764 0.928204 -2.063578 -1.808218 0.400000 -2.736422 0.400000 2.394928  -1   0  -1 
2454953.918663 32.113130 0.044374 -2.900000 0.400000 0.227764 0.928151 -2.063225 0.091375 0.400000 -0.836775 0.400000 2.394928  -1   0  -1 
2454953.922240 32.116707 0.044380 -3.700000 0.400000 0.227764 0.928097 -2.062866 -0.709037 0.400000 -1.637134 0.400000 2.394928  -1   0  -1 
2454954.854520 33.048987 0.045787 -3.300000 0.300000 0.227764 0.914249 -1.780043 -0.605708 0.300000 -1.519957 0.300000 2.394928  -1   0  -1 
2454954.858270 33.052737 0.045793 -3.500000 0.300000 0.227764 0.914194 -1.778222 -0.807584 0.300000 -1.721778 0.300000 2.394928  -1   0  -1 
2454954.861812 33.056279 0.045798 -3.200000 0.300000 0.227764 0.914142 -1.776497 -0.509361 0.300000 -1.423503 0.300000 2.394928  -1   0  -1 
2454955.841317 34.035784 0.047277 -3.100000 0.400000 0.227764 0.899822 -1.157734 -1.042444 0.400000 -1.942266 0.400000 2.394928  -1   0  -1 
2454955.845010 34.039477 0.047283 -2.300000 0.400000 0.227764 0.899768 -1.154957 -0.245274 0.400000 -1.145043 0.400000 2.394928  -1   0  -1 
2454955.848783 34.043250 0.047288 -1.400000 0.700000 0.227764 0.899713 -1.152118 0.651831 0.700000 -0.247882 0.700000 2.394928  -1   0  -1 
2454956.895780 35.090247 0.048869 -2.300000 0.500000 0.227764 0.884660 -0.288221 -1.127119 0.500000 -2.011779 0.500000 2.394928  -1   0  -1 
2454956.899345 35.093812 0.048875 -0.900000 0.400000 0.227764 0.884609 -0.285131 0.269740 0.400000 -0.614869 0.400000 2.394928  -1   0  -1 
2454956.902968 35.097435 0.048880 -1.700000 0.400000 0.227764 0.884557 -0.281990 -0.533453 0.400000 -1.418010 0.400000 2.394928  -1   0  -1 
2454988.882690 67.077157 0.097164 0.000000 0.400000 0.227764 0.519154 0.822257 -0.303103 0.400000 -0.822257 0.400000 2.394928  -1   0  -1 
2454988.888119 67.082586 0.097172 0.100000 0.400000 0.227764 0.519104 0.819507 -0.200403 0.400000 -0.719507 0.400000 2.394928  -1   0  -1 
2454989.877517 68.071984 0.098666 -0.100000 0.300000 0.227764 0.510011 0.128663 0.281348 0.300000 -0.228663 0.300000 2.394928  -1   0  -1 
2454989.883200 68.077667 0.098675 -0.200000 0.300000 0.227764 0.509959 0.123701 0.186259 0.300000 -0.323701 0.300000 2.394928  -1   0  -1 
2454991.889668 70.084135 0.101704 -0.800000 0.400000 0.227764 0.491829 -1.858031 1.549860 0.400000 1.058031 0.400000 2.394928  -1   0  -1 
2454991.895131 70.089598 0.101712 -1.900000 0.400000 0.227764 0.491780 -1.862988 0.454768 0.400000 -0.037012 0.400000 2.394928  -1   0  -1 
2454993.901526 72.095993 0.104742 -5.800000 0.200000 0.227764 0.474051 -2.991173 -2.334776 0.200000 -2.808827 0.200000 2.394928  -1   0  -1 
2455021.881363 100.075830 0.146986 -1.400000 0.500000 0.227764 0.260927 -3.154939 2.015866 0.500000 1.754939 0.500000 2.394928  -1   0  -1 
2455021.884638 100.079105 0.146991 -1.500000 0.500000 0.227764 0.260906 -3.157638 1.918544 0.500000 1.657638 0.500000 2.394928  -1   0  -1 
2455021.887879 100.082346 0.146996 0.300000 0.500000 0.227764 0.260884 -3.160304 3.721188 0.500000 3.460304 0.500000 2.394928  -1   0  -1 
2455023.870780 102.065247 0.149990 -1.300000 0.700000 0.227764 0.247769 -3.746322 2.694090 0.700000 2.446322 0.700000 2.394928  -1   0  -1 
2455023.874484 102.068951 0.149996 -2.100000 0.800000 0.227764 0.247744 -3.745695 1.893439 0.800000 1.645695 0.800000 2.394928  -1   0  -1 
2455023.878292 102.072759 0.150001 -0.900000 0.700000 0.227764 0.247719 -3.745045 3.092764 0.700000 2.845045 0.700000 2.394928  -1   0  -1 
2455023.893431 102.087898 0.150024 -2.900000 0.600000 0.227764 0.247620 -3.742403 1.090023 0.600000 0.842403 0.600000 2.394928  -1   0  -1 
2455023.897135 102.091602 0.150030 -2.300000 0.600000 0.227764 0.247596 -3.741743 1.689339 0.600000 1.441743 0.600000 2.394928  -1   0  -1 
2455023.901151 102.095618 0.150036 -2.000000 0.600000 0.227764 0.247569 -3.741021 1.988590 0.600000 1.741021 0.600000 2.394928  -1   0  -1 
2455025.707370 103.901837 0.152763 -3.600000 0.600000 0.227764 0.235815 -2.859949 -0.504236 0.600000 -0.740051 0.600000 2.394928  -1   0  -1 
2455025.710657 103.905124 0.152768 -2.300000 0.600000 0.227764 0.235794 -2.857499 0.793293 0.600000 0.557499 0.600000 2.394928  -1   0  -1 
2455025.713979 103.908446 0.152773 -3.800000 0.600000 0.227764 0.235772 -2.855020 -0.709207 0.600000 -0.944980 0.600000 2.394928  -1   0  -1 
2455036.781145 114.975612 0.169482 -0.700000 0.800000 0.227764 0.167394 -1.403777 0.871172 0.800000 0.703777 0.800000 2.394928  -1   0  -1 
2455036.782916 114.977383 0.169485 1.300000 0.800000 0.227764 0.167384 -1.403963 2.871347 0.800000 2.703963 0.800000 2.394928  -1   0  -1 
2455036.784721 114.979188 0.169488 -0.000000 0.700000 0.227764 0.167373 -1.404151 1.571524 0.700000 1.404151 0.700000 2.394928  -1   0  -1 
2455036.786434 114.980901 0.169490 0.300000 0.700000 0.227764 0.167363 -1.404329 1.871692 0.700000 1.704329 0.700000 2.394928  -1   0  -1 
2455036.788217 114.982684 0.169493 1.200000 0.700000 0.227764 0.167353 -1.404512 2.771864 0.700000 2.604512 0.700000 2.394928  -1   0  -1 
2455036.789988 114.984455 0.169496 0.300000 0.700000 0.227764 0.167342 -1.404693 1.872035 0.700000 1.704693 0.700000 2.394928  -1   0  -1 
2455037.797226 115.991693 0.171017 -1.500000 0.700000 0.227764 0.161408 -1.318522 -0.020069 0.700000 -0.181478 0.700000 2.394928  -1   0  -1 
2455037.799009 115.993476 0.171019 3.000000 0.700000 0.227764 0.161398 -1.318048 4.479446 0.700000 4.318048 0.700000 2.394928  -1   0  -1 
2455037.800733 115.995200 0.171022 1.300000 0.700000 0.227764 0.161388 -1.317589 2.778977 0.700000 2.617589 0.700000 2.394928  -1   0  -1 
2455037.802539 115.997006 0.171025 0.200000 0.700000 0.227764 0.161377 -1.317106 1.678484 0.700000 1.517106 0.700000 2.394928  -1   0  -1 
2455037.804321 115.998788 0.171027 2.000000 0.700000 0.227764 0.161367 -1.316629 3.477996 0.700000 3.316629 0.700000 2.394928  -1   0  -1 
2455037.806057 116.000524 0.171030 0.000000 0.700000 0.227764 0.161356 -1.316164 1.477520 0.700000 1.316164 0.700000 2.394928  -1   0  -1 
2455039.786805 117.981272 0.174020 2.700000 0.800000 0.227764 0.149819 -0.196555 3.046374 0.800000 2.896555 0.800000 2.394928  -1   0  -1 
2455039.788332 117.982799 0.174023 3.100000 0.900000 0.227764 0.149810 -0.195303 3.445113 0.900000 3.295303 0.900000 2.394928  -1   0  -1 
2455039.789964 117.984431 0.174025 3.200000 0.800000 0.227764 0.149801 -0.193964 3.543765 0.800000 3.393964 0.800000 2.394928  -1   0  -1 
2455039.791550 117.986017 0.174028 1.100000 0.800000 0.227764 0.149792 -0.192662 1.442454 0.800000 1.292662 0.800000 2.394928  -1   0  -1 
2455039.793147 117.987614 0.174030 2.400000 0.800000 0.227764 0.149783 -0.191350 2.741133 0.800000 2.591350 0.800000 2.394928  -1   0  -1 
2455039.794710 117.989177 0.174032 3.300000 0.900000 0.227764 0.149774 -0.190066 3.639840 0.900000 3.490066 0.900000 2.394928  -1   0  -1 
2455039.796330 117.990797 0.174035 3.700000 0.800000 0.227764 0.149764 -0.188735 4.038499 0.800000 3.888735 0.800000 2.394928  -1   0  -1 
2455041.699644 119.894111 0.176909 3.000000 0.400000 0.227764 0.138838 1.676749 1.462089 0.400000 1.323251 0.400000 2.394928  -1   0  -1 
2455041.704829 119.899296 0.176916 2.700000 0.400000 0.227764 0.138809 1.682395 1.156414 0.400000 1.017605 0.400000 2.394928  -1   0  -1 
2455045.801844 123.996311 0.183102 1.300000 0.400000 0.227764 0.115800 4.870636 -3.454836 0.400000 -3.570636 0.400000 2.394928  -1   0  -1 
2455046.832613 125.027080 0.184658 -0.800000 0.400000 0.227764 0.110117 4.521135 -5.211018 0.400000 -5.321135 0.400000 2.394928  -1   0  -1 
2455047.816890 126.011357 0.186145 -0.900000 0.500000 0.227764 0.104729 3.668351 -4.463622 0.500000 -4.568351 0.500000 2.394928  -1   0  -1 
2455047.821971 126.016438 0.186152 -1.800000 0.500000 0.227764 0.104702 3.662975 -5.358273 0.500000 -5.462975 0.500000 2.394928  -1   0  -1 
2455066.705240 144.899707 0.214663 -3.800000 0.300000 0.227764 0.007971 -2.472880 -1.319149 0.300000 -1.327120 0.300000 2.394928  -1   0  -1 
2455067.723686 145.918153 0.216200 -2.600000 0.300000 0.227764 0.003081 -1.954100 -0.642820 0.300000 -0.645900 0.300000 2.394928  -1   0  -1 
2455068.708996 146.903463 0.217688 -4.000000 0.300000 0.227764 -0.001622 -1.200532 -2.801090 0.300000 -2.799468 0.300000 2.394928  -1   0  -1 
2455069.712847 147.907314 0.219204 -0.800000 0.200000 0.227764 -0.006385 -0.246276 -0.560109 0.200000 -0.553724 0.200000 2.394928  -1   0  -1 
2455072.655300 150.849767 0.223646 4.100000 0.700000 0.227764 -0.020180 2.747586 1.332234 0.700000 1.352414 0.700000 2.394928  -1   0  -1 
2455072.657788 150.852255 0.223650 4.000000 0.600000 0.227764 -0.020192 2.749593 1.230216 0.600000 1.250407 0.600000 2.394928  -1   0  -1 
2455072.660218 150.854685 0.223654 3.900000 0.600000 0.227764 -0.020203 2.751551 1.128246 0.600000 1.148449 0.600000 2.394928  -1   0  -1 
2455072.662649 150.857116 0.223657 4.900000 0.600000 0.227764 -0.020214 2.753508 2.126278 0.600000 2.146492 0.600000 2.394928  -1   0  -1 
2455075.660497 153.854964 0.228184 4.300000 0.700000 0.227764 -0.034024 3.097163 1.168813 0.700000 1.202837 0.700000 2.394928  -1   0  -1 
2455075.662928 153.857395 0.228187 3.800000 0.600000 0.227764 -0.034035 3.095635 0.670330 0.600000 0.704365 0.600000 2.394928  -1   0  -1 
2455075.665358 153.859825 0.228191 4.700000 0.600000 0.227764 -0.034046 3.094104 1.571850 0.600000 1.605896 0.600000 2.394928  -1   0  -1 
2455078.680711 156.875178 0.232744 -1.100000 1.000000 0.227764 -0.047696 0.862468 -2.010164 1.000000 -1.962468 1.000000 2.394928  -1   0  -1 
2455078.683604 156.878071 0.232748 -1.100000 1.100000 0.227764 -0.047709 0.861123 -2.008832 1.100000 -1.961123 1.100000 2.394928  -1   0  -1 
2455078.686092 156.880559 0.232752 1.300000 1.200000 0.227764 -0.047720 0.859969 0.392311 1.200000 0.440031 1.200000 2.394928  -1   0  -1 
2455078.689171 156.883638 0.232756 1.200000 1.400000 0.227764 -0.047734 0.858543 0.293723 1.400000 0.341457 1.400000 2.394928  -1   0  -1 
2455109.549819 187.744286 0.279351 -2.200000 0.600000 0.227764 -0.175419 -0.522311 -1.853108 0.600000 -1.677689 0.600000 2.394928  -1   0  -1 
2455109.555767 187.750234 0.279360 -2.400000 0.800000 0.227764 -0.175442 -0.519958 -2.055484 0.800000 -1.880042 0.800000 2.394928  -1   0  -1 
2455110.576472 188.770939 0.280901 -1.900000 0.400000 0.227764 -0.179338 0.037850 -2.117188 0.400000 -1.937850 0.400000 2.394928  -1   0  -1 
2455110.581946 188.776413 0.280909 -3.000000 0.400000 0.227764 -0.179359 0.041600 -3.220959 0.400000 -3.041600 0.400000 2.394928  -1   0  -1 
2455112.566577 190.761044 0.283905 0.000000 0.500000 0.227764 -0.186881 1.784756 -1.971638 0.500000 -1.784756 0.500000 2.394928  -1   0  -1 
2455112.571947 190.766414 0.283914 0.700000 0.400000 0.227764 -0.186901 1.790205 -1.277106 0.400000 -1.090205 0.400000 2.394928  -1   0  -1 
2455116.586194 194.780661 0.289974 0.900000 0.200000 0.227764 -0.201909 4.614672 -3.916581 0.200000 -3.714672 0.200000 2.394928  -1   0  -1 
2455121.587607 199.782074 0.297526 -8.100000 0.700000 0.227764 -0.220234 -3.046799 -5.273435 0.700000 -5.053201 0.700000 2.394928  -1   0  -1 
2455121.590037 199.784504 0.297529 -6.900000 0.700000 0.227764 -0.220243 -3.049689 -4.070554 0.700000 -3.850311 0.700000 2.394928  -1   0  -1 
2455121.592479 199.786946 0.297533 -9.400000 0.700000 0.227764 -0.220251 -3.052589 -6.567662 0.700000 -6.347411 0.700000 2.394928  -1   0  -1 
2455121.594956 199.789423 0.297537 -7.500000 0.800000 0.227764 -0.220260 -3.055527 -4.664733 0.800000 -4.444473 0.800000 2.394928  -1   0  -1 
2455121.597456 199.791923 0.297541 -8.700000 0.800000 0.227764 -0.220269 -3.058488 -5.861781 0.800000 -5.641512 0.800000 2.394928  -1   0  -1 
2455122.525933 200.720400 0.298942 -6.400000 0.800000 0.227764 -0.223627 -3.884267 -2.739359 0.800000 -2.515733 0.800000 2.394928  -1   0  -1 
2455122.528352 200.722819 0.298946 -7.000000 0.800000 0.227764 -0.223636 -3.885725 -3.337911 0.800000 -3.114275 0.800000 2.394928  -1   0  -1 
2455122.530794 200.725261 0.298950 -7.600000 0.700000 0.227764 -0.223644 -3.887192 -3.936452 0.700000 -3.712808 0.700000 2.394928  -1   0  -1 
2455122.533248 200.727715 0.298953 -5.800000 0.700000 0.227764 -0.223653 -3.888664 -2.134990 0.700000 -1.911336 0.700000 2.394928  -1   0  -1 
2455122.535701 200.730168 0.298957 -6.300000 0.700000 0.227764 -0.223662 -3.890131 -2.633531 0.700000 -2.409869 0.700000 2.394928  -1   0  -1 
2455124.520796 202.715263 0.301954 -7.500000 0.300000 0.227764 -0.230795 -4.057669 -3.673126 0.300000 -3.442331 0.300000 2.394928  -1   0  -1 
2455124.526421 202.720888 0.301963 -7.500000 0.300000 0.227764 -0.230815 -4.055680 -3.675135 0.300000 -3.444320 0.300000 2.394928  -1   0  -1 
2455127.527559 205.722026 0.306494 -2.300000 0.300000 0.227764 -0.241485 -1.797254 -0.744231 0.300000 -0.502746 0.300000 2.394928  -1   0  -1 
2455127.531367 205.725834 0.306500 -2.500000 0.300000 0.227764 -0.241498 -1.793433 -0.948065 0.300000 -0.706567 0.300000 2.394928  -1   0  -1 
2455127.535232 205.729699 0.306506 -3.800000 0.300000 0.227764 -0.241512 -1.789554 -2.251958 0.300000 -2.010446 0.300000 2.394928  -1   0  -1 
2455129.550559 207.745026 0.309548 -2.600000 0.300000 0.227764 -0.248601 0.167773 -3.016374 0.300000 -2.767773 0.300000 2.394928  -1   0  -1 
2455129.556068 207.750535 0.309557 -2.600000 0.300000 0.227764 -0.248620 0.172341 -3.020961 0.300000 -2.772341 0.300000 2.394928  -1   0  -1 
2455132.521473 210.715940 0.314034 -1.900000 0.300000 0.227764 -0.258943 0.749119 -2.908062 0.300000 -2.649119 0.300000 2.394928  -1   0  -1 
2455134.512800 212.707267 0.317040 -3.100000 0.400000 0.227764 -0.265805 -0.857964 -2.507841 0.400000 -2.242036 0.400000 2.394928  -1   0  -1 
2455134.518436 212.712903 0.317049 -3.700000 0.400000 0.227764 -0.265825 -0.862735 -3.103090 0.400000 -2.837265 0.400000 2.394928  -1   0  -1 
2455135.502747 213.697214 0.318535 -4.500000 0.200000 0.227764 -0.269196 -1.580632 -3.188564 0.200000 -2.919368 0.200000 2.394928  -1   0  -1 
2455135.508279 213.702746 0.318543 -4.200000 0.200000 0.227764 -0.269215 -1.583856 -2.885359 0.200000 -2.616144 0.200000 2.394928  -1   0  -1 
2455136.521235 214.715702 0.320073 -3.400000 0.400000 0.227764 -0.272670 -1.984942 -1.687728 0.400000 -1.415058 0.400000 2.394928  -1   0  -1 
2455139.491913 217.686380 0.324558 -2.200000 0.600000 0.227764 -0.282724 -1.045710 -1.437014 0.600000 -1.154290 0.600000 2.394928  -1   0  -1 
2455139.497642 217.692109 0.324567 -3.600000 0.500000 0.227764 -0.282744 -1.041384 -2.841360 0.500000 -2.558616 0.500000 2.394928  -1   0  -1 
2455142.501946 220.696413 0.329103 0.300000 0.600000 0.227764 -0.292792 1.941467 -1.934259 0.600000 -1.641467 0.600000 2.394928  -1   0  -1 
2455142.508519 220.702986 0.329113 2.000000 0.900000 0.227764 -0.292814 1.948667 -0.241481 0.900000 0.051333 0.900000 2.394928  -1   0  -1 
2455143.500033 221.694500 0.330610 3.500000 0.500000 0.227764 -0.296105 2.987868 0.216027 0.500000 0.512132 0.500000 2.394928  -1   0  -1 
2455143.505160 221.699627 0.330617 1.900000 0.500000 0.227764 -0.296122 2.992857 -1.388979 0.500000 -1.092857 0.500000 2.394928  -1   0  -1 
2455370.737660 -213.394866 0.673699 1.200000 1.900000 0.227764 -0.846882 -0.500186 0.853304 1.900000 1.700186 1.900000 2.394928  -1   0  -1 
2455370.742139 -213.390387 0.673706 -4.800000 3.200000 0.227764 -0.846889 -0.495377 -5.151512 3.200000 -4.304623 3.200000 2.394928  -1   0  -1 
2455372.810565 -211.321961 0.676829 0.700000 0.600000 0.227764 -0.850312 1.504057 -1.654369 0.600000 -0.804057 0.600000 2.394928  -1   0  -1 
2455372.812926 -211.319600 0.676833 2.600000 0.700000 0.227764 -0.850316 1.505798 0.243887 0.700000 1.094202 0.700000 2.394928  -1   0  -1 
2455372.815461 -211.317065 0.676837 -0.200000 0.700000 0.227764 -0.850320 1.507665 -2.557984 0.700000 -1.707665 0.700000 2.394928  -1   0  -1 
2455372.817961 -211.314565 0.676840 0.000000 0.700000 0.227764 -0.850324 1.509503 -2.359827 0.700000 -1.509503 0.700000 2.394928  -1   0  -1 
2455372.820334 -211.312192 0.676844 -0.700000 0.700000 0.227764 -0.850328 1.511247 -3.061575 0.700000 -2.211247 0.700000 2.394928  -1   0  -1 
2455372.822846 -211.309680 0.676848 -2.000000 0.700000 0.227764 -0.850332 1.513090 -4.363422 0.700000 -3.513090 0.700000 2.394928  -1   0  -1 
2455373.787027 -210.345499 0.678303 2.500000 0.700000 0.227764 -0.851911 2.028139 -0.380050 0.700000 0.471861 0.700000 2.394928  -1   0  -1 
2455373.789654 -210.342872 0.678307 3.200000 0.600000 0.227764 -0.851915 2.028948 0.319137 0.600000 1.171052 0.600000 2.394928  -1   0  -1 
2455373.792363 -210.340163 0.678311 5.400000 0.700000 0.227764 -0.851919 2.029779 2.518302 0.700000 3.370221 0.700000 2.394928  -1   0  -1 
2455373.795117 -210.337409 0.678316 0.700000 0.700000 0.227764 -0.851924 2.030619 -2.182543 0.700000 -1.330619 0.700000 2.394928  -1   0  -1 
2455374.782319 -209.350207 0.679806 4.100000 0.800000 0.227764 -0.853529 2.067592 1.178879 0.800000 2.032408 0.800000 2.394928  -1   0  -1 
2455374.784842 -209.347684 0.679810 5.300000 0.800000 0.227764 -0.853533 2.067001 2.379466 0.800000 3.232999 0.800000 2.394928  -1   0  -1 
2455374.787307 -209.345219 0.679814 2.500000 0.700000 0.227764 -0.853537 2.066421 -0.419957 0.700000 0.433579 0.700000 2.394928  -1   0  -1 
2455374.789738 -209.342788 0.679817 2.600000 0.800000 0.227764 -0.853541 2.065845 -0.319385 0.800000 0.534155 0.800000 2.394928  -1   0  -1 
2455375.694460 -208.438066 0.681183 1.100000 0.700000 0.227764 -0.855001 1.648811 -1.403813 0.700000 -0.548811 0.700000 2.394928  -1   0  -1 
2455375.696914 -208.435612 0.681187 -0.500000 0.700000 0.227764 -0.855005 1.647197 -3.002202 0.700000 -2.147197 0.700000 2.394928  -1   0  -1 
2455375.699333 -208.433193 0.681191 1.000000 0.700000 0.227764 -0.855009 1.645604 -1.500613 0.700000 -0.645604 0.700000 2.394928  -1   0  -1 
2455375.701775 -208.430751 0.681194 0.900000 0.700000 0.227764 -0.855013 1.643994 -1.599006 0.700000 -0.743994 0.700000 2.394928  -1   0  -1 
2455376.666000 -207.466526 0.682650 2.300000 0.500000 0.227764 -0.856558 0.888584 0.554858 0.500000 1.411416 0.500000 2.394928  -1   0  -1 
2455376.671521 -207.461005 0.682659 1.300000 0.500000 0.227764 -0.856567 0.883860 -0.440427 0.500000 0.416140 0.500000 2.394928  -1   0  -1 
2455396.818485 -187.314041 0.713077 -3.000000 0.400000 0.227764 -0.885788 -3.922193 0.036405 0.400000 0.922193 0.400000 2.394928  -1   0  -1 
2455399.794059 -184.338467 0.717570 -1.600000 0.300000 0.227764 -0.889503 -1.074575 -1.414928 0.300000 -0.525425 0.300000 2.394928  -1   0  -1 
2455401.724236 -182.408290 0.720484 3.200000 0.500000 0.227764 -0.891812 0.602656 1.705533 0.500000 2.597344 0.500000 2.394928  -1   0  -1 
2455403.744580 -180.387946 0.723534 0.800000 0.400000 0.227764 -0.894137 0.759585 -0.853722 0.400000 0.040415 0.400000 2.394928  -1   0  -1 
2455407.739517 -176.393009 0.729566 0.300000 0.400000 0.227764 -0.898442 -1.971185 1.372742 0.400000 2.271185 0.400000 2.394928  -1   0  -1 
2455407.744366 -176.388160 0.729573 -0.200000 0.600000 0.227764 -0.898447 -1.972443 0.873996 0.600000 1.772443 0.600000 2.394928  -1   0  -1 
2455409.759906 -174.372620 0.732616 -0.900000 0.400000 0.227764 -0.900460 -1.736880 -0.063580 0.400000 0.836880 0.400000 2.394928  -1   0  -1 
2455409.765438 -174.367088 0.732625 -1.500000 0.400000 0.227764 -0.900465 -1.734312 -0.666153 0.400000 0.234312 0.400000 2.394928  -1   0  -1 
2455411.702076 -172.430450 0.735549 1.000000 0.400000 0.227764 -0.902289 -0.339388 0.437099 0.400000 1.339388 0.400000 2.394928  -1   0  -1 
2455411.707608 -172.424918 0.735557 1.100000 0.400000 0.227764 -0.902294 -0.334224 0.531929 0.400000 1.434224 0.400000 2.394928  -1   0  -1 
2455413.741738 -170.390788 0.738628 2.500000 0.500000 0.227764 -0.904089 1.802657 -0.206746 0.500000 0.697343 0.500000 2.394928  -1   0  -1 
2455413.747363 -170.385163 0.738637 3.900000 0.500000 0.227764 -0.904094 1.808827 1.187079 0.500000 2.091173 0.500000 2.394928  -1   0  -1 
2455423.671167 -160.461359 0.753620 -3.900000 0.600000 0.227764 -0.910788 -4.151165 -0.659623 0.600000 0.251165 0.600000 2.394928  -1   0  -1 
2455423.675010 -160.457516 0.753626 -4.000000 0.600000 0.227764 -0.910790 -4.153063 -0.757727 0.600000 0.153063 0.600000 2.394928  -1   0  -1 
2455423.678921 -160.453605 0.753632 -4.400000 0.600000 0.227764 -0.910792 -4.154986 -1.155806 0.600000 -0.245014 0.600000 2.394928  -1   0  -1 
2455424.623362 -159.509164 0.755058 -4.200000 0.800000 0.227764 -0.911225 -4.361629 -0.749596 0.800000 0.161629 0.800000 2.394928  -1   0  -1 
2455424.627274 -159.505252 0.755063 -5.000000 0.700000 0.227764 -0.911227 -4.361486 -1.549741 0.700000 -0.638514 0.700000 2.394928  -1   0  -1 
2455424.631012 -159.501514 0.755069 -4.600000 0.700000 0.227764 -0.911229 -4.361343 -1.149885 0.700000 -0.238657 0.700000 2.394928  -1   0  -1 
2455425.571355 -158.561171 0.756489 -3.600000 0.500000 0.227764 -0.911620 -4.123890 -0.387730 0.500000 0.523890 0.500000 2.394928  -1   0  -1 
2455425.575244 -158.557282 0.756495 -2.900000 0.600000 0.227764 -0.911622 -4.122156 0.310534 0.600000 1.222156 0.600000 2.394928  -1   0  -1 
2455425.579121 -158.553405 0.756501 -3.100000 0.600000 0.227764 -0.911623 -4.120421 0.108798 0.600000 1.020421 0.600000 2.394928  -1   0  -1 
2455427.718138 -156.414388 0.759730 -2.000000 0.500000 0.227764 -0.912359 -2.542338 -0.370021 0.500000 0.542338 0.500000 2.394928  -1   0  -1 
2455427.721911 -156.410615 0.759736 -2.400000 0.500000 0.227764 -0.912360 -2.538844 -0.773516 0.500000 0.138844 0.500000 2.394928  -1   0  -1 
2455427.725707 -156.406819 0.759742 -0.700000 0.500000 0.227764 -0.912361 -2.535328 0.922967 0.500000 1.835328 0.500000 2.394928  -1   0  -1 
2455428.726322 -155.406204 0.761252 -1.000000 0.500000 0.227764 -0.912627 -1.596014 -0.316614 0.500000 0.596014 0.500000 2.394928  -1   0  -1 
2455428.730153 -155.402373 0.761258 -0.400000 0.400000 0.227764 -0.912628 -1.592476 0.279848 0.400000 1.192476 0.400000 2.394928  -1   0  -1 
2455428.733937 -155.398589 0.761264 0.100000 0.500000 0.227764 -0.912629 -1.588983 0.776353 0.500000 1.688983 0.500000 2.394928  -1   0  -1 
2455435.654960 -148.477566 0.771713 -3.400000 0.600000 0.227764 -0.912962 -2.834066 -1.478896 0.600000 -0.565934 0.600000 2.394928  -1   0  -1 
2455436.663126 -147.469400 0.773236 -5.600000 0.300000 0.227764 -0.912766 -3.173824 -3.338942 0.300000 -2.426176 0.300000 2.394928  -1   0  -1 
2455436.668404 -147.464122 0.773244 -5.900000 0.300000 0.227764 -0.912765 -3.174576 -3.638188 0.300000 -2.725424 0.300000 2.394928  -1   0  -1 
2455437.672380 -146.460146 0.774759 -6.300000 0.300000 0.227764 -0.912501 -3.128010 -4.084491 0.300000 -3.171990 0.300000 2.394928  -1   0  -1 
2455437.677657 -146.454869 0.774767 -6.400000 0.300000 0.227764 -0.912499 -3.126804 -4.185695 0.300000 -3.273196 0.300000 2.394928  -1   0  -1 
2455438.708355 -145.424171 0.776323 -3.600000 0.300000 0.227764 -0.912154 -2.718358 -1.793796 0.300000 -0.881642 0.300000 2.394928  -1   0  -1 
2455438.713494 -145.419032 0.776331 -3.700000 0.300000 0.227764 -0.912152 -2.715515 -1.896637 0.300000 -0.984485 0.300000 2.394928  -1   0  -1 
2455439.730928 -144.401598 0.777867 -3.000000 0.300000 0.227764 -0.911736 -2.017813 -1.893923 0.300000 -0.982187 0.300000 2.394928  -1   0  -1 
2455443.710245 -140.422281 0.783875 5.700000 0.400000 0.227764 -0.909321 2.004954 2.785725 0.400000 3.695046 0.400000 2.394928  -1   0  -1 
2455444.726089 -139.406437 0.785409 3.700000 0.300000 0.227764 -0.908489 2.774185 0.017326 0.300000 0.925815 0.300000 2.394928  -1   0  -1 
2455445.637866 -138.494660 0.786786 6.200000 0.200000 0.227764 -0.907662 3.083922 2.208416 0.200000 3.116078 0.200000 2.394928  -1   0  -1 
2455446.658848 -137.473678 0.788327 7.400000 0.500000 0.227764 -0.906642 2.896876 3.596482 0.500000 4.503124 0.500000 2.394928  -1   0  -1 
2455446.663928 -137.468598 0.788335 6.100000 0.500000 0.227764 -0.906636 2.894570 2.298794 0.500000 3.205430 0.500000 2.394928  -1   0  -1 
2455453.602871 -130.529655 0.798812 0.600000 0.400000 0.227764 -0.896727 -0.533288 0.236561 0.400000 1.133288 0.400000 2.394928  -1   0  -1 
2455453.606447 -130.526079 0.798817 0.800000 0.400000 0.227764 -0.896720 -0.533993 0.437272 0.400000 1.333993 0.400000 2.394928  -1   0  -1 
2455453.610092 -130.522434 0.798823 -0.500000 0.400000 0.227764 -0.896714 -0.534712 -0.862001 0.400000 0.034712 0.400000 2.394928  -1   0  -1 
2455456.539745 -127.592781 0.803246 1.100000 0.500000 0.227764 -0.890717 -1.048267 1.257550 0.500000 2.148267 0.500000 2.394928  -1   0  -1 
2455456.543147 -127.589379 0.803251 2.400000 0.500000 0.227764 -0.890710 -1.048074 2.557364 0.500000 3.448074 0.500000 2.394928  -1   0  -1 
2455456.546504 -127.586022 0.803256 3.000000 0.600000 0.227764 -0.890702 -1.047880 3.157178 0.600000 4.047880 0.600000 2.394928  -1   0  -1 
2455458.640176 -125.492350 0.806417 1.600000 0.400000 0.227764 -0.885636 -0.603151 1.317515 0.400000 2.203151 0.400000 2.394928  -1   0  -1 
2455458.645361 -125.487165 0.806425 1.800000 0.400000 0.227764 -0.885622 -0.602051 1.516428 0.400000 2.402051 0.400000 2.394928  -1   0  -1 
2455459.533232 -124.599294 0.807765 4.500000 0.300000 0.227764 -0.883259 -0.513733 4.130473 0.300000 5.013733 0.300000 2.394928  -1   0  -1 
2455459.538208 -124.594318 0.807773 1.800000 0.300000 0.227764 -0.883246 -0.513953 1.430707 0.300000 2.313953 0.300000 2.394928  -1   0  -1 
2455480.529186 -103.603340 0.839466 -4.700000 0.500000 0.227764 -0.771036 -0.798696 -4.672340 0.500000 -3.901304 0.500000 2.394928  -1   0  -1 
2455480.532970 -103.599556 0.839471 -3.500000 0.400000 0.227764 -0.771002 -0.797683 -3.473318 0.400000 -2.702317 0.400000 2.394928  -1   0  -1 
2455480.536778 -103.595748 0.839477 -1.800000 0.500000 0.227764 -0.770967 -0.796659 -1.774308 0.500000 -1.003341 0.500000 2.394928  -1   0  -1 
2455482.554786 -101.577740 0.842524 1.700000 0.400000 0.227764 -0.751522 0.323502 0.624976 0.400000 1.376498 0.400000 2.394928  -1   0  -1 
2455484.542056 -99.590470 0.845525 2.300000 0.500000 0.227764 -0.730078 2.066187 -0.496265 0.500000 0.233813 0.500000 2.394928  -1   0  -1 
2455484.545828 -99.586698 0.845530 4.700000 0.500000 0.227764 -0.730035 2.069506 1.900459 0.500000 2.630494 0.500000 2.394928  -1   0  -1 
2455484.549671 -99.582855 0.845536 3.800000 0.500000 0.227764 -0.729991 2.072887 0.997123 0.500000 1.727113 0.500000 2.394928  -1   0  -1 
2455485.527184 -98.605342 0.847012 4.400000 0.400000 0.227764 -0.718511 2.851220 0.830268 0.400000 1.548780 0.400000 2.394928  -1   0  -1 
2455485.532971 -98.599555 0.847021 6.100000 0.400000 0.227764 -0.718441 2.855139 2.526420 0.400000 3.244861 0.400000 2.394928  -1   0  -1 
2455487.543214 -96.589312 0.850056 4.100000 0.400000 0.227764 -0.692689 3.229798 0.177514 0.400000 0.870202 0.400000 2.394928  -1   0  -1 
2455487.548897 -96.583629 0.850064 4.100000 0.400000 0.227764 -0.692612 3.227221 0.180167 0.400000 0.872779 0.400000 2.394928  -1   0  -1 
2455493.544252 -90.588274 0.859116 -2.300000 0.400000 0.227764 -0.594791 -4.341685 1.446894 0.400000 2.041685 0.400000 2.394928  -1   0  -1 
2455493.550478 -90.582048 0.859126 -3.100000 0.400000 0.227764 -0.594670 -4.344703 0.650033 0.400000 1.244703 0.400000 2.394928  -1   0  -1 
2455495.535877 -88.596649 0.862123 -3.000000 0.400000 0.227764 -0.553512 -4.406709 0.853198 0.400000 1.406709 0.400000 2.394928  -1   0  -1 
2455495.541664 -88.590862 0.862132 -3.000000 0.400000 0.227764 -0.553384 -4.404576 0.851192 0.400000 1.404576 0.400000 2.394928  -1   0  -1 
2455498.517820 -85.614706 0.866626 -1.400000 0.700000 0.227764 -0.481023 -2.135715 0.254692 0.700000 0.735715 0.700000 2.394928  -1   0  -1 
2455498.523445 -85.609081 0.866634 -0.800000 0.600000 0.227764 -0.480873 -2.129899 0.849026 0.600000 1.329899 0.600000 2.394928  -1   0  -1 
2455500.544007 -83.588519 0.869685 -1.600000 0.300000 0.227764 -0.422998 -0.010237 -2.012761 0.300000 -1.589763 0.300000 2.394928  -1   0  -1 
2455500.549389 -83.583137 0.869693 -1.600000 0.400000 0.227764 -0.422833 -0.005024 -2.017809 0.400000 -1.594976 0.400000 2.394928  -1   0  -1 
2455501.547102 -82.585424 0.871199 -1.800000 0.300000 0.227764 -0.391191 0.835010 -3.026200 0.300000 -2.635010 0.300000 2.394928  -1   0  -1 
2455501.552738 -82.579788 0.871208 -2.600000 0.300000 0.227764 -0.391006 0.838855 -3.829861 0.300000 -3.438855 0.300000 2.394928  -1   0  -1 
2455505.514789 -78.617737 0.877190 -1.300000 0.300000 0.227764 -0.240966 -0.096497 -1.444469 0.300000 -1.203503 0.300000 2.394928  -1   0  -1 
2455505.520425 -78.612101 0.877198 -1.000000 0.300000 0.227764 -0.240721 -0.101207 -1.139513 0.300000 -0.898793 0.300000 2.394928  -1   0  -1 
2455507.517142 -76.615384 0.880213 -4.500000 0.300000 0.227764 -0.146997 -1.338927 -3.308070 0.300000 -3.161073 0.300000 2.394928  -1   0  -1 
2455507.522824 -76.609702 0.880222 -6.000000 0.300000 0.227764 -0.146709 -1.340597 -4.806112 0.300000 -4.659403 0.300000 2.394928  -1   0  -1 
2455509.518050 -74.614476 0.883234 -3.700000 0.400000 0.227764 -0.037680 -1.165164 -2.572517 0.400000 -2.534836 0.400000 2.394928  -1   0  -1 
2455509.523524 -74.609002 0.883242 -3.500000 0.400000 0.227764 -0.037358 -1.162716 -2.374642 0.400000 -2.337284 0.400000 2.394928  -1   0  -1 
2455511.516449 -72.616077 0.886251 -2.400000 0.400000 0.227764 0.090027 0.292377 -2.602351 0.400000 -2.692377 0.400000 2.394928  -1   0  -1 
2455511.521935 -72.610591 0.886259 -2.800000 0.400000 0.227764 0.090406 0.297695 -3.007289 0.400000 -3.097695 0.400000 2.394928  -1   0  -1 
2455513.504562 -70.627964 0.889253 1.000000 0.400000 0.227764 0.239263 2.497202 -1.257939 0.400000 -1.497202 0.400000 2.394928  -1   0  -1 
2455513.510244 -70.622282 0.889261 1.200000 0.400000 0.227764 0.239726 2.503956 -1.064230 0.400000 -1.303956 0.400000 2.394928  -1   0  -1 
2455514.505835 -69.626691 0.890765 0.400000 0.300000 0.227764 0.324221 3.668387 -2.944167 0.300000 -3.268387 0.300000 2.394928  -1   0  -1 
2455514.511356 -69.621170 0.890773 0.800000 0.300000 0.227764 0.324709 3.674598 -2.549889 0.300000 -2.874598 0.300000 2.394928  -1   0  -1 
2455519.503938 -64.628588 0.898311 3.400000 0.500000 0.227764 0.874327 3.960078 0.314249 0.500000 -0.560078 0.500000 2.394928  -1   0  -1 
2455519.508811 -64.623715 0.898318 4.000000 0.500000 0.227764 0.874985 3.954051 0.920934 0.500000 0.045949 0.500000 2.394928  -1   0  -1 
2455523.508036 -60.624490 0.904356 1.800000 0.400000 0.227764 1.512222 -1.042167 4.354389 0.400000 2.842167 0.400000 2.394928  -1   0  -1 
2455523.513036 -60.619490 0.904364 2.000000 0.400000 0.227764 1.513147 -1.045260 4.558407 0.400000 3.045260 0.400000 2.394928  -1   0  -1 
2455524.521481 -59.611045 0.905887 1.600000 0.300000 0.227764 1.706231 -1.366625 4.672856 0.300000 2.966625 0.300000 2.394928  -1   0  -1 
2455524.526446 -59.606080 0.905894 2.100000 0.300000 0.227764 1.707213 -1.366736 5.173950 0.300000 3.466736 0.300000 2.394928  -1   0  -1 
2455653.900831 69.768305 0.101227 -0.800000 0.400000 0.227764 0.494656 1.633973 -1.939318 0.400000 -2.433973 0.400000 2.394928  -1   0  -1 
2455653.906410 69.773884 0.101236 0.500000 0.400000 0.227764 0.494606 1.635512 -0.640906 0.400000 -1.135512 0.400000 2.394928  -1   0  -1 
2455654.900357 70.767831 0.102736 0.800000 0.400000 0.227764 0.485743 1.852317 -0.566574 0.400000 -1.052317 0.400000 2.394928  -1   0  -1 
2455654.905936 70.773410 0.102745 1.300000 0.400000 0.227764 0.485694 1.853093 -0.067399 0.400000 -0.553093 0.400000 2.394928  -1   0  -1 
2455657.909222 73.776696 0.107279 -0.300000 0.300000 0.227764 0.459496 1.584393 -1.424897 0.300000 -1.884393 0.300000 2.394928  -1   0  -1 
2455657.914813 73.782287 0.107288 -0.700000 0.300000 0.227764 0.459448 1.583412 -1.823965 0.300000 -2.283412 0.300000 2.394928  -1   0  -1 
2455659.907949 75.775423 0.110297 0.500000 0.400000 0.227764 0.442524 1.042199 -0.099675 0.400000 -0.542199 0.400000 2.394928  -1   0  -1 
2455659.913540 75.781014 0.110305 -0.700000 0.400000 0.227764 0.442477 1.039468 -1.296991 0.400000 -1.739468 0.400000 2.394928  -1   0  -1 
2455660.901884 76.769358 0.111798 -0.600000 0.300000 0.227764 0.434217 0.384824 -0.550607 0.300000 -0.984824 0.300000 2.394928  -1   0  -1 
2455662.902485 78.769959 0.114818 -0.700000 0.500000 0.227764 0.417755 -1.646204 1.363959 0.500000 0.946204 0.500000 2.394928  -1   0  -1 
2455662.908180 78.775654 0.114827 -1.100000 0.500000 0.227764 0.417708 -1.651980 0.969688 0.500000 0.551980 0.500000 2.394928  -1   0  -1 
2455663.839263 79.706737 0.116232 -2.700000 0.900000 0.227764 0.410162 -2.485186 0.195348 0.900000 -0.214814 0.900000 2.394928  -1   0  -1 
2455672.897729 88.765203 0.129909 -0.000000 0.300000 0.227764 0.340274 2.245747 -1.905472 0.300000 -2.245747 0.300000 2.394928  -1   0  -1 
2455672.902775 88.770249 0.129917 0.100000 0.300000 0.227764 0.340237 2.249176 -1.808939 0.300000 -2.149176 0.300000 2.394928  -1   0  -1 
2455675.905453 91.772927 0.134450 -2.200000 0.200000 0.227764 0.318377 2.092289 -3.973912 0.200000 -4.292289 0.200000 2.394928  -1   0  -1 
2455679.879903 95.747377 0.140451 -3.400000 0.300000 0.227764 0.290349 -0.230141 -2.879510 0.300000 -3.169859 0.300000 2.394928  -1   0  -1 
2455679.885123 95.752597 0.140459 -4.100000 0.300000 0.227764 0.290313 -0.229988 -3.579699 0.300000 -3.870012 0.300000 2.394928  -1   0  -1 
2455712.893679 128.761153 0.190296 0.600000 0.300000 0.227764 0.089872 1.298559 -0.608687 0.300000 -0.698559 0.300000 2.394928  -1   0  -1 
2455715.864679 131.732153 0.194782 4.700000 0.700000 0.227764 0.074133 4.246943 0.527190 0.700000 0.453057 0.700000 2.394928  -1   0  -1 
2455715.867376 131.734850 0.194786 4.200000 0.700000 0.227764 0.074119 4.248739 0.025380 0.700000 -0.048739 0.700000 2.394928  -1   0  -1 
2455715.869992 131.737466 0.194790 4.600000 0.700000 0.227764 0.074105 4.250479 0.423626 0.700000 0.349521 0.700000 2.394928  -1   0  -1 
2455715.872747 131.740221 0.194794 4.200000 0.700000 0.227764 0.074091 4.252308 0.021783 0.700000 -0.052308 0.700000 2.394928  -1   0  -1 
2455735.809170 151.676644 0.224895 -3.700000 0.300000 0.227764 -0.024014 -2.524430 -1.199584 0.300000 -1.175570 0.300000 2.394928  -1   0  -1 
2455754.777241 170.644715 0.253533 2.200000 0.500000 0.227764 -0.107197 1.580131 0.512672 0.500000 0.619869 0.500000 2.394928  -1   0  -1 
2455755.755721 171.623195 0.255011 1.000000 0.400000 0.227764 -0.111261 1.902023 -1.013285 0.400000 -0.902023 0.400000 2.394928  -1   0  -1 
2455769.736300 185.603774 0.276119 -1.000000 0.300000 0.227764 -0.167187 -1.504985 0.337798 0.300000 0.504985 0.300000 2.394928  -1   0  -1 
2455769.742075 185.609549 0.276128 -1.400000 0.400000 0.227764 -0.167209 -1.499170 -0.068039 0.400000 0.099170 0.400000 2.394928  -1   0  -1 
2455776.628483 192.495957 0.286525 0.200000 0.400000 0.227764 -0.193401 0.795342 -0.788743 0.400000 -0.595342 0.400000 2.394928  -1   0  -1 
2455782.624998 198.492472 0.295579 1.200000 0.400000 0.227764 -0.215547 0.384217 0.600236 0.400000 0.815783 0.400000 2.394928  -1   0  -1 
2455784.737667 200.605141 0.298768 4.400000 0.300000 0.227764 -0.223211 2.468485 1.708304 0.300000 1.931515 0.300000 2.394928  -1   0  -1 
2455801.526698 217.394172 0.324117 0.600000 0.600000 0.227764 -0.281741 0.478159 -0.159899 0.600000 0.121841 0.600000 2.394928  -1   0  -1 
2455801.531628 217.399102 0.324124 -0.100000 0.600000 0.227764 -0.281757 0.481254 -0.863011 0.600000 -0.581254 0.600000 2.394928  -1   0  -1 
2455804.632333 220.499807 0.328806 -1.800000 0.600000 0.227764 -0.292138 0.083590 -2.175728 0.600000 -1.883590 0.600000 2.394928  -1   0  -1 
2455804.637669 220.505143 0.328814 -1.100000 0.500000 0.227764 -0.292156 0.079235 -1.471391 0.500000 -1.179235 0.500000 2.394928  -1   0  -1 
2455807.626267 223.493741 0.333326 0.400000 0.500000 0.227764 -0.302044 -2.071765 2.169721 0.500000 2.471765 0.500000 2.394928  -1   0  -1 
2455807.631162 223.498636 0.333334 0.500000 0.400000 0.227764 -0.302060 -2.073263 2.271203 0.400000 2.573263 0.400000 2.394928  -1   0  -1 
2455810.581550 226.449024 0.337788 -2.800000 0.400000 0.227764 -0.311712 -1.407616 -1.704096 0.400000 -1.392384 0.400000 2.394928  -1   0  -1 
2455810.586723 226.454197 0.337796 -1.900000 0.400000 0.227764 -0.311729 -1.404072 -0.807656 0.400000 -0.495928 0.400000 2.394928  -1   0  -1 
2455816.587002 232.454476 0.346855 1.700000 0.500000 0.227764 -0.331032 4.019141 -2.650173 0.500000 -2.319141 0.500000 2.394928  -1   0  -1 
2455816.590578 232.458052 0.346861 2.400000 0.400000 0.227764 -0.331044 4.020320 -1.951364 0.400000 -1.620320 0.400000 2.394928  -1   0  -1 
2455816.594154 232.461628 0.346866 1.900000 0.400000 0.227764 -0.331055 4.021493 -2.452548 0.400000 -2.121493 0.400000 2.394928  -1   0  -1 
2455834.622073 250.489547 0.374085 -2.700000 0.300000 0.227764 -0.386637 -2.247147 -0.839490 0.300000 -0.452853 0.300000 2.394928  -1   0  -1 
2455834.627593 250.495067 0.374094 -3.600000 0.300000 0.227764 -0.386653 -2.251818 -1.734835 0.300000 -1.348182 0.300000 2.394928  -1   0  -1 
2455836.585712 252.453186 0.377050 -4.400000 0.300000 0.227764 -0.392488 -3.305567 -1.486921 0.300000 -1.094433 0.300000 2.394928  -1   0  -1 
2455836.591440 252.458914 0.377059 -5.300000 0.300000 0.227764 -0.392505 -3.306573 -2.385932 0.300000 -1.993427 0.300000 2.394928  -1   0  -1 
2455839.585007 255.452481 0.381578 -3.100000 0.500000 0.227764 -0.401353 -2.291174 -1.210179 0.500000 -0.808826 0.500000 2.394928  -1   0  -1 
2455839.590794 255.458268 0.381587 -2.800000 0.500000 0.227764 -0.401370 -2.286736 -0.914634 0.500000 -0.513264 0.500000 2.394928  -1   0  -1 
2455842.549547 258.417021 0.386054 2.500000 0.500000 0.227764 -0.410032 0.621428 1.468540 0.500000 1.878572 0.500000 2.394928  -1   0  -1 
2455842.555033 258.422507 0.386063 2.700000 0.400000 0.227764 -0.410048 0.627268 1.662684 0.400000 2.072732 0.400000 2.394928  -1   0  -1 
2455845.575633 261.443107 0.390623 5.300000 0.500000 0.227764 -0.418807 2.786671 2.094522 0.500000 2.513329 0.500000 2.394928  -1   0  -1 
2455845.581258 261.448732 0.390632 5.100000 0.500000 0.227764 -0.418823 2.787210 1.893966 0.500000 2.312790 0.500000 2.394928  -1   0  -1 
2455870.498785 286.366259 0.428253 -3.100000 0.400000 0.227764 -0.488533 -1.185030 -2.403503 0.400000 -1.914970 0.400000 2.394928  -1   0  -1 
2455870.504422 286.371896 0.428261 -2.300000 0.400000 0.227764 -0.488548 -1.179087 -1.609461 0.400000 -1.120913 0.400000 2.394928  -1   0  -1 
2455874.532217 290.399691 0.434343 1.300000 0.500000 0.227764 -0.499295 1.557873 -0.757168 0.500000 -0.257873 0.500000 2.394928  -1   0  -1 
2455874.537437 290.404911 0.434351 3.300000 0.700000 0.227764 -0.499308 1.557134 1.243558 0.700000 1.742866 0.700000 2.394928  -1   0  -1 
2455878.549549 294.417023 0.440408 3.500000 0.700000 0.227764 -0.509900 -1.129278 4.119378 0.700000 4.629278 0.700000 2.394928  -1   0  -1 
2455878.554965 294.422439 0.440416 5.200000 0.700000 0.227764 -0.509914 -1.131849 5.821934 0.700000 6.331849 0.700000 2.394928  -1   0  -1 
2456020.892743 -225.566777 0.655322 3.600000 0.400000 0.227764 -0.825843 0.818934 1.955223 0.400000 2.781066 0.400000 2.394928  -1   0  -1 
2456020.898160 -225.561360 0.655330 3.600000 0.400000 0.227764 -0.825853 0.815010 1.959138 0.400000 2.784990 0.400000 2.394928  -1   0  -1 
2456022.889397 -223.570123 0.658337 -0.500000 0.500000 0.227764 -0.829392 -0.145989 -1.183402 0.500000 -0.354011 0.500000 2.394928  -1   0  -1 
2456022.894884 -223.564636 0.658345 -1.400000 0.600000 0.227764 -0.829402 -0.147506 -2.081896 0.600000 -1.252494 0.600000 2.394928  -1   0  -1 
2456024.891353 -221.568167 0.661359 -3.100000 0.400000 0.227764 -0.832913 -0.616212 -3.316702 0.400000 -2.483788 0.400000 2.394928  -1   0  -1 
2456024.897048 -221.562472 0.661368 -2.600000 0.400000 0.227764 -0.832923 -0.617747 -2.815177 0.400000 -1.982253 0.400000 2.394928  -1   0  -1 
2456028.922257 -217.537263 0.667445 0.500000 0.300000 0.227764 -0.839887 -0.950441 0.610554 0.300000 1.450441 0.300000 2.394928  -1   0  -1 
2456029.892891 -216.566629 0.668911 0.500000 0.500000 0.227764 -0.841542 -0.647638 0.306096 0.500000 1.147638 0.500000 2.394928  -1   0  -1 
2456029.898354 -216.561166 0.668919 0.000000 0.500000 0.227764 -0.841552 -0.646132 -0.195420 0.500000 0.646132 0.500000 2.394928  -1   0  -1 
2456031.852968 -214.606552 0.671870 1.300000 0.400000 0.227764 -0.844855 -0.703231 1.158376 0.400000 2.003231 0.400000 2.394928  -1   0  -1 
2456052.857065 -193.602455 0.703583 -2.600000 0.400000 0.227764 -0.877371 -0.465154 -3.012217 0.400000 -2.134846 0.400000 2.394928  -1   0  -1 
2456052.862482 -193.597038 0.703591 -1.800000 0.400000 0.227764 -0.877379 -0.462250 -2.215129 0.400000 -1.337750 0.400000 2.394928  -1   0  -1 
2456053.851639 -192.607881 0.705084 -3.000000 0.400000 0.227764 -0.878750 0.181157 -4.059907 0.400000 -3.181157 0.400000 2.394928  -1   0  -1 
2456053.857114 -192.602406 0.705092 0.900000 0.400000 0.227764 -0.878758 0.185261 -0.164018 0.400000 0.714739 0.400000 2.394928  -1   0  -1 
2456054.839916 -191.619604 0.706576 -2.200000 0.300000 0.227764 -0.880103 0.986063 -4.066166 0.300000 -3.186063 0.300000 2.394928  -1   0  -1 
2456055.886865 -190.572655 0.708157 -0.400000 0.300000 0.227764 -0.881517 1.888334 -3.169851 0.300000 -2.288334 0.300000 2.394928  -1   0  -1 
2456056.818146 -189.641374 0.709563 2.000000 0.400000 0.227764 -0.882759 2.585814 -1.468572 0.400000 -0.585814 0.400000 2.394928  -1   0  -1 
2456056.823714 -189.635806 0.709572 1.800000 0.400000 0.227764 -0.882766 2.589333 -1.672099 0.400000 -0.789333 0.400000 2.394928  -1   0  -1 
2456078.843392 -167.616128 0.742817 2.600000 0.300000 0.227764 -0.906322 -2.026378 3.720056 0.300000 4.626378 0.300000 2.394928  -1   0  -1 
2456078.849075 -167.610445 0.742826 2.300000 0.300000 0.227764 -0.906326 -2.028445 3.422119 0.300000 4.328445 0.300000 2.394928  -1   0  -1 
2456081.832748 -164.626772 0.747331 0.600000 0.400000 0.227764 -0.908428 -1.483354 1.174925 0.400000 2.083354 0.400000 2.394928  -1   0  -1 
2456081.838651 -164.620869 0.747340 0.300000 0.300000 0.227764 -0.908432 -1.479448 0.871016 0.300000 1.779448 0.300000 2.394928  -1   0  -1 
2456085.820521 -160.638999 0.753352 3.400000 0.400000 0.227764 -0.910702 2.425052 0.064246 0.400000 0.974948 0.400000 2.394928  -1   0  -1 
2456085.826250 -160.633270 0.753360 4.100000 0.500000 0.227764 -0.910705 2.431023 0.758273 0.500000 1.668977 0.500000 2.394928  -1   0  -1 
2456088.742747 -157.716773 0.757764 5.500000 0.300000 0.227764 -0.911937 4.018089 0.569974 0.300000 1.481911 0.300000 2.394928  -1   0  -1 
2456092.900369 -153.559151 0.764041 -0.000000 0.300000 0.227764 -0.912983 -1.171871 0.258888 0.300000 1.171871 0.300000 2.394928  -1   0  -1 
2456115.815540 -130.643980 0.798639 3.600000 0.400000 0.227764 -0.896937 2.473305 0.229758 0.400000 1.126695 0.400000 2.394928  -1   0  -1 
2456118.809984 -127.649536 0.803160 6.100000 0.300000 0.227764 -0.890845 2.290554 2.918601 0.300000 3.809446 0.300000 2.394928  -1   0  -1 
2456121.820367 -124.639153 0.807705 2.900000 0.700000 0.227764 -0.883368 0.110427 1.906205 0.700000 2.789573 0.700000 2.394928  -1   0  -1 
2456149.686124 -96.773396 0.849778 -1.200000 0.400000 0.227764 -0.695174 -0.543251 -1.351923 0.400000 -0.656749 0.400000 2.394928  -1   0  -1 
2456154.723489 -91.736031 0.857383 5.400000 0.400000 0.227764 -0.616359 1.026672 3.756969 0.400000 4.373328 0.400000 2.394928  -1   0  -1 
2456154.728442 -91.731078 0.857391 6.200000 0.600000 0.227764 -0.616269 1.031275 4.552456 0.600000 5.168725 0.600000 2.394928  -1   0  -1 
2456166.527551 -79.931969 0.875205 -4.500000 0.300000 0.227764 -0.295512 -4.291129 -0.504383 0.300000 -0.208871 0.300000 2.394928  -1   0  -1 
2456168.609469 -77.850051 0.878349 -4.900000 0.500000 0.227764 -0.206588 -3.124255 -1.982333 0.500000 -1.775745 0.500000 2.394928  -1   0  -1 
2456168.615105 -77.844415 0.878357 -4.000000 0.400000 0.227764 -0.206328 -3.119487 -1.086841 0.400000 -0.880513 0.400000 2.394928  -1   0  -1 
2456171.510563 -74.948957 0.882729 1.200000 0.300000 0.227764 -0.057153 -0.143862 1.286710 0.300000 1.343862 0.300000 2.394928  -1   0  -1 
2456173.694840 -72.764680 0.886027 5.800000 0.400000 0.227764 0.079812 1.565993 4.313819 0.400000 4.234007 0.400000 2.394928  -1   0  -1 
2456181.612869 -64.846651 0.897982 2.900000 0.300000 0.227764 0.845166 -0.055392 3.800558 0.300000 2.955392 0.300000 2.394928  -1   0  -1 
2456186.623747 -59.835773 0.905547 7.200000 0.300000 0.227764 1.662077 5.594975 3.267102 0.300000 1.605025 0.300000 2.394928  -1   0  -1 
2456189.666838 -56.792682 0.910142 6.100000 0.900000 0.227764 2.308569 6.716352 1.692217 0.900000 -0.616352 0.900000 2.394928  -1   0  -1 
2456190.592865 -55.866655 0.911540 3.100000 0.400000 0.227764 2.521095 6.050056 -0.428960 0.400000 -2.950056 0.400000 2.394928  -1   0  -1 
2456190.598548 -55.860972 0.911549 2.100000 0.400000 0.227764 2.522411 6.044877 -1.422466 0.400000 -3.944877 0.400000 2.394928  -1   0  -1 
2456195.586272 -50.873248 0.919079 1.700000 0.500000 0.227764 3.598447 1.039593 4.258853 0.500000 0.660407 0.500000 2.394928  -1   0  -1 
2456195.591793 -50.867727 0.919087 1.200000 0.500000 0.227764 3.599408 1.037541 3.761867 0.500000 0.162459 0.500000 2.394928  -1   0  -1 
2456198.564091 -47.895429 0.923575 8.300000 0.600000 0.227764 3.988512 1.944566 10.343946 0.600000 6.355434 0.600000 2.394928  -1   0  -1 
2456198.569866 -47.889654 0.923584 8.700000 0.600000 0.227764 3.989002 1.949198 10.739804 0.600000 6.750802 0.600000 2.394928  -1   0  -1 
2456204.547188 -41.912332 0.932609 3.800000 0.400000 0.227764 4.011279 3.795180 4.016099 0.400000 0.004820 0.400000 2.394928  -1   0  -1 
2456205.523197 -40.936323 0.934082 0.900000 0.200000 0.227764 3.950814 2.869421 1.981393 0.200000 -1.969421 0.200000 2.394928  -1   0  -1 
2456208.615737 -37.843783 0.938751 -0.500000 0.500000 0.227764 3.711329 1.142526 2.068803 0.500000 -1.642526 0.500000 2.394928  -1   0  -1 
2456209.540800 -36.918720 0.940148 2.500000 0.500000 0.227764 3.632510 1.281984 4.850526 0.500000 1.218016 0.500000 2.394928  -1   0  -1 
2456210.532155 -35.927365 0.941645 2.300000 0.400000 0.227764 3.546926 1.727024 4.119902 0.400000 0.572976 0.400000 2.394928  -1   0  -1 
2456212.523498 -33.936022 0.944651 7.600000 0.200000 0.227764 3.375463 3.298530 7.676933 0.200000 4.301470 0.200000 2.394928  -1   0  -1 
2456217.523649 -28.935871 0.952201 8.100000 0.400000 0.227764 2.973158 6.598630 4.474528 0.400000 1.501370 0.400000 2.394928  -1   0  -1 
2456217.529482 -28.930038 0.952210 9.800000 0.400000 0.227764 2.972721 6.597035 6.175686 0.400000 3.202965 0.400000 2.394928  -1   0  -1 
2456218.587951 -27.871569 0.953808 9.400000 0.400000 0.227764 2.894889 6.030765 6.264124 0.400000 3.369235 0.400000 2.394928  -1   0  -1 
2456219.500319 -26.959201 0.955185 8.400000 0.200000 0.227764 2.829998 5.243106 5.986892 0.200000 3.156894 0.200000 2.394928  -1   0  -1 
2456220.491327 -25.968193 0.956682 6.000000 0.400000 0.227764 2.761804 4.360011 4.401794 0.400000 1.639989 0.400000 2.394928  -1   0  -1 
2456220.514069 -25.945451 0.956716 5.400000 0.300000 0.227764 2.760267 4.341525 3.818741 0.300000 1.058475 0.300000 2.394928  -1   0  -1 
2456409.867093 163.407573 0.242606 2.600000 0.600000 0.227764 -0.076480 -2.612607 5.136127 0.600000 5.212607 0.600000 2.394928  -1   0  -1 
2456409.872719 163.413199 0.242615 2.400000 0.600000 0.227764 -0.076505 -2.609880 4.933375 0.600000 5.009880 0.600000 2.394928  -1   0  -1 
2456410.795661 164.336141 0.244008 4.100000 3.300000 0.227764 -0.080489 -2.045618 6.065129 3.300000 6.145618 3.300000 2.394928  -1   0  -1 
2456410.804261 164.344741 0.244021 8.100000 2.400000 0.227764 -0.080526 -2.039349 10.058823 2.400000 10.139349 2.400000 2.394928  -1   0  -1 
2456416.824768 170.365248 0.253111 5.500000 0.600000 0.227764 -0.106033 3.138122 2.255846 0.600000 2.361878 0.600000 2.394928  -1   0  -1 
2456416.828565 170.369045 0.253117 7.100000 0.500000 0.227764 -0.106049 3.138753 3.855198 0.500000 3.961247 0.500000 2.394928  -1   0  -1 
2456416.832443 170.372923 0.253123 6.300000 0.600000 0.227764 -0.106065 3.139390 3.054545 0.600000 3.160610 0.600000 2.394928  -1   0  -1 
2456432.884915 186.425395 0.277359 3.100000 0.400000 0.227764 -0.170357 -0.587450 3.517094 0.400000 3.687450 0.400000 2.394928  -1   0  -1 
2456432.890124 186.430604 0.277367 2.800000 0.500000 0.227764 -0.170377 -0.593798 3.223421 0.500000 3.393798 0.500000 2.394928  -1   0  -1 
2456433.905268 187.445748 0.278900 5.500000 0.700000 0.227764 -0.174276 -1.845113 7.170838 0.700000 7.345113 0.700000 2.394928  -1   0  -1 
2456433.910395 187.450875 0.278908 3.600000 0.800000 0.227764 -0.174295 -1.851266 5.276970 0.800000 5.451266 0.800000 2.394928  -1   0  -1 
2456434.892458 188.432938 0.280390 2.200000 0.500000 0.227764 -0.178050 -2.917132 4.939083 0.500000 5.117132 0.500000 2.394928  -1   0  -1 
2456434.898129 188.438609 0.280399 3.800000 0.500000 0.227764 -0.178071 -2.922446 6.544375 0.500000 6.722446 0.500000 2.394928  -1   0  -1 
2456437.889188 191.429668 0.284915 0.400000 0.400000 0.227764 -0.189400 -3.896741 4.107341 0.400000 4.296741 0.400000 2.394928  -1   0  -1 
2456437.894720 191.435200 0.284923 0.800000 0.400000 0.227764 -0.189421 -3.895263 4.505842 0.400000 4.695263 0.400000 2.394928  -1   0  -1 
2456438.860772 192.401252 0.286382 0.900000 0.300000 0.227764 -0.193047 -3.485933 4.192886 0.300000 4.385933 0.300000 2.394928  -1   0  -1 
2456441.860316 195.400796 0.290911 0.200000 0.400000 0.227764 -0.204204 -0.870194 0.865990 0.400000 1.070194 0.400000 2.394928  -1   0  -1 
2456454.832361 208.372841 0.310496 2.300000 0.400000 0.227764 -0.250797 0.981520 1.067683 0.400000 1.318480 0.400000 2.394928  -1   0  -1 
2456454.837894 208.378374 0.310505 3.200000 0.400000 0.227764 -0.250816 0.986972 1.962212 0.400000 2.213028 0.400000 2.394928  -1   0  -1 
2456467.823190 221.363670 0.330110 -0.600000 0.600000 0.227764 -0.295008 -3.869023 2.974015 0.600000 3.269023 0.600000 2.394928  -1   0  -1 
2456467.826929 221.367409 0.330116 1.000000 0.600000 0.227764 -0.295020 -3.867385 4.572364 0.600000 4.867385 0.600000 2.394928  -1   0  -1 
2456467.830702 221.371182 0.330121 0.400000 0.600000 0.227764 -0.295033 -3.865726 3.970693 0.600000 4.265726 0.600000 2.394928  -1   0  -1 
2456473.860840 227.401320 0.339226 1.900000 0.500000 0.227764 -0.314804 0.741913 0.843283 0.500000 1.158087 0.500000 2.394928  -1   0  -1 
2456473.864821 227.405301 0.339232 1.400000 0.500000 0.227764 -0.314817 0.742609 0.342574 0.500000 0.657391 0.500000 2.394928  -1   0  -1 
2456473.868595 227.409075 0.339238 0.700000 0.500000 0.227764 -0.314829 0.743261 -0.358090 0.500000 -0.043261 0.500000 2.394928  -1   0  -1 
2456480.776552 234.317032 0.349667 0.100000 0.500000 0.227764 -0.336939 -2.175736 1.938797 0.500000 2.275736 0.500000 2.394928  -1   0  -1 
2456480.782281 234.322761 0.349676 -1.300000 0.500000 0.227764 -0.336957 -2.173765 0.536808 0.500000 0.873765 0.500000 2.394928  -1   0  -1 
2456481.631506 235.171986 0.350958 -1.100000 0.600000 0.227764 -0.339637 -1.769942 0.330305 0.600000 0.669942 0.600000 2.394928  -1   0  -1 
2456481.637189 235.177669 0.350967 -1.400000 0.600000 0.227764 -0.339655 -1.766536 0.026881 0.600000 0.366536 0.600000 2.394928  -1   0  -1 
2456501.599929 255.140409 0.381107 5.300000 0.300000 0.227764 -0.400435 -0.230336 5.129901 0.300000 5.530336 0.300000 2.394928  -1   0  -1 
2456523.744316 277.284796 0.414541 1.600000 0.300000 0.227764 -0.463444 -0.050432 1.186988 0.300000 1.650432 0.300000 2.394928  -1   0  -1 
2456524.691276 278.231756 0.415971 2.200000 0.400000 0.227764 -0.466046 0.410956 1.322998 0.400000 1.789044 0.400000 2.394928  -1   0  -1 
2456524.696693 278.237173 0.415979 1.600000 0.400000 0.227764 -0.466061 0.414157 0.719782 0.400000 1.185843 0.400000 2.394928  -1   0  -1 
2456525.743740 279.284220 0.417560 1.700000 0.300000 0.227764 -0.468931 1.112078 0.118992 0.300000 0.587922 0.300000 2.394928  -1   0  -1 
2456569.534062 323.074542 0.483676 1.500000 0.500000 0.227764 -0.582534 -3.020658 3.938124 0.500000 4.520658 0.500000 2.394928  -1   0  -1 
2456585.564665 -323.221848 0.507880 4.800000 0.400000 0.227764 -0.621060 1.503291 2.675649 0.400000 3.296709 0.400000 2.394928  -1   0  -1 
2456585.568473 -323.218040 0.507885 3.600000 0.400000 0.227764 -0.621069 1.507352 1.471579 0.400000 2.092648 0.400000 2.394928  -1   0  -1 
2456585.572350 -323.214163 0.507891 3.900000 0.400000 0.227764 -0.621078 1.511485 1.767437 0.400000 2.388515 0.400000 2.394928  -1   0  -1 
2456586.547688 -322.238825 0.509364 3.500000 0.500000 0.227764 -0.623377 2.481492 0.395131 0.500000 1.018508 0.500000 2.394928  -1   0  -1 
2456586.551530 -322.234983 0.509370 3.300000 0.500000 0.227764 -0.623386 2.484929 0.191686 0.500000 0.815071 0.500000 2.394928  -1   0  -1 
2456586.555442 -322.231071 0.509375 2.500000 0.500000 0.227764 -0.623395 2.488424 -0.611819 0.500000 0.011576 0.500000 2.394928  -1   0  -1 
2456590.510961 -318.275552 0.515348 4.600000 0.700000 0.227764 -0.632666 2.544488 1.422846 0.700000 2.055512 0.700000 2.394928  -1   0  -1 
2456590.514943 -318.271570 0.515354 6.200000 0.800000 0.227764 -0.632675 2.541135 3.026190 0.800000 3.658865 0.800000 2.394928  -1   0  -1 
2456590.518611 -318.267902 0.515359 5.400000 0.600000 0.227764 -0.632683 2.538043 2.229273 0.600000 2.861957 0.600000 2.394928  -1   0  -1 
2456765.917789 -142.868724 0.780182 -0.600000 0.400000 0.227764 -0.910958 -2.849158 1.338200 0.400000 2.249158 0.400000 2.394928  -1   0  -1 
2456765.923021 -142.863492 0.780190 -1.300000 0.400000 0.227764 -0.910955 -2.854597 0.643642 0.400000 1.554597 0.400000 2.394928  -1   0  -1 
2456789.854143 -118.932370 0.816322 6.600000 0.400000 0.227764 -0.864745 2.404087 3.331168 0.400000 4.195913 0.400000 2.394928  -1   0  -1 
2456789.859722 -118.926791 0.816330 6.500000 0.400000 0.227764 -0.864724 2.400497 3.234779 0.400000 4.099503 0.400000 2.394928  -1   0  -1 
2456806.890179 -101.896334 0.842043 0.300000 0.400000 0.227764 -0.754741 -3.789491 3.334751 0.400000 4.089491 0.400000 2.394928  -1   0  -1 
2456829.893363 -78.893150 0.876774 2.700000 0.300000 0.227764 -0.252833 4.343093 -1.895926 0.300000 -1.643093 0.300000 2.394928  -1   0  -1 
2456857.748704 -51.037809 0.918831 3.900000 0.500000 0.227764 3.569416 7.141654 0.327762 0.500000 -3.241654 0.500000 2.394928  -1   0  -1 
2456857.754433 -51.032080 0.918839 4.500000 0.400000 0.227764 3.570439 7.148110 0.922329 0.400000 -2.648110 0.400000 2.394928  -1   0  -1 
2456866.784629 -42.001884 0.932473 -1.700000 0.400000 0.227764 4.016274 2.078077 0.238198 0.400000 -3.778077 0.400000 2.394928  -1   0  -1 
2456896.727940 -12.058573 0.977683 1.700000 0.500000 0.227764 2.018904 3.263956 0.454948 0.500000 -1.563956 0.500000 2.394928  -1   0  -1 
2456896.733287 -12.053226 0.977691 2.200000 0.700000 0.227764 2.018681 3.265706 0.952975 0.700000 -1.065706 0.700000 2.394928  -1   0  -1 
2457146.919889 238.133376 0.355430 2.200000 0.300000 16.304334 -0.348919 16.212499 -14.361418 0.300000 -14.012499 0.300000 2.394928  -1   1  -1 
2457176.844500 268.057987 0.400611 13.800000 0.200000 16.304334 -0.437705 14.049040 -0.686745 0.200000 -0.249040 0.200000 2.394928  -1   1  -1 
2457180.950532 272.164019 0.406810 9.400000 0.300000 16.304334 -0.449246 12.689325 -3.738571 0.300000 -3.289325 0.300000 2.394928  -1   1  -1 
2457180.956053 272.169540 0.406818 8.200000 0.300000 16.304334 -0.449261 12.691516 -4.940777 0.300000 -4.491516 0.300000 2.394928  -1   1  -1 
2457257.708144 -313.405362 0.522701 19.900000 0.500000 16.304334 -0.643967 18.207591 1.048442 0.500000 1.692409 0.500000 2.394928  -1   1  -1 
2457257.713815 -313.399691 0.522709 19.800000 0.500000 16.304334 -0.643980 18.212938 0.943082 0.500000 1.587062 0.500000 2.394928  -1   1  -1 
2457307.523708 -263.589798 0.597914 17.100000 0.300000 16.304334 -0.752563 11.661935 4.685502 0.300000 5.438065 0.300000 2.394928  -1   1  -1 
2457307.529113 -263.584393 0.597922 16.800000 0.300000 16.304334 -0.752574 11.658742 4.388684 0.300000 5.141258 0.300000 2.394928  -1   1  -1 
2457675.588735 104.475229 0.153629 22.800000 0.300000 16.304334 0.232120 16.045446 6.986674 0.300000 6.754554 0.300000 2.394928  -1   1  -1 
2457879.840329 308.726823 0.462013 14.300000 0.400000 16.304334 -0.546807 11.538772 2.214421 0.400000 2.761228 0.400000 2.394928  -1   1  -1 
2457943.770578 -289.669922 0.558537 20.000000 0.200000 16.304334 -0.697303 15.849124 3.453573 0.200000 4.150876 0.200000 2.394928  -1   1  -1 
2457968.637355 -264.803145 0.596082 16.000000 0.400000 16.304334 -0.750073 16.762631 -1.512704 0.400000 -0.762631 0.400000 2.394928  -1   1  -1 
