# Tref_folded model 
-1.500000 2.104910 
-1.499000 2.110939 
-1.498000 2.116887 
-1.497000 2.122751 
-1.496000 2.128532 
-1.495000 2.134229 
-1.494000 2.139842 
-1.493000 2.145370 
-1.492000 2.150812 
-1.491000 2.156168 
-1.490000 2.161437 
-1.489000 2.166620 
-1.488000 2.171714 
-1.487000 2.176721 
-1.486000 2.181638 
-1.485000 2.186467 
-1.484000 2.191205 
-1.483000 2.195853 
-1.482000 2.200411 
-1.481000 2.204877 
-1.480000 2.209252 
-1.479000 2.213534 
-1.478000 2.217723 
-1.477000 2.221819 
-1.476000 2.225821 
-1.475000 2.229729 
-1.474000 2.233542 
-1.473000 2.237260 
-1.472000 2.240882 
-1.471000 2.244408 
-1.470000 2.247837 
-1.469000 2.251169 
-1.468000 2.254403 
-1.467000 2.257539 
-1.466000 2.260577 
-1.465000 2.263516 
-1.464000 2.266356 
-1.463000 2.269095 
-1.462000 2.271734 
-1.461000 2.274273 
-1.460000 2.276710 
-1.459000 2.279046 
-1.458000 2.281280 
-1.457000 2.283412 
-1.456000 2.285441 
-1.455000 2.287366 
-1.454000 2.289188 
-1.453000 2.290906 
-1.452000 2.292520 
-1.451000 2.294029 
-1.450000 2.295433 
-1.449000 2.296731 
-1.448000 2.297924 
-1.447000 2.299010 
-1.446000 2.299990 
-1.445000 2.300863 
-1.444000 2.301629 
-1.443000 2.302287 
-1.442000 2.302838 
-1.441000 2.303280 
-1.440000 2.303614 
-1.439000 2.303839 
-1.438000 2.303955 
-1.437000 2.303962 
-1.436000 2.303859 
-1.435000 2.303647 
-1.434000 2.303324 
-1.433000 2.302890 
-1.432000 2.302347 
-1.431000 2.301692 
-1.430000 2.300926 
-1.429000 2.300048 
-1.428000 2.299059 
-1.427000 2.297959 
-1.426000 2.296746 
-1.425000 2.295421 
-1.424000 2.293984 
-1.423000 2.292434 
-1.422000 2.290771 
-1.421000 2.288996 
-1.420000 2.287107 
-1.419000 2.285105 
-1.418000 2.282990 
-1.417000 2.280762 
-1.416000 2.278419 
-1.415000 2.275963 
-1.414000 2.273394 
-1.413000 2.270710 
-1.412000 2.267913 
-1.411000 2.265001 
-1.410000 2.261975 
-1.409000 2.258835 
-1.408000 2.255581 
-1.407000 2.252213 
-1.406000 2.248730 
-1.405000 2.245133 
-1.404000 2.241422 
-1.403000 2.237596 
-1.402000 2.233656 
-1.401000 2.229601 
-1.400000 2.225433 
-1.399000 2.221150 
-1.398000 2.216753 
-1.397000 2.212242 
-1.396000 2.207616 
-1.395000 2.202877 
-1.394000 2.198024 
-1.393000 2.193057 
-1.392000 2.187976 
-1.391000 2.182782 
-1.390000 2.177474 
-1.389000 2.172053 
-1.388000 2.166518 
-1.387000 2.160871 
-1.386000 2.155110 
-1.385000 2.149238 
-1.384000 2.143252 
-1.383000 2.137154 
-1.382000 2.130944 
-1.381000 2.124623 
-1.380000 2.118189 
-1.379000 2.111645 
-1.378000 2.104989 
-1.377000 2.098222 
-1.376000 2.091344 
-1.375000 2.084356 
-1.374000 2.077258 
-1.373000 2.070051 
-1.372000 2.062734 
-1.371000 2.055307 
-1.370000 2.047772 
-1.369000 2.040129 
-1.368000 2.032377 
-1.367000 2.024517 
-1.366000 2.016551 
-1.365000 2.008477 
-1.364000 2.000297 
-1.363000 1.992010 
-1.362000 1.983618 
-1.361000 1.975120 
-1.360000 1.966517 
-1.359000 1.957810 
-1.358000 1.948999 
-1.357000 1.940084 
-1.356000 1.931067 
-1.355000 1.921946 
-1.354000 1.912724 
-1.353000 1.903400 
-1.352000 1.893975 
-1.351000 1.884449 
-1.350000 1.874823 
-1.349000 1.865098 
-1.348000 1.855274 
-1.347000 1.845351 
-1.346000 1.835331 
-1.345000 1.825213 
-1.344000 1.814999 
-1.343000 1.804689 
-1.342000 1.794283 
-1.341000 1.783783 
-1.340000 1.773188 
-1.339000 1.762500 
-1.338000 1.751719 
-1.337000 1.740846 
-1.336000 1.729881 
-1.335000 1.718825 
-1.334000 1.707679 
-1.333000 1.696444 
-1.332000 1.685119 
-1.331000 1.673707 
-1.330000 1.662207 
-1.329000 1.650621 
-1.328000 1.638948 
-1.327000 1.627190 
-1.326000 1.615348 
-1.325000 1.603422 
-1.324000 1.591414 
-1.323000 1.579323 
-1.322000 1.567150 
-1.321000 1.554897 
-1.320000 1.542564 
-1.319000 1.530152 
-1.318000 1.517662 
-1.317000 1.505095 
-1.316000 1.492451 
-1.315000 1.479731 
-1.314000 1.466936 
-1.313000 1.454067 
-1.312000 1.441125 
-1.311000 1.428110 
-1.310000 1.415024 
-1.309000 1.401868 
-1.308000 1.388641 
-1.307000 1.375346 
-1.306000 1.361982 
-1.305000 1.348552 
-1.304000 1.335055 
-1.303000 1.321493 
-1.302000 1.307866 
-1.301000 1.294176 
-1.300000 1.280423 
-1.299000 1.266609 
-1.298000 1.252733 
-1.297000 1.238798 
-1.296000 1.224804 
-1.295000 1.210752 
-1.294000 1.196643 
-1.293000 1.182478 
-1.292000 1.168258 
-1.291000 1.153983 
-1.290000 1.139655 
-1.289000 1.125275 
-1.288000 1.110844 
-1.287000 1.096362 
-1.286000 1.081831 
-1.285000 1.067251 
-1.284000 1.052624 
-1.283000 1.037950 
-1.282000 1.023231 
-1.281000 1.008468 
-1.280000 0.993661 
-1.279000 0.978811 
-1.278000 0.963920 
-1.277000 0.948988 
-1.276000 0.934016 
-1.275000 0.919006 
-1.274000 0.903959 
-1.273000 0.888874 
-1.272000 0.873755 
-1.271000 0.858600 
-1.270000 0.843412 
-1.269000 0.828191 
-1.268000 0.812939 
-1.267000 0.797656 
-1.266000 0.782343 
-1.265000 0.767002 
-1.264000 0.751633 
-1.263000 0.736237 
-1.262000 0.720816 
-1.261000 0.705370 
-1.260000 0.689901 
-1.259000 0.674409 
-1.258000 0.658895 
-1.257000 0.643360 
-1.256000 0.627806 
-1.255000 0.612233 
-1.254000 0.596642 
-1.253000 0.581035 
-1.252000 0.565412 
-1.251000 0.549774 
-1.250000 0.534123 
-1.249000 0.518459 
-1.248000 0.502783 
-1.247000 0.487096 
-1.246000 0.471399 
-1.245000 0.455693 
-1.244000 0.439980 
-1.243000 0.424260 
-1.242000 0.408533 
-1.241000 0.392802 
-1.240000 0.377066 
-1.239000 0.361328 
-1.238000 0.345587 
-1.237000 0.329846 
-1.236000 0.314103 
-1.235000 0.298362 
-1.234000 0.282622 
-1.233000 0.266885 
-1.232000 0.251152 
-1.231000 0.235423 
-1.230000 0.219699 
-1.229000 0.203981 
-1.228000 0.188271 
-1.227000 0.172569 
-1.226000 0.156876 
-1.225000 0.141192 
-1.224000 0.125520 
-1.223000 0.109859 
-1.222000 0.094211 
-1.221000 0.078576 
-1.220000 0.062956 
-1.219000 0.047351 
-1.218000 0.031762 
-1.217000 0.016190 
-1.216000 0.000636 
-1.215000 -0.014899 
-1.214000 -0.030415 
-1.213000 -0.045911 
-1.212000 -0.061385 
-1.211000 -0.076837 
-1.210000 -0.092267 
-1.209000 -0.107672 
-1.208000 -0.123054 
-1.207000 -0.138410 
-1.206000 -0.153739 
-1.205000 -0.169042 
-1.204000 -0.184317 
-1.203000 -0.199564 
-1.202000 -0.214781 
-1.201000 -0.229968 
-1.200000 -0.245124 
-1.199000 -0.260249 
-1.198000 -0.275342 
-1.197000 -0.290401 
-1.196000 -0.305426 
-1.195000 -0.320417 
-1.194000 -0.335373 
-1.193000 -0.350292 
-1.192000 -0.365175 
-1.191000 -0.380020 
-1.190000 -0.394827 
-1.189000 -0.409596 
-1.188000 -0.424324 
-1.187000 -0.439013 
-1.186000 -0.453660 
-1.185000 -0.468266 
-1.184000 -0.482829 
-1.183000 -0.497350 
-1.182000 -0.511827 
-1.181000 -0.526259 
-1.180000 -0.540647 
-1.179000 -0.554989 
-1.178000 -0.569285 
-1.177000 -0.583534 
-1.176000 -0.597736 
-1.175000 -0.611890 
-1.174000 -0.625995 
-1.173000 -0.640051 
-1.172000 -0.654058 
-1.171000 -0.668014 
-1.170000 -0.681919 
-1.169000 -0.695772 
-1.168000 -0.709573 
-1.167000 -0.723322 
-1.166000 -0.737018 
-1.165000 -0.750659 
-1.164000 -0.764247 
-1.163000 -0.777780 
-1.162000 -0.791257 
-1.161000 -0.804679 
-1.160000 -0.818044 
-1.159000 -0.831353 
-1.158000 -0.844604 
-1.157000 -0.857797 
-1.156000 -0.870932 
-1.155000 -0.884009 
-1.154000 -0.897026 
-1.153000 -0.909983 
-1.152000 -0.922880 
-1.151000 -0.935717 
-1.150000 -0.948493 
-1.149000 -0.961207 
-1.148000 -0.973859 
-1.147000 -0.986449 
-1.146000 -0.998976 
-1.145000 -1.011440 
-1.144000 -1.023841 
-1.143000 -1.036177 
-1.142000 -1.048449 
-1.141000 -1.060657 
-1.140000 -1.072799 
-1.139000 -1.084876 
-1.138000 -1.096887 
-1.137000 -1.108831 
-1.136000 -1.120710 
-1.135000 -1.132521 
-1.134000 -1.144265 
-1.133000 -1.155941 
-1.132000 -1.167550 
-1.131000 -1.179090 
-1.130000 -1.190562 
-1.129000 -1.201965 
-1.128000 -1.213299 
-1.127000 -1.224563 
-1.126000 -1.235758 
-1.125000 -1.246882 
-1.124000 -1.257937 
-1.123000 -1.268920 
-1.122000 -1.279833 
-1.121000 -1.290675 
-1.120000 -1.301445 
-1.119000 -1.312143 
-1.118000 -1.322770 
-1.117000 -1.333325 
-1.116000 -1.343807 
-1.115000 -1.354217 
-1.114000 -1.364553 
-1.113000 -1.374817 
-1.112000 -1.385007 
-1.111000 -1.395124 
-1.110000 -1.405168 
-1.109000 -1.415137 
-1.108000 -1.425033 
-1.107000 -1.434854 
-1.106000 -1.444600 
-1.105000 -1.454272 
-1.104000 -1.463870 
-1.103000 -1.473392 
-1.102000 -1.482839 
-1.101000 -1.492211 
-1.100000 -1.501508 
-1.099000 -1.510729 
-1.098000 -1.519874 
-1.097000 -1.528943 
-1.096000 -1.537936 
-1.095000 -1.546854 
-1.094000 -1.555694 
-1.093000 -1.564459 
-1.092000 -1.573147 
-1.091000 -1.581758 
-1.090000 -1.590293 
-1.089000 -1.598751 
-1.088000 -1.607132 
-1.087000 -1.615436 
-1.086000 -1.623663 
-1.085000 -1.631812 
-1.084000 -1.639885 
-1.083000 -1.647880 
-1.082000 -1.655797 
-1.081000 -1.663637 
-1.080000 -1.671400 
-1.079000 -1.679085 
-1.078000 -1.686692 
-1.077000 -1.694222 
-1.076000 -1.701673 
-1.075000 -1.709047 
-1.074000 -1.716343 
-1.073000 -1.723561 
-1.072000 -1.730701 
-1.071000 -1.737764 
-1.070000 -1.744748 
-1.069000 -1.751654 
-1.068000 -1.758482 
-1.067000 -1.765232 
-1.066000 -1.771904 
-1.065000 -1.778498 
-1.064000 -1.785013 
-1.063000 -1.791451 
-1.062000 -1.797811 
-1.061000 -1.804092 
-1.060000 -1.810295 
-1.059000 -1.816420 
-1.058000 -1.822468 
-1.057000 -1.828437 
-1.056000 -1.834328 
-1.055000 -1.840141 
-1.054000 -1.845876 
-1.053000 -1.851533 
-1.052000 -1.857112 
-1.051000 -1.862613 
-1.050000 -1.868036 
-1.049000 -1.873382 
-1.048000 -1.878649 
-1.047000 -1.883839 
-1.046000 -1.888951 
-1.045000 -1.893986 
-1.044000 -1.898943 
-1.043000 -1.903822 
-1.042000 -1.908624 
-1.041000 -1.913348 
-1.040000 -1.917995 
-1.039000 -1.922565 
-1.038000 -1.927058 
-1.037000 -1.931473 
-1.036000 -1.935811 
-1.035000 -1.940072 
-1.034000 -1.944256 
-1.033000 -1.948364 
-1.032000 -1.952394 
-1.031000 -1.956348 
-1.030000 -1.960225 
-1.029000 -1.964026 
-1.028000 -1.967750 
-1.027000 -1.971398 
-1.026000 -1.974969 
-1.025000 -1.978465 
-1.024000 -1.981884 
-1.023000 -1.985227 
-1.022000 -1.988494 
-1.021000 -1.991686 
-1.020000 -1.994802 
-1.019000 -1.997842 
-1.018000 -2.000807 
-1.017000 -2.003697 
-1.016000 -2.006511 
-1.015000 -2.009250 
-1.014000 -2.011914 
-1.013000 -2.014503 
-1.012000 -2.017018 
-1.011000 -2.019457 
-1.010000 -2.021822 
-1.009000 -2.024113 
-1.008000 -2.026330 
-1.007000 -2.028472 
-1.006000 -2.030540 
-1.005000 -2.032534 
-1.004000 -2.034455 
-1.003000 -2.036302 
-1.002000 -2.038075 
-1.001000 -2.039775 
-1.000000 -2.041401 
-0.999000 -2.042955 
-0.998000 -2.044435 
-0.997000 -2.045843 
-0.996000 -2.047178 
-0.995000 -2.048440 
-0.994000 -2.049630 
-0.993000 -2.050747 
-0.992000 -2.051793 
-0.991000 -2.052766 
-0.990000 -2.053668 
-0.989000 -2.054498 
-0.988000 -2.055256 
-0.987000 -2.055943 
-0.986000 -2.056558 
-0.985000 -2.057103 
-0.984000 -2.057576 
-0.983000 -2.057979 
-0.982000 -2.058311 
-0.981000 -2.058573 
-0.980000 -2.058764 
-0.979000 -2.058885 
-0.978000 -2.058936 
-0.977000 -2.058917 
-0.976000 -2.058829 
-0.975000 -2.058671 
-0.974000 -2.058443 
-0.973000 -2.058147 
-0.972000 -2.057781 
-0.971000 -2.057346 
-0.970000 -2.056843 
-0.969000 -2.056271 
-0.968000 -2.055630 
-0.967000 -2.054922 
-0.966000 -2.054145 
-0.965000 -2.053300 
-0.964000 -2.052388 
-0.963000 -2.051408 
-0.962000 -2.050361 
-0.961000 -2.049246 
-0.960000 -2.048064 
-0.959000 -2.046816 
-0.958000 -2.045501 
-0.957000 -2.044119 
-0.956000 -2.042671 
-0.955000 -2.041156 
-0.954000 -2.039576 
-0.953000 -2.037929 
-0.952000 -2.036217 
-0.951000 -2.034440 
-0.950000 -2.032597 
-0.949000 -2.030689 
-0.948000 -2.028716 
-0.947000 -2.026678 
-0.946000 -2.024576 
-0.945000 -2.022409 
-0.944000 -2.020178 
-0.943000 -2.017883 
-0.942000 -2.015524 
-0.941000 -2.013101 
-0.940000 -2.010614 
-0.939000 -2.008064 
-0.938000 -2.005451 
-0.937000 -2.002775 
-0.936000 -2.000036 
-0.935000 -1.997235 
-0.934000 -1.994371 
-0.933000 -1.991444 
-0.932000 -1.988456 
-0.931000 -1.985405 
-0.930000 -1.982293 
-0.929000 -1.979120 
-0.928000 -1.975884 
-0.927000 -1.972588 
-0.926000 -1.969231 
-0.925000 -1.965813 
-0.924000 -1.962334 
-0.923000 -1.958794 
-0.922000 -1.955195 
-0.921000 -1.951535 
-0.920000 -1.947815 
-0.919000 -1.944036 
-0.918000 -1.940197 
-0.917000 -1.936299 
-0.916000 -1.932341 
-0.915000 -1.928325 
-0.914000 -1.924250 
-0.913000 -1.920116 
-0.912000 -1.915923 
-0.911000 -1.911673 
-0.910000 -1.907364 
-0.909000 -1.902998 
-0.908000 -1.898573 
-0.907000 -1.894092 
-0.906000 -1.889553 
-0.905000 -1.884957 
-0.904000 -1.880303 
-0.903000 -1.875594 
-0.902000 -1.870827 
-0.901000 -1.866004 
-0.900000 -1.861125 
-0.899000 -1.856190 
-0.898000 -1.851199 
-0.897000 -1.846153 
-0.896000 -1.841051 
-0.895000 -1.835894 
-0.894000 -1.830682 
-0.893000 -1.825414 
-0.892000 -1.820093 
-0.891000 -1.814716 
-0.890000 -1.809286 
-0.889000 -1.803801 
-0.888000 -1.798262 
-0.887000 -1.792670 
-0.886000 -1.787024 
-0.885000 -1.781324 
-0.884000 -1.775572 
-0.883000 -1.769766 
-0.882000 -1.763908 
-0.881000 -1.757997 
-0.880000 -1.752034 
-0.879000 -1.746018 
-0.878000 -1.739951 
-0.877000 -1.733831 
-0.876000 -1.727660 
-0.875000 -1.721438 
-0.874000 -1.715164 
-0.873000 -1.708839 
-0.872000 -1.702463 
-0.871000 -1.696037 
-0.870000 -1.689560 
-0.869000 -1.683032 
-0.868000 -1.676455 
-0.867000 -1.669827 
-0.866000 -1.663150 
-0.865000 -1.656423 
-0.864000 -1.649647 
-0.863000 -1.642822 
-0.862000 -1.635948 
-0.861000 -1.629025 
-0.860000 -1.622053 
-0.859000 -1.615033 
-0.858000 -1.607965 
-0.857000 -1.600849 
-0.856000 -1.593685 
-0.855000 -1.586473 
-0.854000 -1.579214 
-0.853000 -1.571907 
-0.852000 -1.564554 
-0.851000 -1.557154 
-0.850000 -1.549707 
-0.849000 -1.542213 
-0.848000 -1.534674 
-0.847000 -1.527088 
-0.846000 -1.519456 
-0.845000 -1.511779 
-0.844000 -1.504056 
-0.843000 -1.496288 
-0.842000 -1.488475 
-0.841000 -1.480617 
-0.840000 -1.472714 
-0.839000 -1.464766 
-0.838000 -1.456775 
-0.837000 -1.448739 
-0.836000 -1.440659 
-0.835000 -1.432535 
-0.834000 -1.424368 
-0.833000 -1.416158 
-0.832000 -1.407904 
-0.831000 -1.399608 
-0.830000 -1.391269 
-0.829000 -1.382887 
-0.828000 -1.374463 
-0.827000 -1.365997 
-0.826000 -1.357488 
-0.825000 -1.348938 
-0.824000 -1.340347 
-0.823000 -1.331714 
-0.822000 -1.323040 
-0.821000 -1.314325 
-0.820000 -1.305569 
-0.819000 -1.296773 
-0.818000 -1.287936 
-0.817000 -1.279059 
-0.816000 -1.270143 
-0.815000 -1.261186 
-0.814000 -1.252190 
-0.813000 -1.243155 
-0.812000 -1.234080 
-0.811000 -1.224967 
-0.810000 -1.215815 
-0.809000 -1.206624 
-0.808000 -1.197395 
-0.807000 -1.188128 
-0.806000 -1.178823 
-0.805000 -1.169480 
-0.804000 -1.160100 
-0.803000 -1.150682 
-0.802000 -1.141228 
-0.801000 -1.131736 
-0.800000 -1.122208 
-0.799000 -1.112644 
-0.798000 -1.103043 
-0.797000 -1.093406 
-0.796000 -1.083733 
-0.795000 -1.074025 
-0.794000 -1.064281 
-0.793000 -1.054502 
-0.792000 -1.044688 
-0.791000 -1.034840 
-0.790000 -1.024956 
-0.789000 -1.015039 
-0.788000 -1.005087 
-0.787000 -0.995102 
-0.786000 -0.985082 
-0.785000 -0.975029 
-0.784000 -0.964943 
-0.783000 -0.954824 
-0.782000 -0.944672 
-0.781000 -0.934488 
-0.780000 -0.924271 
-0.779000 -0.914022 
-0.778000 -0.903740 
-0.777000 -0.893428 
-0.776000 -0.883083 
-0.775000 -0.872707 
-0.774000 -0.862301 
-0.773000 -0.851863 
-0.772000 -0.841395 
-0.771000 -0.830896 
-0.770000 -0.820367 
-0.769000 -0.809809 
-0.768000 -0.799220 
-0.767000 -0.788602 
-0.766000 -0.777955 
-0.765000 -0.767279 
-0.764000 -0.756574 
-0.763000 -0.745840 
-0.762000 -0.735078 
-0.761000 -0.724288 
-0.760000 -0.713470 
-0.759000 -0.702624 
-0.758000 -0.691751 
-0.757000 -0.680850 
-0.756000 -0.669923 
-0.755000 -0.658969 
-0.754000 -0.647989 
-0.753000 -0.636982 
-0.752000 -0.625949 
-0.751000 -0.614891 
-0.750000 -0.603807 
-0.749000 -0.592697 
-0.748000 -0.581563 
-0.747000 -0.570404 
-0.746000 -0.559220 
-0.745000 -0.548012 
-0.744000 -0.536780 
-0.743000 -0.525524 
-0.742000 -0.514245 
-0.741000 -0.502942 
-0.740000 -0.491616 
-0.739000 -0.480268 
-0.738000 -0.468897 
-0.737000 -0.457503 
-0.736000 -0.446088 
-0.735000 -0.434650 
-0.734000 -0.423192 
-0.733000 -0.411711 
-0.732000 -0.400210 
-0.731000 -0.388688 
-0.730000 -0.377146 
-0.729000 -0.365583 
-0.728000 -0.354001 
-0.727000 -0.342398 
-0.726000 -0.330776 
-0.725000 -0.319135 
-0.724000 -0.307475 
-0.723000 -0.295797 
-0.722000 -0.284100 
-0.721000 -0.272385 
-0.720000 -0.260652 
-0.719000 -0.248901 
-0.718000 -0.237133 
-0.717000 -0.225349 
-0.716000 -0.213547 
-0.715000 -0.201729 
-0.714000 -0.189895 
-0.713000 -0.178045 
-0.712000 -0.166179 
-0.711000 -0.154298 
-0.710000 -0.142402 
-0.709000 -0.130491 
-0.708000 -0.118566 
-0.707000 -0.106626 
-0.706000 -0.094673 
-0.705000 -0.082706 
-0.704000 -0.070725 
-0.703000 -0.058732 
-0.702000 -0.046726 
-0.701000 -0.034707 
-0.700000 -0.022676 
-0.699000 -0.010634 
-0.698000 0.001420 
-0.697000 0.013485 
-0.696000 0.025562 
-0.695000 0.037649 
-0.694000 0.049746 
-0.693000 0.061853 
-0.692000 0.073970 
-0.691000 0.086096 
-0.690000 0.098231 
-0.689000 0.110375 
-0.688000 0.122528 
-0.687000 0.134688 
-0.686000 0.146857 
-0.685000 0.159033 
-0.684000 0.171216 
-0.683000 0.183406 
-0.682000 0.195602 
-0.681000 0.207805 
-0.680000 0.220013 
-0.679000 0.232227 
-0.678000 0.244447 
-0.677000 0.256671 
-0.676000 0.268899 
-0.675000 0.281132 
-0.674000 0.293369 
-0.673000 0.305609 
-0.672000 0.317852 
-0.671000 0.330098 
-0.670000 0.342347 
-0.669000 0.354597 
-0.668000 0.366850 
-0.667000 0.379104 
-0.666000 0.391359 
-0.665000 0.403614 
-0.664000 0.415871 
-0.663000 0.428127 
-0.662000 0.440382 
-0.661000 0.452637 
-0.660000 0.464891 
-0.659000 0.477144 
-0.658000 0.489395 
-0.657000 0.501643 
-0.656000 0.513889 
-0.655000 0.526132 
-0.654000 0.538372 
-0.653000 0.550608 
-0.652000 0.562840 
-0.651000 0.575068 
-0.650000 0.587290 
-0.649000 0.599508 
-0.648000 0.611720 
-0.647000 0.623926 
-0.646000 0.636126 
-0.645000 0.648319 
-0.644000 0.660504 
-0.643000 0.672683 
-0.642000 0.684853 
-0.641000 0.697015 
-0.640000 0.709168 
-0.639000 0.721312 
-0.638000 0.733447 
-0.637000 0.745571 
-0.636000 0.757685 
-0.635000 0.769789 
-0.634000 0.781881 
-0.633000 0.793962 
-0.632000 0.806030 
-0.631000 0.818087 
-0.630000 0.830130 
-0.629000 0.842160 
-0.628000 0.854176 
-0.627000 0.866179 
-0.626000 0.878166 
-0.625000 0.890139 
-0.624000 0.902096 
-0.623000 0.914037 
-0.622000 0.925962 
-0.621000 0.937871 
-0.620000 0.949762 
-0.619000 0.961635 
-0.618000 0.973491 
-0.617000 0.985328 
-0.616000 0.997145 
-0.615000 1.008944 
-0.614000 1.020723 
-0.613000 1.032481 
-0.612000 1.044218 
-0.611000 1.055935 
-0.610000 1.067629 
-0.609000 1.079302 
-0.608000 1.090951 
-0.607000 1.102578 
-0.606000 1.114181 
-0.605000 1.125760 
-0.604000 1.137315 
-0.603000 1.148844 
-0.602000 1.160348 
-0.601000 1.171826 
-0.600000 1.183278 
-0.599000 1.194702 
-0.598000 1.206100 
-0.597000 1.217469 
-0.596000 1.228810 
-0.595000 1.240122 
-0.594000 1.251405 
-0.593000 1.262658 
-0.592000 1.273881 
-0.591000 1.285073 
-0.590000 1.296233 
-0.589000 1.307361 
-0.588000 1.318458 
-0.587000 1.329521 
-0.586000 1.340551 
-0.585000 1.351547 
-0.584000 1.362508 
-0.583000 1.373435 
-0.582000 1.384326 
-0.581000 1.395182 
-0.580000 1.406001 
-0.579000 1.416783 
-0.578000 1.427527 
-0.577000 1.438233 
-0.576000 1.448901 
-0.575000 1.459530 
-0.574000 1.470119 
-0.573000 1.480668 
-0.572000 1.491176 
-0.571000 1.501643 
-0.570000 1.512069 
-0.569000 1.522452 
-0.568000 1.532792 
-0.567000 1.543089 
-0.566000 1.553342 
-0.565000 1.563550 
-0.564000 1.573714 
-0.563000 1.583832 
-0.562000 1.593903 
-0.561000 1.603929 
-0.560000 1.613907 
-0.559000 1.623837 
-0.558000 1.633719 
-0.557000 1.643552 
-0.556000 1.653336 
-0.555000 1.663070 
-0.554000 1.672753 
-0.553000 1.682385 
-0.552000 1.691966 
-0.551000 1.701495 
-0.550000 1.710970 
-0.549000 1.720393 
-0.548000 1.729761 
-0.547000 1.739075 
-0.546000 1.748334 
-0.545000 1.757538 
-0.544000 1.766685 
-0.543000 1.775776 
-0.542000 1.784809 
-0.541000 1.793785 
-0.540000 1.802702 
-0.539000 1.811560 
-0.538000 1.820358 
-0.537000 1.829097 
-0.536000 1.837774 
-0.535000 1.846391 
-0.534000 1.854945 
-0.533000 1.863438 
-0.532000 1.871867 
-0.531000 1.880232 
-0.530000 1.888534 
-0.529000 1.896771 
-0.528000 1.904942 
-0.527000 1.913048 
-0.526000 1.921087 
-0.525000 1.929059 
-0.524000 1.936963 
-0.523000 1.944800 
-0.522000 1.952567 
-0.521000 1.960266 
-0.520000 1.967894 
-0.519000 1.975452 
-0.518000 1.982939 
-0.517000 1.990354 
-0.516000 1.997698 
-0.515000 2.004968 
-0.514000 2.012165 
-0.513000 2.019288 
-0.512000 2.026337 
-0.511000 2.033311 
-0.510000 2.040209 
-0.509000 2.047031 
-0.508000 2.053776 
-0.507000 2.060444 
-0.506000 2.067035 
-0.505000 2.073546 
-0.504000 2.079979 
-0.503000 2.086332 
-0.502000 2.092606 
-0.501000 2.098798 
-0.500000 2.104910 
-0.499000 2.110939 
-0.498000 2.116887 
-0.497000 2.122751 
-0.496000 2.128532 
-0.495000 2.134229 
-0.494000 2.139842 
-0.493000 2.145370 
-0.492000 2.150812 
-0.491000 2.156168 
-0.490000 2.161437 
-0.489000 2.166620 
-0.488000 2.171714 
-0.487000 2.176721 
-0.486000 2.181638 
-0.485000 2.186467 
-0.484000 2.191205 
-0.483000 2.195853 
-0.482000 2.200411 
-0.481000 2.204877 
-0.480000 2.209252 
-0.479000 2.213534 
-0.478000 2.217723 
-0.477000 2.221819 
-0.476000 2.225821 
-0.475000 2.229729 
-0.474000 2.233542 
-0.473000 2.237260 
-0.472000 2.240882 
-0.471000 2.244408 
-0.470000 2.247837 
-0.469000 2.251169 
-0.468000 2.254403 
-0.467000 2.257539 
-0.466000 2.260577 
-0.465000 2.263516 
-0.464000 2.266356 
-0.463000 2.269095 
-0.462000 2.271734 
-0.461000 2.274273 
-0.460000 2.276710 
-0.459000 2.279046 
-0.458000 2.281280 
-0.457000 2.283412 
-0.456000 2.285441 
-0.455000 2.287366 
-0.454000 2.289188 
-0.453000 2.290906 
-0.452000 2.292520 
-0.451000 2.294029 
-0.450000 2.295433 
-0.449000 2.296731 
-0.448000 2.297924 
-0.447000 2.299010 
-0.446000 2.299990 
-0.445000 2.300863 
-0.444000 2.301629 
-0.443000 2.302287 
-0.442000 2.302838 
-0.441000 2.303280 
-0.440000 2.303614 
-0.439000 2.303839 
-0.438000 2.303955 
-0.437000 2.303962 
-0.436000 2.303859 
-0.435000 2.303647 
-0.434000 2.303324 
-0.433000 2.302890 
-0.432000 2.302347 
-0.431000 2.301692 
-0.430000 2.300926 
-0.429000 2.300048 
-0.428000 2.299059 
-0.427000 2.297959 
-0.426000 2.296746 
-0.425000 2.295421 
-0.424000 2.293984 
-0.423000 2.292434 
-0.422000 2.290771 
-0.421000 2.288996 
-0.420000 2.287107 
-0.419000 2.285105 
-0.418000 2.282990 
-0.417000 2.280762 
-0.416000 2.278419 
-0.415000 2.275963 
-0.414000 2.273394 
-0.413000 2.270710 
-0.412000 2.267913 
-0.411000 2.265001 
-0.410000 2.261975 
-0.409000 2.258835 
-0.408000 2.255581 
-0.407000 2.252213 
-0.406000 2.248730 
-0.405000 2.245133 
-0.404000 2.241422 
-0.403000 2.237596 
-0.402000 2.233656 
-0.401000 2.229601 
-0.400000 2.225433 
-0.399000 2.221150 
-0.398000 2.216753 
-0.397000 2.212242 
-0.396000 2.207616 
-0.395000 2.202877 
-0.394000 2.198024 
-0.393000 2.193057 
-0.392000 2.187976 
-0.391000 2.182782 
-0.390000 2.177474 
-0.389000 2.172053 
-0.388000 2.166518 
-0.387000 2.160871 
-0.386000 2.155110 
-0.385000 2.149238 
-0.384000 2.143252 
-0.383000 2.137154 
-0.382000 2.130944 
-0.381000 2.124623 
-0.380000 2.118189 
-0.379000 2.111645 
-0.378000 2.104989 
-0.377000 2.098222 
-0.376000 2.091344 
-0.375000 2.084356 
-0.374000 2.077258 
-0.373000 2.070051 
-0.372000 2.062734 
-0.371000 2.055307 
-0.370000 2.047772 
-0.369000 2.040129 
-0.368000 2.032377 
-0.367000 2.024517 
-0.366000 2.016551 
-0.365000 2.008477 
-0.364000 2.000297 
-0.363000 1.992010 
-0.362000 1.983618 
-0.361000 1.975120 
-0.360000 1.966517 
-0.359000 1.957810 
-0.358000 1.948999 
-0.357000 1.940084 
-0.356000 1.931067 
-0.355000 1.921946 
-0.354000 1.912724 
-0.353000 1.903400 
-0.352000 1.893975 
-0.351000 1.884449 
-0.350000 1.874823 
-0.349000 1.865098 
-0.348000 1.855274 
-0.347000 1.845351 
-0.346000 1.835331 
-0.345000 1.825213 
-0.344000 1.814999 
-0.343000 1.804689 
-0.342000 1.794283 
-0.341000 1.783783 
-0.340000 1.773188 
-0.339000 1.762500 
-0.338000 1.751719 
-0.337000 1.740846 
-0.336000 1.729881 
-0.335000 1.718825 
-0.334000 1.707679 
-0.333000 1.696444 
-0.332000 1.685119 
-0.331000 1.673707 
-0.330000 1.662207 
-0.329000 1.650621 
-0.328000 1.638948 
-0.327000 1.627190 
-0.326000 1.615348 
-0.325000 1.603422 
-0.324000 1.591414 
-0.323000 1.579323 
-0.322000 1.567150 
-0.321000 1.554897 
-0.320000 1.542564 
-0.319000 1.530152 
-0.318000 1.517662 
-0.317000 1.505095 
-0.316000 1.492451 
-0.315000 1.479731 
-0.314000 1.466936 
-0.313000 1.454067 
-0.312000 1.441125 
-0.311000 1.428110 
-0.310000 1.415024 
-0.309000 1.401868 
-0.308000 1.388641 
-0.307000 1.375346 
-0.306000 1.361982 
-0.305000 1.348552 
-0.304000 1.335055 
-0.303000 1.321493 
-0.302000 1.307866 
-0.301000 1.294176 
-0.300000 1.280423 
-0.299000 1.266609 
-0.298000 1.252733 
-0.297000 1.238798 
-0.296000 1.224804 
-0.295000 1.210752 
-0.294000 1.196643 
-0.293000 1.182478 
-0.292000 1.168258 
-0.291000 1.153983 
-0.290000 1.139655 
-0.289000 1.125275 
-0.288000 1.110844 
-0.287000 1.096362 
-0.286000 1.081831 
-0.285000 1.067251 
-0.284000 1.052624 
-0.283000 1.037950 
-0.282000 1.023231 
-0.281000 1.008468 
-0.280000 0.993661 
-0.279000 0.978811 
-0.278000 0.963920 
-0.277000 0.948988 
-0.276000 0.934016 
-0.275000 0.919006 
-0.274000 0.903959 
-0.273000 0.888874 
-0.272000 0.873755 
-0.271000 0.858600 
-0.270000 0.843412 
-0.269000 0.828191 
-0.268000 0.812939 
-0.267000 0.797656 
-0.266000 0.782343 
-0.265000 0.767002 
-0.264000 0.751633 
-0.263000 0.736237 
-0.262000 0.720816 
-0.261000 0.705370 
-0.260000 0.689901 
-0.259000 0.674409 
-0.258000 0.658895 
-0.257000 0.643360 
-0.256000 0.627806 
-0.255000 0.612233 
-0.254000 0.596642 
-0.253000 0.581035 
-0.252000 0.565412 
-0.251000 0.549774 
-0.250000 0.534123 
-0.249000 0.518459 
-0.248000 0.502783 
-0.247000 0.487096 
-0.246000 0.471399 
-0.245000 0.455693 
-0.244000 0.439980 
-0.243000 0.424260 
-0.242000 0.408533 
-0.241000 0.392802 
-0.240000 0.377066 
-0.239000 0.361328 
-0.238000 0.345587 
-0.237000 0.329846 
-0.236000 0.314103 
-0.235000 0.298362 
-0.234000 0.282622 
-0.233000 0.266885 
-0.232000 0.251152 
-0.231000 0.235423 
-0.230000 0.219699 
-0.229000 0.203981 
-0.228000 0.188271 
-0.227000 0.172569 
-0.226000 0.156876 
-0.225000 0.141192 
-0.224000 0.125520 
-0.223000 0.109859 
-0.222000 0.094211 
-0.221000 0.078576 
-0.220000 0.062956 
-0.219000 0.047351 
-0.218000 0.031762 
-0.217000 0.016190 
-0.216000 0.000636 
-0.215000 -0.014899 
-0.214000 -0.030415 
-0.213000 -0.045911 
-0.212000 -0.061385 
-0.211000 -0.076837 
-0.210000 -0.092267 
-0.209000 -0.107672 
-0.208000 -0.123054 
-0.207000 -0.138410 
-0.206000 -0.153739 
-0.205000 -0.169042 
-0.204000 -0.184317 
-0.203000 -0.199564 
-0.202000 -0.214781 
-0.201000 -0.229968 
-0.200000 -0.245124 
-0.199000 -0.260249 
-0.198000 -0.275342 
-0.197000 -0.290401 
-0.196000 -0.305426 
-0.195000 -0.320417 
-0.194000 -0.335373 
-0.193000 -0.350292 
-0.192000 -0.365175 
-0.191000 -0.380020 
-0.190000 -0.394827 
-0.189000 -0.409596 
-0.188000 -0.424324 
-0.187000 -0.439013 
-0.186000 -0.453660 
-0.185000 -0.468266 
-0.184000 -0.482829 
-0.183000 -0.497350 
-0.182000 -0.511827 
-0.181000 -0.526259 
-0.180000 -0.540647 
-0.179000 -0.554989 
-0.178000 -0.569285 
-0.177000 -0.583534 
-0.176000 -0.597736 
-0.175000 -0.611890 
-0.174000 -0.625995 
-0.173000 -0.640051 
-0.172000 -0.654058 
-0.171000 -0.668014 
-0.170000 -0.681919 
-0.169000 -0.695772 
-0.168000 -0.709573 
-0.167000 -0.723322 
-0.166000 -0.737018 
-0.165000 -0.750659 
-0.164000 -0.764247 
-0.163000 -0.777780 
-0.162000 -0.791257 
-0.161000 -0.804679 
-0.160000 -0.818044 
-0.159000 -0.831353 
-0.158000 -0.844604 
-0.157000 -0.857797 
-0.156000 -0.870932 
-0.155000 -0.884009 
-0.154000 -0.897026 
-0.153000 -0.909983 
-0.152000 -0.922880 
-0.151000 -0.935717 
-0.150000 -0.948493 
-0.149000 -0.961207 
-0.148000 -0.973859 
-0.147000 -0.986449 
-0.146000 -0.998976 
-0.145000 -1.011440 
-0.144000 -1.023841 
-0.143000 -1.036177 
-0.142000 -1.048449 
-0.141000 -1.060657 
-0.140000 -1.072799 
-0.139000 -1.084876 
-0.138000 -1.096887 
-0.137000 -1.108831 
-0.136000 -1.120710 
-0.135000 -1.132521 
-0.134000 -1.144265 
-0.133000 -1.155941 
-0.132000 -1.167550 
-0.131000 -1.179090 
-0.130000 -1.190562 
-0.129000 -1.201965 
-0.128000 -1.213299 
-0.127000 -1.224563 
-0.126000 -1.235758 
-0.125000 -1.246882 
-0.124000 -1.257937 
-0.123000 -1.268920 
-0.122000 -1.279833 
-0.121000 -1.290675 
-0.120000 -1.301445 
-0.119000 -1.312143 
-0.118000 -1.322770 
-0.117000 -1.333325 
-0.116000 -1.343807 
-0.115000 -1.354217 
-0.114000 -1.364553 
-0.113000 -1.374817 
-0.112000 -1.385007 
-0.111000 -1.395124 
-0.110000 -1.405168 
-0.109000 -1.415137 
-0.108000 -1.425033 
-0.107000 -1.434854 
-0.106000 -1.444600 
-0.105000 -1.454272 
-0.104000 -1.463870 
-0.103000 -1.473392 
-0.102000 -1.482839 
-0.101000 -1.492211 
-0.100000 -1.501508 
-0.099000 -1.510729 
-0.098000 -1.519874 
-0.097000 -1.528943 
-0.096000 -1.537936 
-0.095000 -1.546854 
-0.094000 -1.555694 
-0.093000 -1.564459 
-0.092000 -1.573147 
-0.091000 -1.581758 
-0.090000 -1.590293 
-0.089000 -1.598751 
-0.088000 -1.607132 
-0.087000 -1.615436 
-0.086000 -1.623663 
-0.085000 -1.631812 
-0.084000 -1.639885 
-0.083000 -1.647880 
-0.082000 -1.655797 
-0.081000 -1.663637 
-0.080000 -1.671400 
-0.079000 -1.679085 
-0.078000 -1.686692 
-0.077000 -1.694222 
-0.076000 -1.701673 
-0.075000 -1.709047 
-0.074000 -1.716343 
-0.073000 -1.723561 
-0.072000 -1.730701 
-0.071000 -1.737764 
-0.070000 -1.744748 
-0.069000 -1.751654 
-0.068000 -1.758482 
-0.067000 -1.765232 
-0.066000 -1.771904 
-0.065000 -1.778498 
-0.064000 -1.785013 
-0.063000 -1.791451 
-0.062000 -1.797811 
-0.061000 -1.804092 
-0.060000 -1.810295 
-0.059000 -1.816420 
-0.058000 -1.822468 
-0.057000 -1.828437 
-0.056000 -1.834328 
-0.055000 -1.840141 
-0.054000 -1.845876 
-0.053000 -1.851533 
-0.052000 -1.857112 
-0.051000 -1.862613 
-0.050000 -1.868036 
-0.049000 -1.873382 
-0.048000 -1.878649 
-0.047000 -1.883839 
-0.046000 -1.888951 
-0.045000 -1.893986 
-0.044000 -1.898943 
-0.043000 -1.903822 
-0.042000 -1.908624 
-0.041000 -1.913348 
-0.040000 -1.917995 
-0.039000 -1.922565 
-0.038000 -1.927058 
-0.037000 -1.931473 
-0.036000 -1.935811 
-0.035000 -1.940072 
-0.034000 -1.944256 
-0.033000 -1.948364 
-0.032000 -1.952394 
-0.031000 -1.956348 
-0.030000 -1.960225 
-0.029000 -1.964026 
-0.028000 -1.967750 
-0.027000 -1.971398 
-0.026000 -1.974969 
-0.025000 -1.978465 
-0.024000 -1.981884 
-0.023000 -1.985227 
-0.022000 -1.988494 
-0.021000 -1.991686 
-0.020000 -1.994802 
-0.019000 -1.997842 
-0.018000 -2.000807 
-0.017000 -2.003697 
-0.016000 -2.006511 
-0.015000 -2.009250 
-0.014000 -2.011914 
-0.013000 -2.014503 
-0.012000 -2.017018 
-0.011000 -2.019457 
-0.010000 -2.021822 
-0.009000 -2.024113 
-0.008000 -2.026330 
-0.007000 -2.028472 
-0.006000 -2.030540 
-0.005000 -2.032534 
-0.004000 -2.034455 
-0.003000 -2.036302 
-0.002000 -2.038075 
-0.001000 -2.039775 
-0.000000 -2.041401 
0.001000 -2.042955 
0.002000 -2.044435 
0.003000 -2.045843 
0.004000 -2.047178 
0.005000 -2.048440 
0.006000 -2.049630 
0.007000 -2.050747 
0.008000 -2.051793 
0.009000 -2.052766 
0.010000 -2.053668 
0.011000 -2.054498 
0.012000 -2.055256 
0.013000 -2.055943 
0.014000 -2.056558 
0.015000 -2.057103 
0.016000 -2.057576 
0.017000 -2.057979 
0.018000 -2.058311 
0.019000 -2.058573 
0.020000 -2.058764 
0.021000 -2.058885 
0.022000 -2.058936 
0.023000 -2.058917 
0.024000 -2.058829 
0.025000 -2.058671 
0.026000 -2.058443 
0.027000 -2.058147 
0.028000 -2.057781 
0.029000 -2.057346 
0.030000 -2.056843 
0.031000 -2.056271 
0.032000 -2.055630 
0.033000 -2.054922 
0.034000 -2.054145 
0.035000 -2.053300 
0.036000 -2.052388 
0.037000 -2.051408 
0.038000 -2.050361 
0.039000 -2.049246 
0.040000 -2.048064 
0.041000 -2.046816 
0.042000 -2.045501 
0.043000 -2.044119 
0.044000 -2.042671 
0.045000 -2.041156 
0.046000 -2.039576 
0.047000 -2.037929 
0.048000 -2.036217 
0.049000 -2.034440 
0.050000 -2.032597 
0.051000 -2.030689 
0.052000 -2.028716 
0.053000 -2.026678 
0.054000 -2.024576 
0.055000 -2.022409 
0.056000 -2.020178 
0.057000 -2.017883 
0.058000 -2.015524 
0.059000 -2.013101 
0.060000 -2.010614 
0.061000 -2.008064 
0.062000 -2.005451 
0.063000 -2.002775 
0.064000 -2.000036 
0.065000 -1.997235 
0.066000 -1.994371 
0.067000 -1.991444 
0.068000 -1.988456 
0.069000 -1.985405 
0.070000 -1.982293 
0.071000 -1.979120 
0.072000 -1.975884 
0.073000 -1.972588 
0.074000 -1.969231 
0.075000 -1.965813 
0.076000 -1.962334 
0.077000 -1.958794 
0.078000 -1.955195 
0.079000 -1.951535 
0.080000 -1.947815 
0.081000 -1.944036 
0.082000 -1.940197 
0.083000 -1.936299 
0.084000 -1.932341 
0.085000 -1.928325 
0.086000 -1.924250 
0.087000 -1.920116 
0.088000 -1.915923 
0.089000 -1.911673 
0.090000 -1.907364 
0.091000 -1.902998 
0.092000 -1.898573 
0.093000 -1.894092 
0.094000 -1.889553 
0.095000 -1.884957 
0.096000 -1.880303 
0.097000 -1.875594 
0.098000 -1.870827 
0.099000 -1.866004 
0.100000 -1.861125 
0.101000 -1.856190 
0.102000 -1.851199 
0.103000 -1.846153 
0.104000 -1.841051 
0.105000 -1.835894 
0.106000 -1.830682 
0.107000 -1.825414 
0.108000 -1.820093 
0.109000 -1.814716 
0.110000 -1.809286 
0.111000 -1.803801 
0.112000 -1.798262 
0.113000 -1.792670 
0.114000 -1.787024 
0.115000 -1.781324 
0.116000 -1.775572 
0.117000 -1.769766 
0.118000 -1.763908 
0.119000 -1.757997 
0.120000 -1.752034 
0.121000 -1.746018 
0.122000 -1.739951 
0.123000 -1.733831 
0.124000 -1.727660 
0.125000 -1.721438 
0.126000 -1.715164 
0.127000 -1.708839 
0.128000 -1.702463 
0.129000 -1.696037 
0.130000 -1.689560 
0.131000 -1.683032 
0.132000 -1.676455 
0.133000 -1.669827 
0.134000 -1.663150 
0.135000 -1.656423 
0.136000 -1.649647 
0.137000 -1.642822 
0.138000 -1.635948 
0.139000 -1.629025 
0.140000 -1.622053 
0.141000 -1.615033 
0.142000 -1.607965 
0.143000 -1.600849 
0.144000 -1.593685 
0.145000 -1.586473 
0.146000 -1.579214 
0.147000 -1.571907 
0.148000 -1.564554 
0.149000 -1.557154 
0.150000 -1.549707 
0.151000 -1.542213 
0.152000 -1.534674 
0.153000 -1.527088 
0.154000 -1.519456 
0.155000 -1.511779 
0.156000 -1.504056 
0.157000 -1.496288 
0.158000 -1.488475 
0.159000 -1.480617 
0.160000 -1.472714 
0.161000 -1.464766 
0.162000 -1.456775 
0.163000 -1.448739 
0.164000 -1.440659 
0.165000 -1.432535 
0.166000 -1.424368 
0.167000 -1.416158 
0.168000 -1.407904 
0.169000 -1.399608 
0.170000 -1.391269 
0.171000 -1.382887 
0.172000 -1.374463 
0.173000 -1.365997 
0.174000 -1.357488 
0.175000 -1.348938 
0.176000 -1.340347 
0.177000 -1.331714 
0.178000 -1.323040 
0.179000 -1.314325 
0.180000 -1.305569 
0.181000 -1.296773 
0.182000 -1.287936 
0.183000 -1.279059 
0.184000 -1.270143 
0.185000 -1.261186 
0.186000 -1.252190 
0.187000 -1.243155 
0.188000 -1.234080 
0.189000 -1.224967 
0.190000 -1.215815 
0.191000 -1.206624 
0.192000 -1.197395 
0.193000 -1.188128 
0.194000 -1.178823 
0.195000 -1.169480 
0.196000 -1.160100 
0.197000 -1.150682 
0.198000 -1.141228 
0.199000 -1.131736 
0.200000 -1.122208 
0.201000 -1.112644 
0.202000 -1.103043 
0.203000 -1.093406 
0.204000 -1.083733 
0.205000 -1.074025 
0.206000 -1.064281 
0.207000 -1.054502 
0.208000 -1.044688 
0.209000 -1.034840 
0.210000 -1.024956 
0.211000 -1.015039 
0.212000 -1.005087 
0.213000 -0.995102 
0.214000 -0.985082 
0.215000 -0.975029 
0.216000 -0.964943 
0.217000 -0.954824 
0.218000 -0.944672 
0.219000 -0.934488 
0.220000 -0.924271 
0.221000 -0.914022 
0.222000 -0.903740 
0.223000 -0.893428 
0.224000 -0.883083 
0.225000 -0.872707 
0.226000 -0.862301 
0.227000 -0.851863 
0.228000 -0.841395 
0.229000 -0.830896 
0.230000 -0.820367 
0.231000 -0.809809 
0.232000 -0.799220 
0.233000 -0.788602 
0.234000 -0.777955 
0.235000 -0.767279 
0.236000 -0.756574 
0.237000 -0.745840 
0.238000 -0.735078 
0.239000 -0.724288 
0.240000 -0.713470 
0.241000 -0.702624 
0.242000 -0.691751 
0.243000 -0.680850 
0.244000 -0.669923 
0.245000 -0.658969 
0.246000 -0.647989 
0.247000 -0.636982 
0.248000 -0.625949 
0.249000 -0.614891 
0.250000 -0.603807 
0.251000 -0.592697 
0.252000 -0.581563 
0.253000 -0.570404 
0.254000 -0.559220 
0.255000 -0.548012 
0.256000 -0.536780 
0.257000 -0.525524 
0.258000 -0.514245 
0.259000 -0.502942 
0.260000 -0.491616 
0.261000 -0.480268 
0.262000 -0.468897 
0.263000 -0.457503 
0.264000 -0.446088 
0.265000 -0.434650 
0.266000 -0.423192 
0.267000 -0.411711 
0.268000 -0.400210 
0.269000 -0.388688 
0.270000 -0.377146 
0.271000 -0.365583 
0.272000 -0.354001 
0.273000 -0.342398 
0.274000 -0.330776 
0.275000 -0.319135 
0.276000 -0.307475 
0.277000 -0.295797 
0.278000 -0.284100 
0.279000 -0.272385 
0.280000 -0.260652 
0.281000 -0.248901 
0.282000 -0.237133 
0.283000 -0.225349 
0.284000 -0.213547 
0.285000 -0.201729 
0.286000 -0.189895 
0.287000 -0.178045 
0.288000 -0.166179 
0.289000 -0.154298 
0.290000 -0.142402 
0.291000 -0.130491 
0.292000 -0.118566 
0.293000 -0.106626 
0.294000 -0.094673 
0.295000 -0.082706 
0.296000 -0.070725 
0.297000 -0.058732 
0.298000 -0.046726 
0.299000 -0.034707 
0.300000 -0.022676 
0.301000 -0.010634 
0.302000 0.001420 
0.303000 0.013485 
0.304000 0.025562 
0.305000 0.037649 
0.306000 0.049746 
0.307000 0.061853 
0.308000 0.073970 
0.309000 0.086096 
0.310000 0.098231 
0.311000 0.110375 
0.312000 0.122528 
0.313000 0.134688 
0.314000 0.146857 
0.315000 0.159033 
0.316000 0.171216 
0.317000 0.183406 
0.318000 0.195602 
0.319000 0.207805 
0.320000 0.220013 
0.321000 0.232227 
0.322000 0.244447 
0.323000 0.256671 
0.324000 0.268899 
0.325000 0.281132 
0.326000 0.293369 
0.327000 0.305609 
0.328000 0.317852 
0.329000 0.330098 
0.330000 0.342347 
0.331000 0.354597 
0.332000 0.366850 
0.333000 0.379104 
0.334000 0.391359 
0.335000 0.403614 
0.336000 0.415871 
0.337000 0.428127 
0.338000 0.440382 
0.339000 0.452637 
0.340000 0.464891 
0.341000 0.477144 
0.342000 0.489395 
0.343000 0.501643 
0.344000 0.513889 
0.345000 0.526132 
0.346000 0.538372 
0.347000 0.550608 
0.348000 0.562840 
0.349000 0.575068 
0.350000 0.587290 
0.351000 0.599508 
0.352000 0.611720 
0.353000 0.623926 
0.354000 0.636126 
0.355000 0.648319 
0.356000 0.660504 
0.357000 0.672683 
0.358000 0.684853 
0.359000 0.697015 
0.360000 0.709168 
0.361000 0.721312 
0.362000 0.733447 
0.363000 0.745571 
0.364000 0.757685 
0.365000 0.769789 
0.366000 0.781881 
0.367000 0.793962 
0.368000 0.806030 
0.369000 0.818087 
0.370000 0.830130 
0.371000 0.842160 
0.372000 0.854176 
0.373000 0.866179 
0.374000 0.878166 
0.375000 0.890139 
0.376000 0.902096 
0.377000 0.914037 
0.378000 0.925962 
0.379000 0.937871 
0.380000 0.949762 
0.381000 0.961635 
0.382000 0.973491 
0.383000 0.985328 
0.384000 0.997145 
0.385000 1.008944 
0.386000 1.020723 
0.387000 1.032481 
0.388000 1.044218 
0.389000 1.055935 
0.390000 1.067629 
0.391000 1.079302 
0.392000 1.090951 
0.393000 1.102578 
0.394000 1.114181 
0.395000 1.125760 
0.396000 1.137315 
0.397000 1.148844 
0.398000 1.160348 
0.399000 1.171826 
0.400000 1.183278 
0.401000 1.194702 
0.402000 1.206100 
0.403000 1.217469 
0.404000 1.228810 
0.405000 1.240122 
0.406000 1.251405 
0.407000 1.262658 
0.408000 1.273881 
0.409000 1.285073 
0.410000 1.296233 
0.411000 1.307361 
0.412000 1.318458 
0.413000 1.329521 
0.414000 1.340551 
0.415000 1.351547 
0.416000 1.362508 
0.417000 1.373435 
0.418000 1.384326 
0.419000 1.395182 
0.420000 1.406001 
0.421000 1.416783 
0.422000 1.427527 
0.423000 1.438233 
0.424000 1.448901 
0.425000 1.459530 
0.426000 1.470119 
0.427000 1.480668 
0.428000 1.491176 
0.429000 1.501643 
0.430000 1.512069 
0.431000 1.522452 
0.432000 1.532792 
0.433000 1.543089 
0.434000 1.553342 
0.435000 1.563550 
0.436000 1.573714 
0.437000 1.583832 
0.438000 1.593903 
0.439000 1.603929 
0.440000 1.613907 
0.441000 1.623837 
0.442000 1.633719 
0.443000 1.643552 
0.444000 1.653336 
0.445000 1.663070 
0.446000 1.672753 
0.447000 1.682385 
0.448000 1.691966 
0.449000 1.701495 
0.450000 1.710970 
0.451000 1.720393 
0.452000 1.729761 
0.453000 1.739075 
0.454000 1.748334 
0.455000 1.757538 
0.456000 1.766685 
0.457000 1.775776 
0.458000 1.784809 
0.459000 1.793785 
0.460000 1.802702 
0.461000 1.811560 
0.462000 1.820358 
0.463000 1.829097 
0.464000 1.837774 
0.465000 1.846391 
0.466000 1.854945 
0.467000 1.863438 
0.468000 1.871867 
0.469000 1.880232 
0.470000 1.888534 
0.471000 1.896771 
0.472000 1.904942 
0.473000 1.913048 
0.474000 1.921087 
0.475000 1.929059 
0.476000 1.936963 
0.477000 1.944800 
0.478000 1.952567 
0.479000 1.960266 
0.480000 1.967894 
0.481000 1.975452 
0.482000 1.982939 
0.483000 1.990354 
0.484000 1.997698 
0.485000 2.004968 
0.486000 2.012165 
0.487000 2.019288 
0.488000 2.026337 
0.489000 2.033311 
0.490000 2.040209 
0.491000 2.047031 
0.492000 2.053776 
0.493000 2.060444 
0.494000 2.067035 
0.495000 2.073546 
0.496000 2.079979 
0.497000 2.086332 
0.498000 2.092606 
0.499000 2.098798 
0.500000 2.104910 
0.501000 2.110939 
0.502000 2.116887 
0.503000 2.122751 
0.504000 2.128532 
0.505000 2.134229 
0.506000 2.139842 
0.507000 2.145370 
0.508000 2.150812 
0.509000 2.156168 
0.510000 2.161437 
0.511000 2.166620 
0.512000 2.171714 
0.513000 2.176721 
0.514000 2.181638 
0.515000 2.186467 
0.516000 2.191205 
0.517000 2.195853 
0.518000 2.200411 
0.519000 2.204877 
0.520000 2.209252 
0.521000 2.213534 
0.522000 2.217723 
0.523000 2.221819 
0.524000 2.225821 
0.525000 2.229729 
0.526000 2.233542 
0.527000 2.237260 
0.528000 2.240882 
0.529000 2.244408 
0.530000 2.247837 
0.531000 2.251169 
0.532000 2.254403 
0.533000 2.257539 
0.534000 2.260577 
0.535000 2.263516 
0.536000 2.266356 
0.537000 2.269095 
0.538000 2.271734 
0.539000 2.274273 
0.540000 2.276710 
0.541000 2.279046 
0.542000 2.281280 
0.543000 2.283412 
0.544000 2.285441 
0.545000 2.287366 
0.546000 2.289188 
0.547000 2.290906 
0.548000 2.292520 
0.549000 2.294029 
0.550000 2.295433 
0.551000 2.296731 
0.552000 2.297924 
0.553000 2.299010 
0.554000 2.299990 
0.555000 2.300863 
0.556000 2.301629 
0.557000 2.302287 
0.558000 2.302838 
0.559000 2.303280 
0.560000 2.303614 
0.561000 2.303839 
0.562000 2.303955 
0.563000 2.303962 
0.564000 2.303859 
0.565000 2.303647 
0.566000 2.303324 
0.567000 2.302890 
0.568000 2.302347 
0.569000 2.301692 
0.570000 2.300926 
0.571000 2.300048 
0.572000 2.299059 
0.573000 2.297959 
0.574000 2.296746 
0.575000 2.295421 
0.576000 2.293984 
0.577000 2.292434 
0.578000 2.290771 
0.579000 2.288996 
0.580000 2.287107 
0.581000 2.285105 
0.582000 2.282990 
0.583000 2.280762 
0.584000 2.278419 
0.585000 2.275963 
0.586000 2.273394 
0.587000 2.270710 
0.588000 2.267913 
0.589000 2.265001 
0.590000 2.261975 
0.591000 2.258835 
0.592000 2.255581 
0.593000 2.252213 
0.594000 2.248730 
0.595000 2.245133 
0.596000 2.241422 
0.597000 2.237596 
0.598000 2.233656 
0.599000 2.229601 
0.600000 2.225433 
0.601000 2.221150 
0.602000 2.216753 
0.603000 2.212242 
0.604000 2.207616 
0.605000 2.202877 
0.606000 2.198024 
0.607000 2.193057 
0.608000 2.187976 
0.609000 2.182782 
0.610000 2.177474 
0.611000 2.172053 
0.612000 2.166518 
0.613000 2.160871 
0.614000 2.155110 
0.615000 2.149238 
0.616000 2.143252 
0.617000 2.137154 
0.618000 2.130944 
0.619000 2.124623 
0.620000 2.118189 
0.621000 2.111645 
0.622000 2.104989 
0.623000 2.098222 
0.624000 2.091344 
0.625000 2.084356 
0.626000 2.077258 
0.627000 2.070051 
0.628000 2.062734 
0.629000 2.055307 
0.630000 2.047772 
0.631000 2.040129 
0.632000 2.032377 
0.633000 2.024517 
0.634000 2.016551 
0.635000 2.008477 
0.636000 2.000297 
0.637000 1.992010 
0.638000 1.983618 
0.639000 1.975120 
0.640000 1.966517 
0.641000 1.957810 
0.642000 1.948999 
0.643000 1.940084 
0.644000 1.931067 
0.645000 1.921946 
0.646000 1.912724 
0.647000 1.903400 
0.648000 1.893975 
0.649000 1.884449 
0.650000 1.874823 
0.651000 1.865098 
0.652000 1.855274 
0.653000 1.845351 
0.654000 1.835331 
0.655000 1.825213 
0.656000 1.814999 
0.657000 1.804689 
0.658000 1.794283 
0.659000 1.783783 
0.660000 1.773188 
0.661000 1.762500 
0.662000 1.751719 
0.663000 1.740846 
0.664000 1.729881 
0.665000 1.718825 
0.666000 1.707679 
0.667000 1.696444 
0.668000 1.685119 
0.669000 1.673707 
0.670000 1.662207 
0.671000 1.650621 
0.672000 1.638948 
0.673000 1.627190 
0.674000 1.615348 
0.675000 1.603422 
0.676000 1.591414 
0.677000 1.579323 
0.678000 1.567150 
0.679000 1.554897 
0.680000 1.542564 
0.681000 1.530152 
0.682000 1.517662 
0.683000 1.505095 
0.684000 1.492451 
0.685000 1.479731 
0.686000 1.466936 
0.687000 1.454067 
0.688000 1.441125 
0.689000 1.428110 
0.690000 1.415024 
0.691000 1.401868 
0.692000 1.388641 
0.693000 1.375346 
0.694000 1.361982 
0.695000 1.348552 
0.696000 1.335055 
0.697000 1.321493 
0.698000 1.307866 
0.699000 1.294176 
0.700000 1.280423 
0.701000 1.266609 
0.702000 1.252733 
0.703000 1.238798 
0.704000 1.224804 
0.705000 1.210752 
0.706000 1.196643 
0.707000 1.182478 
0.708000 1.168258 
0.709000 1.153983 
0.710000 1.139655 
0.711000 1.125275 
0.712000 1.110844 
0.713000 1.096362 
0.714000 1.081831 
0.715000 1.067251 
0.716000 1.052624 
0.717000 1.037950 
0.718000 1.023231 
0.719000 1.008468 
0.720000 0.993661 
0.721000 0.978811 
0.722000 0.963920 
0.723000 0.948988 
0.724000 0.934016 
0.725000 0.919006 
0.726000 0.903959 
0.727000 0.888874 
0.728000 0.873755 
0.729000 0.858600 
0.730000 0.843412 
0.731000 0.828191 
0.732000 0.812939 
0.733000 0.797656 
0.734000 0.782343 
0.735000 0.767002 
0.736000 0.751633 
0.737000 0.736237 
0.738000 0.720816 
0.739000 0.705370 
0.740000 0.689901 
0.741000 0.674409 
0.742000 0.658895 
0.743000 0.643360 
0.744000 0.627806 
0.745000 0.612233 
0.746000 0.596642 
0.747000 0.581035 
0.748000 0.565412 
0.749000 0.549774 
0.750000 0.534123 
0.751000 0.518459 
0.752000 0.502783 
0.753000 0.487096 
0.754000 0.471399 
0.755000 0.455693 
0.756000 0.439980 
0.757000 0.424260 
0.758000 0.408533 
0.759000 0.392802 
0.760000 0.377066 
0.761000 0.361328 
0.762000 0.345587 
0.763000 0.329846 
0.764000 0.314103 
0.765000 0.298362 
0.766000 0.282622 
0.767000 0.266885 
0.768000 0.251152 
0.769000 0.235423 
0.770000 0.219699 
0.771000 0.203981 
0.772000 0.188271 
0.773000 0.172569 
0.774000 0.156876 
0.775000 0.141192 
0.776000 0.125520 
0.777000 0.109859 
0.778000 0.094211 
0.779000 0.078576 
0.780000 0.062956 
0.781000 0.047351 
0.782000 0.031762 
0.783000 0.016190 
0.784000 0.000636 
0.785000 -0.014899 
0.786000 -0.030415 
0.787000 -0.045911 
0.788000 -0.061385 
0.789000 -0.076837 
0.790000 -0.092267 
0.791000 -0.107672 
0.792000 -0.123054 
0.793000 -0.138410 
0.794000 -0.153739 
0.795000 -0.169042 
0.796000 -0.184317 
0.797000 -0.199564 
0.798000 -0.214781 
0.799000 -0.229968 
0.800000 -0.245124 
0.801000 -0.260249 
0.802000 -0.275342 
0.803000 -0.290401 
0.804000 -0.305426 
0.805000 -0.320417 
0.806000 -0.335373 
0.807000 -0.350292 
0.808000 -0.365175 
0.809000 -0.380020 
0.810000 -0.394827 
0.811000 -0.409596 
0.812000 -0.424324 
0.813000 -0.439013 
0.814000 -0.453660 
0.815000 -0.468266 
0.816000 -0.482829 
0.817000 -0.497350 
0.818000 -0.511827 
0.819000 -0.526259 
0.820000 -0.540647 
0.821000 -0.554989 
0.822000 -0.569285 
0.823000 -0.583534 
0.824000 -0.597736 
0.825000 -0.611890 
0.826000 -0.625995 
0.827000 -0.640051 
0.828000 -0.654058 
0.829000 -0.668014 
0.830000 -0.681919 
0.831000 -0.695772 
0.832000 -0.709573 
0.833000 -0.723322 
0.834000 -0.737018 
0.835000 -0.750659 
0.836000 -0.764247 
0.837000 -0.777780 
0.838000 -0.791257 
0.839000 -0.804679 
0.840000 -0.818044 
0.841000 -0.831353 
0.842000 -0.844604 
0.843000 -0.857797 
0.844000 -0.870932 
0.845000 -0.884009 
0.846000 -0.897026 
0.847000 -0.909983 
0.848000 -0.922880 
0.849000 -0.935717 
0.850000 -0.948493 
0.851000 -0.961207 
0.852000 -0.973859 
0.853000 -0.986449 
0.854000 -0.998976 
0.855000 -1.011440 
0.856000 -1.023841 
0.857000 -1.036177 
0.858000 -1.048449 
0.859000 -1.060657 
0.860000 -1.072799 
0.861000 -1.084876 
0.862000 -1.096887 
0.863000 -1.108831 
0.864000 -1.120710 
0.865000 -1.132521 
0.866000 -1.144265 
0.867000 -1.155941 
0.868000 -1.167550 
0.869000 -1.179090 
0.870000 -1.190562 
0.871000 -1.201965 
0.872000 -1.213299 
0.873000 -1.224563 
0.874000 -1.235758 
0.875000 -1.246882 
0.876000 -1.257937 
0.877000 -1.268920 
0.878000 -1.279833 
0.879000 -1.290675 
0.880000 -1.301445 
0.881000 -1.312143 
0.882000 -1.322770 
0.883000 -1.333325 
0.884000 -1.343807 
0.885000 -1.354217 
0.886000 -1.364553 
0.887000 -1.374817 
0.888000 -1.385007 
0.889000 -1.395124 
0.890000 -1.405168 
0.891000 -1.415137 
0.892000 -1.425033 
0.893000 -1.434854 
0.894000 -1.444600 
0.895000 -1.454272 
0.896000 -1.463870 
0.897000 -1.473392 
0.898000 -1.482839 
0.899000 -1.492211 
0.900000 -1.501508 
0.901000 -1.510729 
0.902000 -1.519874 
0.903000 -1.528943 
0.904000 -1.537936 
0.905000 -1.546854 
0.906000 -1.555694 
0.907000 -1.564459 
0.908000 -1.573147 
0.909000 -1.581758 
0.910000 -1.590293 
0.911000 -1.598751 
0.912000 -1.607132 
0.913000 -1.615436 
0.914000 -1.623663 
0.915000 -1.631812 
0.916000 -1.639885 
0.917000 -1.647880 
0.918000 -1.655797 
0.919000 -1.663637 
0.920000 -1.671400 
0.921000 -1.679085 
0.922000 -1.686692 
0.923000 -1.694222 
0.924000 -1.701673 
0.925000 -1.709047 
0.926000 -1.716343 
0.927000 -1.723561 
0.928000 -1.730701 
0.929000 -1.737764 
0.930000 -1.744748 
0.931000 -1.751654 
0.932000 -1.758482 
0.933000 -1.765232 
0.934000 -1.771904 
0.935000 -1.778498 
0.936000 -1.785013 
0.937000 -1.791451 
0.938000 -1.797811 
0.939000 -1.804092 
0.940000 -1.810295 
0.941000 -1.816420 
0.942000 -1.822468 
0.943000 -1.828437 
0.944000 -1.834328 
0.945000 -1.840141 
0.946000 -1.845876 
0.947000 -1.851533 
0.948000 -1.857112 
0.949000 -1.862613 
0.950000 -1.868036 
0.951000 -1.873382 
0.952000 -1.878649 
0.953000 -1.883839 
0.954000 -1.888951 
0.955000 -1.893986 
0.956000 -1.898943 
0.957000 -1.903822 
0.958000 -1.908624 
0.959000 -1.913348 
0.960000 -1.917995 
0.961000 -1.922565 
0.962000 -1.927058 
0.963000 -1.931473 
0.964000 -1.935811 
0.965000 -1.940072 
0.966000 -1.944256 
0.967000 -1.948364 
0.968000 -1.952394 
0.969000 -1.956348 
0.970000 -1.960225 
0.971000 -1.964026 
0.972000 -1.967750 
0.973000 -1.971398 
0.974000 -1.974969 
0.975000 -1.978465 
0.976000 -1.981884 
0.977000 -1.985227 
0.978000 -1.988494 
0.979000 -1.991686 
0.980000 -1.994802 
0.981000 -1.997842 
0.982000 -2.000807 
0.983000 -2.003697 
0.984000 -2.006511 
0.985000 -2.009250 
0.986000 -2.011914 
0.987000 -2.014503 
0.988000 -2.017018 
0.989000 -2.019457 
0.990000 -2.021822 
0.991000 -2.024113 
0.992000 -2.026330 
0.993000 -2.028472 
0.994000 -2.030540 
0.995000 -2.032534 
0.996000 -2.034455 
0.997000 -2.036302 
0.998000 -2.038075 
0.999000 -2.039775 
1.000000 -2.041401 
1.001000 -2.042955 
1.002000 -2.044435 
1.003000 -2.045843 
1.004000 -2.047178 
1.005000 -2.048440 
1.006000 -2.049630 
1.007000 -2.050747 
1.008000 -2.051793 
1.009000 -2.052766 
1.010000 -2.053668 
1.011000 -2.054498 
1.012000 -2.055256 
1.013000 -2.055943 
1.014000 -2.056558 
1.015000 -2.057103 
1.016000 -2.057576 
1.017000 -2.057979 
1.018000 -2.058311 
1.019000 -2.058573 
1.020000 -2.058764 
1.021000 -2.058885 
1.022000 -2.058936 
1.023000 -2.058917 
1.024000 -2.058829 
1.025000 -2.058671 
1.026000 -2.058443 
1.027000 -2.058147 
1.028000 -2.057781 
1.029000 -2.057346 
1.030000 -2.056843 
1.031000 -2.056271 
1.032000 -2.055630 
1.033000 -2.054922 
1.034000 -2.054145 
1.035000 -2.053300 
1.036000 -2.052388 
1.037000 -2.051408 
1.038000 -2.050361 
1.039000 -2.049246 
1.040000 -2.048064 
1.041000 -2.046816 
1.042000 -2.045501 
1.043000 -2.044119 
1.044000 -2.042671 
1.045000 -2.041156 
1.046000 -2.039576 
1.047000 -2.037929 
1.048000 -2.036217 
1.049000 -2.034440 
1.050000 -2.032597 
1.051000 -2.030689 
1.052000 -2.028716 
1.053000 -2.026678 
1.054000 -2.024576 
1.055000 -2.022409 
1.056000 -2.020178 
1.057000 -2.017883 
1.058000 -2.015524 
1.059000 -2.013101 
1.060000 -2.010614 
1.061000 -2.008064 
1.062000 -2.005451 
1.063000 -2.002775 
1.064000 -2.000036 
1.065000 -1.997235 
1.066000 -1.994371 
1.067000 -1.991444 
1.068000 -1.988456 
1.069000 -1.985405 
1.070000 -1.982293 
1.071000 -1.979120 
1.072000 -1.975884 
1.073000 -1.972588 
1.074000 -1.969231 
1.075000 -1.965813 
1.076000 -1.962334 
1.077000 -1.958794 
1.078000 -1.955195 
1.079000 -1.951535 
1.080000 -1.947815 
1.081000 -1.944036 
1.082000 -1.940197 
1.083000 -1.936299 
1.084000 -1.932341 
1.085000 -1.928325 
1.086000 -1.924250 
1.087000 -1.920116 
1.088000 -1.915923 
1.089000 -1.911673 
1.090000 -1.907364 
1.091000 -1.902998 
1.092000 -1.898573 
1.093000 -1.894092 
1.094000 -1.889553 
1.095000 -1.884957 
1.096000 -1.880303 
1.097000 -1.875594 
1.098000 -1.870827 
1.099000 -1.866004 
1.100000 -1.861125 
1.101000 -1.856190 
1.102000 -1.851199 
1.103000 -1.846153 
1.104000 -1.841051 
1.105000 -1.835894 
1.106000 -1.830682 
1.107000 -1.825414 
1.108000 -1.820093 
1.109000 -1.814716 
1.110000 -1.809286 
1.111000 -1.803801 
1.112000 -1.798262 
1.113000 -1.792670 
1.114000 -1.787024 
1.115000 -1.781324 
1.116000 -1.775572 
1.117000 -1.769766 
1.118000 -1.763908 
1.119000 -1.757997 
1.120000 -1.752034 
1.121000 -1.746018 
1.122000 -1.739951 
1.123000 -1.733831 
1.124000 -1.727660 
1.125000 -1.721438 
1.126000 -1.715164 
1.127000 -1.708839 
1.128000 -1.702463 
1.129000 -1.696037 
1.130000 -1.689560 
1.131000 -1.683032 
1.132000 -1.676455 
1.133000 -1.669827 
1.134000 -1.663150 
1.135000 -1.656423 
1.136000 -1.649647 
1.137000 -1.642822 
1.138000 -1.635948 
1.139000 -1.629025 
1.140000 -1.622053 
1.141000 -1.615033 
1.142000 -1.607965 
1.143000 -1.600849 
1.144000 -1.593685 
1.145000 -1.586473 
1.146000 -1.579214 
1.147000 -1.571907 
1.148000 -1.564554 
1.149000 -1.557154 
1.150000 -1.549707 
1.151000 -1.542213 
1.152000 -1.534674 
1.153000 -1.527088 
1.154000 -1.519456 
1.155000 -1.511779 
1.156000 -1.504056 
1.157000 -1.496288 
1.158000 -1.488475 
1.159000 -1.480617 
1.160000 -1.472714 
1.161000 -1.464766 
1.162000 -1.456775 
1.163000 -1.448739 
1.164000 -1.440659 
1.165000 -1.432535 
1.166000 -1.424368 
1.167000 -1.416158 
1.168000 -1.407904 
1.169000 -1.399608 
1.170000 -1.391269 
1.171000 -1.382887 
1.172000 -1.374463 
1.173000 -1.365997 
1.174000 -1.357488 
1.175000 -1.348938 
1.176000 -1.340347 
1.177000 -1.331714 
1.178000 -1.323040 
1.179000 -1.314325 
1.180000 -1.305569 
1.181000 -1.296773 
1.182000 -1.287936 
1.183000 -1.279059 
1.184000 -1.270143 
1.185000 -1.261186 
1.186000 -1.252190 
1.187000 -1.243155 
1.188000 -1.234080 
1.189000 -1.224967 
1.190000 -1.215815 
1.191000 -1.206624 
1.192000 -1.197395 
1.193000 -1.188128 
1.194000 -1.178823 
1.195000 -1.169480 
1.196000 -1.160100 
1.197000 -1.150682 
1.198000 -1.141228 
1.199000 -1.131736 
1.200000 -1.122208 
1.201000 -1.112644 
1.202000 -1.103043 
1.203000 -1.093406 
1.204000 -1.083733 
1.205000 -1.074025 
1.206000 -1.064281 
1.207000 -1.054502 
1.208000 -1.044688 
1.209000 -1.034840 
1.210000 -1.024956 
1.211000 -1.015039 
1.212000 -1.005087 
1.213000 -0.995102 
1.214000 -0.985082 
1.215000 -0.975029 
1.216000 -0.964943 
1.217000 -0.954824 
1.218000 -0.944672 
1.219000 -0.934488 
1.220000 -0.924271 
1.221000 -0.914022 
1.222000 -0.903740 
1.223000 -0.893428 
1.224000 -0.883083 
1.225000 -0.872707 
1.226000 -0.862301 
1.227000 -0.851863 
1.228000 -0.841395 
1.229000 -0.830896 
1.230000 -0.820367 
1.231000 -0.809809 
1.232000 -0.799220 
1.233000 -0.788602 
1.234000 -0.777955 
1.235000 -0.767279 
1.236000 -0.756574 
1.237000 -0.745840 
1.238000 -0.735078 
1.239000 -0.724288 
1.240000 -0.713470 
1.241000 -0.702624 
1.242000 -0.691751 
1.243000 -0.680850 
1.244000 -0.669923 
1.245000 -0.658969 
1.246000 -0.647989 
1.247000 -0.636982 
1.248000 -0.625949 
1.249000 -0.614891 
1.250000 -0.603807 
1.251000 -0.592697 
1.252000 -0.581563 
1.253000 -0.570404 
1.254000 -0.559220 
1.255000 -0.548012 
1.256000 -0.536780 
1.257000 -0.525524 
1.258000 -0.514245 
1.259000 -0.502942 
1.260000 -0.491616 
1.261000 -0.480268 
1.262000 -0.468897 
1.263000 -0.457503 
1.264000 -0.446088 
1.265000 -0.434650 
1.266000 -0.423192 
1.267000 -0.411711 
1.268000 -0.400210 
1.269000 -0.388688 
1.270000 -0.377146 
1.271000 -0.365583 
1.272000 -0.354001 
1.273000 -0.342398 
1.274000 -0.330776 
1.275000 -0.319135 
1.276000 -0.307475 
1.277000 -0.295797 
1.278000 -0.284100 
1.279000 -0.272385 
1.280000 -0.260652 
1.281000 -0.248901 
1.282000 -0.237133 
1.283000 -0.225349 
1.284000 -0.213547 
1.285000 -0.201729 
1.286000 -0.189895 
1.287000 -0.178045 
1.288000 -0.166179 
1.289000 -0.154298 
1.290000 -0.142402 
1.291000 -0.130491 
1.292000 -0.118566 
1.293000 -0.106626 
1.294000 -0.094673 
1.295000 -0.082706 
1.296000 -0.070725 
1.297000 -0.058732 
1.298000 -0.046726 
1.299000 -0.034707 
1.300000 -0.022676 
1.301000 -0.010634 
1.302000 0.001420 
1.303000 0.013485 
1.304000 0.025562 
1.305000 0.037649 
1.306000 0.049746 
1.307000 0.061853 
1.308000 0.073970 
1.309000 0.086096 
1.310000 0.098231 
1.311000 0.110375 
1.312000 0.122528 
1.313000 0.134688 
1.314000 0.146857 
1.315000 0.159033 
1.316000 0.171216 
1.317000 0.183406 
1.318000 0.195602 
1.319000 0.207805 
1.320000 0.220013 
1.321000 0.232227 
1.322000 0.244447 
1.323000 0.256671 
1.324000 0.268899 
1.325000 0.281132 
1.326000 0.293369 
1.327000 0.305609 
1.328000 0.317852 
1.329000 0.330098 
1.330000 0.342347 
1.331000 0.354597 
1.332000 0.366850 
1.333000 0.379104 
1.334000 0.391359 
1.335000 0.403614 
1.336000 0.415871 
1.337000 0.428127 
1.338000 0.440382 
1.339000 0.452637 
1.340000 0.464891 
1.341000 0.477144 
1.342000 0.489395 
1.343000 0.501643 
1.344000 0.513889 
1.345000 0.526132 
1.346000 0.538372 
1.347000 0.550608 
1.348000 0.562840 
1.349000 0.575068 
1.350000 0.587290 
1.351000 0.599508 
1.352000 0.611720 
1.353000 0.623926 
1.354000 0.636126 
1.355000 0.648319 
1.356000 0.660504 
1.357000 0.672683 
1.358000 0.684853 
1.359000 0.697015 
1.360000 0.709168 
1.361000 0.721312 
1.362000 0.733447 
1.363000 0.745571 
1.364000 0.757685 
1.365000 0.769789 
1.366000 0.781881 
1.367000 0.793962 
1.368000 0.806030 
1.369000 0.818087 
1.370000 0.830130 
1.371000 0.842160 
1.372000 0.854176 
1.373000 0.866179 
1.374000 0.878166 
1.375000 0.890139 
1.376000 0.902096 
1.377000 0.914037 
1.378000 0.925962 
1.379000 0.937871 
1.380000 0.949762 
1.381000 0.961635 
1.382000 0.973491 
1.383000 0.985328 
1.384000 0.997145 
1.385000 1.008944 
1.386000 1.020723 
1.387000 1.032481 
1.388000 1.044218 
1.389000 1.055935 
1.390000 1.067629 
1.391000 1.079302 
1.392000 1.090951 
1.393000 1.102578 
1.394000 1.114181 
1.395000 1.125760 
1.396000 1.137315 
1.397000 1.148844 
1.398000 1.160348 
1.399000 1.171826 
1.400000 1.183278 
1.401000 1.194702 
1.402000 1.206100 
1.403000 1.217469 
1.404000 1.228810 
1.405000 1.240122 
1.406000 1.251405 
1.407000 1.262658 
1.408000 1.273881 
1.409000 1.285073 
1.410000 1.296233 
1.411000 1.307361 
1.412000 1.318458 
1.413000 1.329521 
1.414000 1.340551 
1.415000 1.351547 
1.416000 1.362508 
1.417000 1.373435 
1.418000 1.384326 
1.419000 1.395182 
1.420000 1.406001 
1.421000 1.416783 
1.422000 1.427527 
1.423000 1.438233 
1.424000 1.448901 
1.425000 1.459530 
1.426000 1.470119 
1.427000 1.480668 
1.428000 1.491176 
1.429000 1.501643 
1.430000 1.512069 
1.431000 1.522452 
1.432000 1.532792 
1.433000 1.543089 
1.434000 1.553342 
1.435000 1.563550 
1.436000 1.573714 
1.437000 1.583832 
1.438000 1.593903 
1.439000 1.603929 
1.440000 1.613907 
1.441000 1.623837 
1.442000 1.633719 
1.443000 1.643552 
1.444000 1.653336 
1.445000 1.663070 
1.446000 1.672753 
1.447000 1.682385 
1.448000 1.691966 
1.449000 1.701495 
1.450000 1.710970 
1.451000 1.720393 
1.452000 1.729761 
1.453000 1.739075 
1.454000 1.748334 
1.455000 1.757538 
1.456000 1.766685 
1.457000 1.775776 
1.458000 1.784809 
1.459000 1.793785 
1.460000 1.802702 
1.461000 1.811560 
1.462000 1.820358 
1.463000 1.829097 
1.464000 1.837774 
1.465000 1.846391 
1.466000 1.854945 
1.467000 1.863438 
1.468000 1.871867 
1.469000 1.880232 
1.470000 1.888534 
1.471000 1.896771 
1.472000 1.904942 
1.473000 1.913048 
1.474000 1.921087 
1.475000 1.929059 
1.476000 1.936963 
1.477000 1.944800 
1.478000 1.952567 
1.479000 1.960266 
1.480000 1.967894 
1.481000 1.975452 
1.482000 1.982939 
1.483000 1.990354 
1.484000 1.997698 
1.485000 2.004968 
1.486000 2.012165 
1.487000 2.019288 
1.488000 2.026337 
1.489000 2.033311 
1.490000 2.040209 
1.491000 2.047031 
1.492000 2.053776 
1.493000 2.060444 
1.494000 2.067035 
1.495000 2.073546 
1.496000 2.079979 
1.497000 2.086332 
1.498000 2.092606 
1.499000 2.098798 
