# Tref_folded model 
-1.500000 0.242406 
-1.499000 0.250084 
-1.498000 0.257768 
-1.497000 0.265457 
-1.496000 0.273152 
-1.495000 0.280852 
-1.494000 0.288557 
-1.493000 0.296268 
-1.492000 0.303984 
-1.491000 0.311706 
-1.490000 0.319433 
-1.489000 0.327165 
-1.488000 0.334903 
-1.487000 0.342647 
-1.486000 0.350396 
-1.485000 0.358150 
-1.484000 0.365910 
-1.483000 0.373676 
-1.482000 0.381447 
-1.481000 0.389223 
-1.480000 0.397005 
-1.479000 0.404793 
-1.478000 0.412586 
-1.477000 0.420385 
-1.476000 0.428190 
-1.475000 0.436000 
-1.474000 0.443815 
-1.473000 0.451637 
-1.472000 0.459464 
-1.471000 0.467296 
-1.470000 0.475134 
-1.469000 0.482978 
-1.468000 0.490828 
-1.467000 0.498683 
-1.466000 0.506544 
-1.465000 0.514410 
-1.464000 0.522283 
-1.463000 0.530161 
-1.462000 0.538044 
-1.461000 0.545934 
-1.460000 0.553829 
-1.459000 0.561729 
-1.458000 0.569636 
-1.457000 0.577548 
-1.456000 0.585466 
-1.455000 0.593390 
-1.454000 0.601319 
-1.453000 0.609254 
-1.452000 0.617195 
-1.451000 0.625142 
-1.450000 0.633094 
-1.449000 0.641052 
-1.448000 0.649016 
-1.447000 0.656986 
-1.446000 0.664961 
-1.445000 0.672942 
-1.444000 0.680929 
-1.443000 0.688922 
-1.442000 0.696920 
-1.441000 0.704924 
-1.440000 0.712934 
-1.439000 0.720949 
-1.438000 0.728970 
-1.437000 0.736997 
-1.436000 0.745030 
-1.435000 0.753068 
-1.434000 0.761113 
-1.433000 0.769162 
-1.432000 0.777218 
-1.431000 0.785279 
-1.430000 0.793346 
-1.429000 0.801418 
-1.428000 0.809496 
-1.427000 0.817580 
-1.426000 0.825670 
-1.425000 0.833765 
-1.424000 0.841865 
-1.423000 0.849971 
-1.422000 0.858083 
-1.421000 0.866201 
-1.420000 0.874323 
-1.419000 0.882452 
-1.418000 0.890586 
-1.417000 0.898725 
-1.416000 0.906870 
-1.415000 0.915020 
-1.414000 0.923176 
-1.413000 0.931337 
-1.412000 0.939504 
-1.411000 0.947676 
-1.410000 0.955853 
-1.409000 0.964036 
-1.408000 0.972224 
-1.407000 0.980417 
-1.406000 0.988615 
-1.405000 0.996819 
-1.404000 1.005027 
-1.403000 1.013241 
-1.402000 1.021460 
-1.401000 1.029684 
-1.400000 1.037913 
-1.399000 1.046147 
-1.398000 1.054386 
-1.397000 1.062630 
-1.396000 1.070879 
-1.395000 1.079132 
-1.394000 1.087391 
-1.393000 1.095654 
-1.392000 1.103922 
-1.391000 1.112194 
-1.390000 1.120471 
-1.389000 1.128753 
-1.388000 1.137039 
-1.387000 1.145330 
-1.386000 1.153625 
-1.385000 1.161924 
-1.384000 1.170228 
-1.383000 1.178536 
-1.382000 1.186848 
-1.381000 1.195164 
-1.380000 1.203484 
-1.379000 1.211808 
-1.378000 1.220136 
-1.377000 1.228468 
-1.376000 1.236803 
-1.375000 1.245143 
-1.374000 1.253485 
-1.373000 1.261832 
-1.372000 1.270181 
-1.371000 1.278535 
-1.370000 1.286891 
-1.369000 1.295251 
-1.368000 1.303613 
-1.367000 1.311979 
-1.366000 1.320348 
-1.365000 1.328719 
-1.364000 1.337094 
-1.363000 1.345470 
-1.362000 1.353850 
-1.361000 1.362232 
-1.360000 1.370616 
-1.359000 1.379002 
-1.358000 1.387390 
-1.357000 1.395781 
-1.356000 1.404173 
-1.355000 1.412567 
-1.354000 1.420962 
-1.353000 1.429359 
-1.352000 1.437757 
-1.351000 1.446157 
-1.350000 1.454557 
-1.349000 1.462959 
-1.348000 1.471361 
-1.347000 1.479764 
-1.346000 1.488168 
-1.345000 1.496571 
-1.344000 1.504975 
-1.343000 1.513379 
-1.342000 1.521783 
-1.341000 1.530187 
-1.340000 1.538590 
-1.339000 1.546992 
-1.338000 1.555393 
-1.337000 1.563794 
-1.336000 1.572193 
-1.335000 1.580591 
-1.334000 1.588987 
-1.333000 1.597382 
-1.332000 1.605774 
-1.331000 1.614165 
-1.330000 1.622552 
-1.329000 1.630937 
-1.328000 1.639320 
-1.327000 1.647699 
-1.326000 1.656075 
-1.325000 1.664447 
-1.324000 1.672815 
-1.323000 1.681180 
-1.322000 1.689540 
-1.321000 1.697895 
-1.320000 1.706246 
-1.319000 1.714591 
-1.318000 1.722931 
-1.317000 1.731265 
-1.316000 1.739594 
-1.315000 1.747916 
-1.314000 1.756231 
-1.313000 1.764540 
-1.312000 1.772841 
-1.311000 1.781135 
-1.310000 1.789421 
-1.309000 1.797699 
-1.308000 1.805968 
-1.307000 1.814228 
-1.306000 1.822480 
-1.305000 1.830721 
-1.304000 1.838953 
-1.303000 1.847174 
-1.302000 1.855384 
-1.301000 1.863583 
-1.300000 1.871771 
-1.299000 1.879947 
-1.298000 1.888110 
-1.297000 1.896261 
-1.296000 1.904398 
-1.295000 1.912521 
-1.294000 1.920631 
-1.293000 1.928725 
-1.292000 1.936805 
-1.291000 1.944869 
-1.290000 1.952917 
-1.289000 1.960948 
-1.288000 1.968962 
-1.287000 1.976959 
-1.286000 1.984937 
-1.285000 1.992896 
-1.284000 2.000836 
-1.283000 2.008757 
-1.282000 2.016656 
-1.281000 2.024535 
-1.280000 2.032392 
-1.279000 2.040227 
-1.278000 2.048039 
-1.277000 2.055827 
-1.276000 2.063591 
-1.275000 2.071330 
-1.274000 2.079043 
-1.273000 2.086731 
-1.272000 2.094391 
-1.271000 2.102023 
-1.270000 2.109627 
-1.269000 2.117201 
-1.268000 2.124746 
-1.267000 2.132260 
-1.266000 2.139742 
-1.265000 2.147191 
-1.264000 2.154608 
-1.263000 2.161990 
-1.262000 2.169337 
-1.261000 2.176648 
-1.260000 2.183923 
-1.259000 2.191159 
-1.258000 2.198357 
-1.257000 2.205516 
-1.256000 2.212634 
-1.255000 2.219710 
-1.254000 2.226743 
-1.253000 2.233733 
-1.252000 2.240678 
-1.251000 2.247578 
-1.250000 2.254430 
-1.249000 2.261235 
-1.248000 2.267990 
-1.247000 2.274695 
-1.246000 2.281348 
-1.245000 2.287949 
-1.244000 2.294495 
-1.243000 2.300987 
-1.242000 2.307422 
-1.241000 2.313799 
-1.240000 2.320117 
-1.239000 2.326374 
-1.238000 2.332570 
-1.237000 2.338702 
-1.236000 2.344770 
-1.235000 2.350771 
-1.234000 2.356705 
-1.233000 2.362570 
-1.232000 2.368364 
-1.231000 2.374085 
-1.230000 2.379733 
-1.229000 2.385306 
-1.228000 2.390801 
-1.227000 2.396217 
-1.226000 2.401553 
-1.225000 2.406807 
-1.224000 2.411976 
-1.223000 2.417060 
-1.222000 2.422056 
-1.221000 2.426962 
-1.220000 2.431777 
-1.219000 2.436498 
-1.218000 2.441124 
-1.217000 2.445652 
-1.216000 2.450082 
-1.215000 2.454409 
-1.214000 2.458633 
-1.213000 2.462751 
-1.212000 2.466761 
-1.211000 2.470661 
-1.210000 2.474449 
-1.209000 2.478122 
-1.208000 2.481678 
-1.207000 2.485114 
-1.206000 2.488429 
-1.205000 2.491619 
-1.204000 2.494683 
-1.203000 2.497617 
-1.202000 2.500420 
-1.201000 2.503088 
-1.200000 2.505619 
-1.199000 2.508011 
-1.198000 2.510260 
-1.197000 2.512364 
-1.196000 2.514320 
-1.195000 2.516125 
-1.194000 2.517777 
-1.193000 2.519272 
-1.192000 2.520608 
-1.191000 2.521782 
-1.190000 2.522790 
-1.189000 2.523629 
-1.188000 2.524297 
-1.187000 2.524790 
-1.186000 2.525106 
-1.185000 2.525240 
-1.184000 2.525190 
-1.183000 2.524952 
-1.182000 2.524523 
-1.181000 2.523900 
-1.180000 2.523080 
-1.179000 2.522058 
-1.178000 2.520832 
-1.177000 2.519398 
-1.176000 2.517752 
-1.175000 2.515891 
-1.174000 2.513812 
-1.173000 2.511510 
-1.172000 2.508983 
-1.171000 2.506226 
-1.170000 2.503236 
-1.169000 2.500009 
-1.168000 2.496542 
-1.167000 2.492830 
-1.166000 2.488871 
-1.165000 2.484659 
-1.164000 2.480192 
-1.163000 2.475466 
-1.162000 2.470477 
-1.161000 2.465221 
-1.160000 2.459694 
-1.159000 2.453892 
-1.158000 2.447813 
-1.157000 2.441451 
-1.156000 2.434803 
-1.155000 2.427866 
-1.154000 2.420635 
-1.153000 2.413108 
-1.152000 2.405279 
-1.151000 2.397146 
-1.150000 2.388705 
-1.149000 2.379952 
-1.148000 2.370884 
-1.147000 2.361497 
-1.146000 2.351788 
-1.145000 2.341752 
-1.144000 2.331388 
-1.143000 2.320691 
-1.142000 2.309658 
-1.141000 2.298286 
-1.140000 2.286572 
-1.139000 2.274512 
-1.138000 2.262105 
-1.137000 2.249347 
-1.136000 2.236234 
-1.135000 2.222766 
-1.134000 2.208938 
-1.133000 2.194749 
-1.132000 2.180196 
-1.131000 2.165277 
-1.130000 2.149990 
-1.129000 2.134333 
-1.128000 2.118305 
-1.127000 2.101903 
-1.126000 2.085126 
-1.125000 2.067972 
-1.124000 2.050442 
-1.123000 2.032533 
-1.122000 2.014245 
-1.121000 1.995577 
-1.120000 1.976528 
-1.119000 1.957100 
-1.118000 1.937290 
-1.117000 1.917101 
-1.116000 1.896531 
-1.115000 1.875583 
-1.114000 1.854256 
-1.113000 1.832551 
-1.112000 1.810470 
-1.111000 1.788015 
-1.110000 1.765187 
-1.109000 1.741988 
-1.108000 1.718421 
-1.107000 1.694488 
-1.106000 1.670191 
-1.105000 1.645535 
-1.104000 1.620522 
-1.103000 1.595155 
-1.102000 1.569440 
-1.101000 1.543379 
-1.100000 1.516977 
-1.099000 1.490239 
-1.098000 1.463169 
-1.097000 1.435774 
-1.096000 1.408058 
-1.095000 1.380026 
-1.094000 1.351686 
-1.093000 1.323043 
-1.092000 1.294104 
-1.091000 1.264875 
-1.090000 1.235364 
-1.089000 1.205578 
-1.088000 1.175524 
-1.087000 1.145210 
-1.086000 1.114643 
-1.085000 1.083833 
-1.084000 1.052788 
-1.083000 1.021515 
-1.082000 0.990025 
-1.081000 0.958325 
-1.080000 0.926426 
-1.079000 0.894336 
-1.078000 0.862065 
-1.077000 0.829623 
-1.076000 0.797020 
-1.075000 0.764265 
-1.074000 0.731368 
-1.073000 0.698341 
-1.072000 0.665192 
-1.071000 0.631934 
-1.070000 0.598495 
-1.069000 0.565046 
-1.068000 0.531519 
-1.067000 0.497923 
-1.066000 0.464270 
-1.065000 0.430569 
-1.064000 0.396832 
-1.063000 0.363070 
-1.062000 0.329293 
-1.061000 0.295512 
-1.060000 0.261737 
-1.059000 0.227980 
-1.058000 0.194250 
-1.057000 0.160558 
-1.056000 0.126914 
-1.055000 0.093329 
-1.054000 0.059813 
-1.053000 0.026375 
-1.052000 -0.006974 
-1.051000 -0.040224 
-1.050000 -0.073366 
-1.049000 -0.106391 
-1.048000 -0.139288 
-1.047000 -0.172050 
-1.046000 -0.204667 
-1.045000 -0.237130 
-1.044000 -0.269430 
-1.043000 -0.301560 
-1.042000 -0.333511 
-1.041000 -0.365275 
-1.040000 -0.396845 
-1.039000 -0.428213 
-1.038000 -0.459371 
-1.037000 -0.490313 
-1.036000 -0.521031 
-1.035000 -0.551520 
-1.034000 -0.581772 
-1.033000 -0.611782 
-1.032000 -0.641544 
-1.031000 -0.671052 
-1.030000 -0.700300 
-1.029000 -0.729284 
-1.028000 -0.757999 
-1.027000 -0.786440 
-1.026000 -0.814601 
-1.025000 -0.842481 
-1.024000 -0.870073 
-1.023000 -0.897375 
-1.022000 -0.924383 
-1.021000 -0.951094 
-1.020000 -0.977504 
-1.019000 -1.003612 
-1.018000 -1.029413 
-1.017000 -1.054907 
-1.016000 -1.080090 
-1.015000 -1.104960 
-1.014000 -1.129517 
-1.013000 -1.153758 
-1.012000 -1.177682 
-1.011000 -1.201288 
-1.010000 -1.224575 
-1.009000 -1.247541 
-1.008000 -1.270187 
-1.007000 -1.292512 
-1.006000 -1.314516 
-1.005000 -1.336198 
-1.004000 -1.357559 
-1.003000 -1.378598 
-1.002000 -1.399317 
-1.001000 -1.419715 
-1.000000 -1.439793 
-0.999000 -1.459552 
-0.998000 -1.478993 
-0.997000 -1.498117 
-0.996000 -1.516924 
-0.995000 -1.535417 
-0.994000 -1.553596 
-0.993000 -1.571463 
-0.992000 -1.589019 
-0.991000 -1.606267 
-0.990000 -1.623207 
-0.989000 -1.639842 
-0.988000 -1.656173 
-0.987000 -1.672203 
-0.986000 -1.687934 
-0.985000 -1.703367 
-0.984000 -1.718504 
-0.983000 -1.733349 
-0.982000 -1.747903 
-0.981000 -1.762169 
-0.980000 -1.776149 
-0.979000 -1.789846 
-0.978000 -1.803261 
-0.977000 -1.816398 
-0.976000 -1.829259 
-0.975000 -1.841847 
-0.974000 -1.854164 
-0.973000 -1.866213 
-0.972000 -1.877997 
-0.971000 -1.889518 
-0.970000 -1.900780 
-0.969000 -1.911784 
-0.968000 -1.922533 
-0.967000 -1.933031 
-0.966000 -1.943280 
-0.965000 -1.953283 
-0.964000 -1.963043 
-0.963000 -1.972562 
-0.962000 -1.981843 
-0.961000 -1.990890 
-0.960000 -1.999704 
-0.959000 -2.008289 
-0.958000 -2.016647 
-0.957000 -2.024782 
-0.956000 -2.032695 
-0.955000 -2.040391 
-0.954000 -2.047871 
-0.953000 -2.055137 
-0.952000 -2.062194 
-0.951000 -2.069044 
-0.950000 -2.075689 
-0.949000 -2.082132 
-0.948000 -2.088376 
-0.947000 -2.094423 
-0.946000 -2.100276 
-0.945000 -2.105938 
-0.944000 -2.111411 
-0.943000 -2.116698 
-0.942000 -2.121801 
-0.941000 -2.126723 
-0.940000 -2.131466 
-0.939000 -2.136033 
-0.938000 -2.140427 
-0.937000 -2.144649 
-0.936000 -2.148703 
-0.935000 -2.152590 
-0.934000 -2.156313 
-0.933000 -2.159875 
-0.932000 -2.163277 
-0.931000 -2.166522 
-0.930000 -2.169612 
-0.929000 -2.172549 
-0.928000 -2.175337 
-0.927000 -2.177976 
-0.926000 -2.180469 
-0.925000 -2.182818 
-0.924000 -2.185026 
-0.923000 -2.187094 
-0.922000 -2.189025 
-0.921000 -2.190820 
-0.920000 -2.192481 
-0.919000 -2.194011 
-0.918000 -2.195412 
-0.917000 -2.196685 
-0.916000 -2.197832 
-0.915000 -2.198856 
-0.914000 -2.199757 
-0.913000 -2.200539 
-0.912000 -2.201202 
-0.911000 -2.201749 
-0.910000 -2.202181 
-0.909000 -2.202500 
-0.908000 -2.202708 
-0.907000 -2.202807 
-0.906000 -2.202798 
-0.905000 -2.202682 
-0.904000 -2.202462 
-0.903000 -2.202139 
-0.902000 -2.201714 
-0.901000 -2.201190 
-0.900000 -2.200567 
-0.899000 -2.199848 
-0.898000 -2.199033 
-0.897000 -2.198125 
-0.896000 -2.197124 
-0.895000 -2.196032 
-0.894000 -2.194850 
-0.893000 -2.193581 
-0.892000 -2.192224 
-0.891000 -2.190782 
-0.890000 -2.189256 
-0.889000 -2.187647 
-0.888000 -2.185957 
-0.887000 -2.184186 
-0.886000 -2.182336 
-0.885000 -2.180408 
-0.884000 -2.178404 
-0.883000 -2.176324 
-0.882000 -2.174170 
-0.881000 -2.171943 
-0.880000 -2.169644 
-0.879000 -2.167274 
-0.878000 -2.164834 
-0.877000 -2.162326 
-0.876000 -2.159750 
-0.875000 -2.157107 
-0.874000 -2.154399 
-0.873000 -2.151627 
-0.872000 -2.148790 
-0.871000 -2.145892 
-0.870000 -2.142931 
-0.869000 -2.139911 
-0.868000 -2.136830 
-0.867000 -2.133691 
-0.866000 -2.130494 
-0.865000 -2.127239 
-0.864000 -2.123929 
-0.863000 -2.120564 
-0.862000 -2.117144 
-0.861000 -2.113671 
-0.860000 -2.110145 
-0.859000 -2.106568 
-0.858000 -2.102939 
-0.857000 -2.099260 
-0.856000 -2.095531 
-0.855000 -2.091754 
-0.854000 -2.087929 
-0.853000 -2.084056 
-0.852000 -2.080137 
-0.851000 -2.076172 
-0.850000 -2.072163 
-0.849000 -2.068108 
-0.848000 -2.064010 
-0.847000 -2.059869 
-0.846000 -2.055686 
-0.845000 -2.051460 
-0.844000 -2.047194 
-0.843000 -2.042887 
-0.842000 -2.038540 
-0.841000 -2.034155 
-0.840000 -2.029730 
-0.839000 -2.025267 
-0.838000 -2.020767 
-0.837000 -2.016230 
-0.836000 -2.011657 
-0.835000 -2.007047 
-0.834000 -2.002403 
-0.833000 -1.997724 
-0.832000 -1.993010 
-0.831000 -1.988263 
-0.830000 -1.983483 
-0.829000 -1.978670 
-0.828000 -1.973825 
-0.827000 -1.968948 
-0.826000 -1.964040 
-0.825000 -1.959102 
-0.824000 -1.954133 
-0.823000 -1.949134 
-0.822000 -1.944105 
-0.821000 -1.939048 
-0.820000 -1.933962 
-0.819000 -1.928849 
-0.818000 -1.923707 
-0.817000 -1.918538 
-0.816000 -1.913343 
-0.815000 -1.908121 
-0.814000 -1.902873 
-0.813000 -1.897599 
-0.812000 -1.892300 
-0.811000 -1.886976 
-0.810000 -1.881627 
-0.809000 -1.876255 
-0.808000 -1.870858 
-0.807000 -1.865438 
-0.806000 -1.859995 
-0.805000 -1.854529 
-0.804000 -1.849040 
-0.803000 -1.843530 
-0.802000 -1.837997 
-0.801000 -1.832443 
-0.800000 -1.826868 
-0.799000 -1.821272 
-0.798000 -1.815655 
-0.797000 -1.810018 
-0.796000 -1.804362 
-0.795000 -1.798685 
-0.794000 -1.792989 
-0.793000 -1.787274 
-0.792000 -1.781540 
-0.791000 -1.775787 
-0.790000 -1.770016 
-0.789000 -1.764227 
-0.788000 -1.758420 
-0.787000 -1.752596 
-0.786000 -1.746754 
-0.785000 -1.740895 
-0.784000 -1.735019 
-0.783000 -1.729127 
-0.782000 -1.723218 
-0.781000 -1.717293 
-0.780000 -1.711353 
-0.779000 -1.705396 
-0.778000 -1.699424 
-0.777000 -1.693437 
-0.776000 -1.687435 
-0.775000 -1.681418 
-0.774000 -1.675386 
-0.773000 -1.669340 
-0.772000 -1.663280 
-0.771000 -1.657205 
-0.770000 -1.651117 
-0.769000 -1.645015 
-0.768000 -1.638899 
-0.767000 -1.632771 
-0.766000 -1.626629 
-0.765000 -1.620474 
-0.764000 -1.614306 
-0.763000 -1.608126 
-0.762000 -1.601933 
-0.761000 -1.595728 
-0.760000 -1.589511 
-0.759000 -1.583282 
-0.758000 -1.577041 
-0.757000 -1.570789 
-0.756000 -1.564525 
-0.755000 -1.558249 
-0.754000 -1.551963 
-0.753000 -1.545665 
-0.752000 -1.539357 
-0.751000 -1.533037 
-0.750000 -1.526707 
-0.749000 -1.520367 
-0.748000 -1.514016 
-0.747000 -1.507655 
-0.746000 -1.501283 
-0.745000 -1.494902 
-0.744000 -1.488511 
-0.743000 -1.482110 
-0.742000 -1.475700 
-0.741000 -1.469279 
-0.740000 -1.462850 
-0.739000 -1.456411 
-0.738000 -1.449963 
-0.737000 -1.443506 
-0.736000 -1.437040 
-0.735000 -1.430565 
-0.734000 -1.424082 
-0.733000 -1.417590 
-0.732000 -1.411089 
-0.731000 -1.404579 
-0.730000 -1.398062 
-0.729000 -1.391536 
-0.728000 -1.385002 
-0.727000 -1.378460 
-0.726000 -1.371910 
-0.725000 -1.365351 
-0.724000 -1.358786 
-0.723000 -1.352212 
-0.722000 -1.345631 
-0.721000 -1.339042 
-0.720000 -1.332446 
-0.719000 -1.325842 
-0.718000 -1.319231 
-0.717000 -1.312613 
-0.716000 -1.305987 
-0.715000 -1.299355 
-0.714000 -1.292715 
-0.713000 -1.286068 
-0.712000 -1.279415 
-0.711000 -1.272755 
-0.710000 -1.266088 
-0.709000 -1.259414 
-0.708000 -1.252734 
-0.707000 -1.246047 
-0.706000 -1.239353 
-0.705000 -1.232654 
-0.704000 -1.225947 
-0.703000 -1.219235 
-0.702000 -1.212516 
-0.701000 -1.205791 
-0.700000 -1.199060 
-0.699000 -1.192323 
-0.698000 -1.185579 
-0.697000 -1.178830 
-0.696000 -1.172075 
-0.695000 -1.165314 
-0.694000 -1.158547 
-0.693000 -1.151774 
-0.692000 -1.144996 
-0.691000 -1.138211 
-0.690000 -1.131422 
-0.689000 -1.124626 
-0.688000 -1.117825 
-0.687000 -1.111019 
-0.686000 -1.104207 
-0.685000 -1.097389 
-0.684000 -1.090566 
-0.683000 -1.083738 
-0.682000 -1.076904 
-0.681000 -1.070065 
-0.680000 -1.063221 
-0.679000 -1.056372 
-0.678000 -1.049518 
-0.677000 -1.042658 
-0.676000 -1.035793 
-0.675000 -1.028923 
-0.674000 -1.022048 
-0.673000 -1.015168 
-0.672000 -1.008283 
-0.671000 -1.001394 
-0.670000 -0.994499 
-0.669000 -0.987599 
-0.668000 -0.980694 
-0.667000 -0.973785 
-0.666000 -0.966871 
-0.665000 -0.959952 
-0.664000 -0.953028 
-0.663000 -0.946099 
-0.662000 -0.939166 
-0.661000 -0.932228 
-0.660000 -0.925285 
-0.659000 -0.918338 
-0.658000 -0.911386 
-0.657000 -0.904429 
-0.656000 -0.897468 
-0.655000 -0.890502 
-0.654000 -0.883532 
-0.653000 -0.876557 
-0.652000 -0.869577 
-0.651000 -0.862593 
-0.650000 -0.855605 
-0.649000 -0.848612 
-0.648000 -0.841615 
-0.647000 -0.834613 
-0.646000 -0.827606 
-0.645000 -0.820596 
-0.644000 -0.813581 
-0.643000 -0.806561 
-0.642000 -0.799537 
-0.641000 -0.792509 
-0.640000 -0.785476 
-0.639000 -0.778439 
-0.638000 -0.771398 
-0.637000 -0.764352 
-0.636000 -0.757302 
-0.635000 -0.750248 
-0.634000 -0.743189 
-0.633000 -0.736127 
-0.632000 -0.729059 
-0.631000 -0.721988 
-0.630000 -0.714912 
-0.629000 -0.707832 
-0.628000 -0.700748 
-0.627000 -0.693660 
-0.626000 -0.686567 
-0.625000 -0.679470 
-0.624000 -0.672369 
-0.623000 -0.665263 
-0.622000 -0.658153 
-0.621000 -0.651039 
-0.620000 -0.643921 
-0.619000 -0.636799 
-0.618000 -0.629672 
-0.617000 -0.622541 
-0.616000 -0.615406 
-0.615000 -0.608267 
-0.614000 -0.601124 
-0.613000 -0.593976 
-0.612000 -0.586824 
-0.611000 -0.579668 
-0.610000 -0.572508 
-0.609000 -0.565343 
-0.608000 -0.558174 
-0.607000 -0.551002 
-0.606000 -0.543824 
-0.605000 -0.536643 
-0.604000 -0.529457 
-0.603000 -0.522267 
-0.602000 -0.515073 
-0.601000 -0.507875 
-0.600000 -0.500673 
-0.599000 -0.493466 
-0.598000 -0.486255 
-0.597000 -0.479039 
-0.596000 -0.471820 
-0.595000 -0.464596 
-0.594000 -0.457368 
-0.593000 -0.450136 
-0.592000 -0.442899 
-0.591000 -0.435659 
-0.590000 -0.428413 
-0.589000 -0.421164 
-0.588000 -0.413910 
-0.587000 -0.406652 
-0.586000 -0.399390 
-0.585000 -0.392124 
-0.584000 -0.384853 
-0.583000 -0.377577 
-0.582000 -0.370298 
-0.581000 -0.363014 
-0.580000 -0.355726 
-0.579000 -0.348433 
-0.578000 -0.341136 
-0.577000 -0.333835 
-0.576000 -0.326529 
-0.575000 -0.319219 
-0.574000 -0.311905 
-0.573000 -0.304586 
-0.572000 -0.297262 
-0.571000 -0.289935 
-0.570000 -0.282584 
-0.569000 -0.275247 
-0.568000 -0.267906 
-0.567000 -0.260560 
-0.566000 -0.253210 
-0.565000 -0.245856 
-0.564000 -0.238497 
-0.563000 -0.231133 
-0.562000 -0.223765 
-0.561000 -0.216392 
-0.560000 -0.209015 
-0.559000 -0.201633 
-0.558000 -0.194247 
-0.557000 -0.186856 
-0.556000 -0.179461 
-0.555000 -0.172061 
-0.554000 -0.164656 
-0.553000 -0.157247 
-0.552000 -0.149833 
-0.551000 -0.142414 
-0.550000 -0.134991 
-0.549000 -0.127563 
-0.548000 -0.120130 
-0.547000 -0.112693 
-0.546000 -0.105251 
-0.545000 -0.097804 
-0.544000 -0.090353 
-0.543000 -0.082896 
-0.542000 -0.075435 
-0.541000 -0.067969 
-0.540000 -0.060499 
-0.539000 -0.053023 
-0.538000 -0.045543 
-0.537000 -0.038058 
-0.536000 -0.030568 
-0.535000 -0.023074 
-0.534000 -0.015574 
-0.533000 -0.008069 
-0.532000 -0.000560 
-0.531000 0.006954 
-0.530000 0.014473 
-0.529000 0.021998 
-0.528000 0.029527 
-0.527000 0.037061 
-0.526000 0.044600 
-0.525000 0.052144 
-0.524000 0.059693 
-0.523000 0.067247 
-0.522000 0.074806 
-0.521000 0.082370 
-0.520000 0.089939 
-0.519000 0.097514 
-0.518000 0.105093 
-0.517000 0.112677 
-0.516000 0.120267 
-0.515000 0.127862 
-0.514000 0.135461 
-0.513000 0.143066 
-0.512000 0.150676 
-0.511000 0.158292 
-0.510000 0.165912 
-0.509000 0.173538 
-0.508000 0.181169 
-0.507000 0.188805 
-0.506000 0.196446 
-0.505000 0.204093 
-0.504000 0.211745 
-0.503000 0.219402 
-0.502000 0.227065 
-0.501000 0.234733 
-0.500000 0.242406 
-0.499000 0.250084 
-0.498000 0.257768 
-0.497000 0.265457 
-0.496000 0.273152 
-0.495000 0.280852 
-0.494000 0.288557 
-0.493000 0.296268 
-0.492000 0.303984 
-0.491000 0.311706 
-0.490000 0.319433 
-0.489000 0.327165 
-0.488000 0.334903 
-0.487000 0.342647 
-0.486000 0.350396 
-0.485000 0.358150 
-0.484000 0.365910 
-0.483000 0.373676 
-0.482000 0.381447 
-0.481000 0.389223 
-0.480000 0.397005 
-0.479000 0.404793 
-0.478000 0.412586 
-0.477000 0.420385 
-0.476000 0.428190 
-0.475000 0.436000 
-0.474000 0.443815 
-0.473000 0.451637 
-0.472000 0.459464 
-0.471000 0.467296 
-0.470000 0.475134 
-0.469000 0.482978 
-0.468000 0.490828 
-0.467000 0.498683 
-0.466000 0.506544 
-0.465000 0.514410 
-0.464000 0.522283 
-0.463000 0.530161 
-0.462000 0.538044 
-0.461000 0.545934 
-0.460000 0.553829 
-0.459000 0.561729 
-0.458000 0.569636 
-0.457000 0.577548 
-0.456000 0.585466 
-0.455000 0.593390 
-0.454000 0.601319 
-0.453000 0.609254 
-0.452000 0.617195 
-0.451000 0.625142 
-0.450000 0.633094 
-0.449000 0.641052 
-0.448000 0.649016 
-0.447000 0.656986 
-0.446000 0.664961 
-0.445000 0.672942 
-0.444000 0.680929 
-0.443000 0.688922 
-0.442000 0.696920 
-0.441000 0.704924 
-0.440000 0.712934 
-0.439000 0.720949 
-0.438000 0.728970 
-0.437000 0.736997 
-0.436000 0.745030 
-0.435000 0.753068 
-0.434000 0.761113 
-0.433000 0.769162 
-0.432000 0.777218 
-0.431000 0.785279 
-0.430000 0.793346 
-0.429000 0.801418 
-0.428000 0.809496 
-0.427000 0.817580 
-0.426000 0.825670 
-0.425000 0.833765 
-0.424000 0.841865 
-0.423000 0.849971 
-0.422000 0.858083 
-0.421000 0.866201 
-0.420000 0.874323 
-0.419000 0.882452 
-0.418000 0.890586 
-0.417000 0.898725 
-0.416000 0.906870 
-0.415000 0.915020 
-0.414000 0.923176 
-0.413000 0.931337 
-0.412000 0.939504 
-0.411000 0.947676 
-0.410000 0.955853 
-0.409000 0.964036 
-0.408000 0.972224 
-0.407000 0.980417 
-0.406000 0.988615 
-0.405000 0.996819 
-0.404000 1.005027 
-0.403000 1.013241 
-0.402000 1.021460 
-0.401000 1.029684 
-0.400000 1.037913 
-0.399000 1.046147 
-0.398000 1.054386 
-0.397000 1.062630 
-0.396000 1.070879 
-0.395000 1.079132 
-0.394000 1.087391 
-0.393000 1.095654 
-0.392000 1.103922 
-0.391000 1.112194 
-0.390000 1.120471 
-0.389000 1.128753 
-0.388000 1.137039 
-0.387000 1.145330 
-0.386000 1.153625 
-0.385000 1.161924 
-0.384000 1.170228 
-0.383000 1.178536 
-0.382000 1.186848 
-0.381000 1.195164 
-0.380000 1.203484 
-0.379000 1.211808 
-0.378000 1.220136 
-0.377000 1.228468 
-0.376000 1.236803 
-0.375000 1.245143 
-0.374000 1.253485 
-0.373000 1.261832 
-0.372000 1.270181 
-0.371000 1.278535 
-0.370000 1.286891 
-0.369000 1.295251 
-0.368000 1.303613 
-0.367000 1.311979 
-0.366000 1.320348 
-0.365000 1.328719 
-0.364000 1.337094 
-0.363000 1.345470 
-0.362000 1.353850 
-0.361000 1.362232 
-0.360000 1.370616 
-0.359000 1.379002 
-0.358000 1.387390 
-0.357000 1.395781 
-0.356000 1.404173 
-0.355000 1.412567 
-0.354000 1.420962 
-0.353000 1.429359 
-0.352000 1.437757 
-0.351000 1.446157 
-0.350000 1.454557 
-0.349000 1.462959 
-0.348000 1.471361 
-0.347000 1.479764 
-0.346000 1.488168 
-0.345000 1.496571 
-0.344000 1.504975 
-0.343000 1.513379 
-0.342000 1.521783 
-0.341000 1.530187 
-0.340000 1.538590 
-0.339000 1.546992 
-0.338000 1.555393 
-0.337000 1.563794 
-0.336000 1.572193 
-0.335000 1.580591 
-0.334000 1.588987 
-0.333000 1.597382 
-0.332000 1.605774 
-0.331000 1.614165 
-0.330000 1.622552 
-0.329000 1.630937 
-0.328000 1.639320 
-0.327000 1.647699 
-0.326000 1.656075 
-0.325000 1.664447 
-0.324000 1.672815 
-0.323000 1.681180 
-0.322000 1.689540 
-0.321000 1.697895 
-0.320000 1.706246 
-0.319000 1.714591 
-0.318000 1.722931 
-0.317000 1.731265 
-0.316000 1.739594 
-0.315000 1.747916 
-0.314000 1.756231 
-0.313000 1.764540 
-0.312000 1.772841 
-0.311000 1.781135 
-0.310000 1.789421 
-0.309000 1.797699 
-0.308000 1.805968 
-0.307000 1.814228 
-0.306000 1.822480 
-0.305000 1.830721 
-0.304000 1.838953 
-0.303000 1.847174 
-0.302000 1.855384 
-0.301000 1.863583 
-0.300000 1.871771 
-0.299000 1.879947 
-0.298000 1.888110 
-0.297000 1.896261 
-0.296000 1.904398 
-0.295000 1.912521 
-0.294000 1.920631 
-0.293000 1.928725 
-0.292000 1.936805 
-0.291000 1.944869 
-0.290000 1.952917 
-0.289000 1.960948 
-0.288000 1.968962 
-0.287000 1.976959 
-0.286000 1.984937 
-0.285000 1.992896 
-0.284000 2.000836 
-0.283000 2.008757 
-0.282000 2.016656 
-0.281000 2.024535 
-0.280000 2.032392 
-0.279000 2.040227 
-0.278000 2.048039 
-0.277000 2.055827 
-0.276000 2.063591 
-0.275000 2.071330 
-0.274000 2.079043 
-0.273000 2.086731 
-0.272000 2.094391 
-0.271000 2.102023 
-0.270000 2.109627 
-0.269000 2.117201 
-0.268000 2.124746 
-0.267000 2.132260 
-0.266000 2.139742 
-0.265000 2.147191 
-0.264000 2.154608 
-0.263000 2.161990 
-0.262000 2.169337 
-0.261000 2.176648 
-0.260000 2.183923 
-0.259000 2.191159 
-0.258000 2.198357 
-0.257000 2.205516 
-0.256000 2.212634 
-0.255000 2.219710 
-0.254000 2.226743 
-0.253000 2.233733 
-0.252000 2.240678 
-0.251000 2.247578 
-0.250000 2.254430 
-0.249000 2.261235 
-0.248000 2.267990 
-0.247000 2.274695 
-0.246000 2.281348 
-0.245000 2.287949 
-0.244000 2.294495 
-0.243000 2.300987 
-0.242000 2.307422 
-0.241000 2.313799 
-0.240000 2.320117 
-0.239000 2.326374 
-0.238000 2.332570 
-0.237000 2.338702 
-0.236000 2.344770 
-0.235000 2.350771 
-0.234000 2.356705 
-0.233000 2.362570 
-0.232000 2.368364 
-0.231000 2.374085 
-0.230000 2.379733 
-0.229000 2.385306 
-0.228000 2.390801 
-0.227000 2.396217 
-0.226000 2.401553 
-0.225000 2.406807 
-0.224000 2.411976 
-0.223000 2.417060 
-0.222000 2.422056 
-0.221000 2.426962 
-0.220000 2.431777 
-0.219000 2.436498 
-0.218000 2.441124 
-0.217000 2.445652 
-0.216000 2.450082 
-0.215000 2.454409 
-0.214000 2.458633 
-0.213000 2.462751 
-0.212000 2.466761 
-0.211000 2.470661 
-0.210000 2.474449 
-0.209000 2.478122 
-0.208000 2.481678 
-0.207000 2.485114 
-0.206000 2.488429 
-0.205000 2.491619 
-0.204000 2.494683 
-0.203000 2.497617 
-0.202000 2.500420 
-0.201000 2.503088 
-0.200000 2.505619 
-0.199000 2.508011 
-0.198000 2.510260 
-0.197000 2.512364 
-0.196000 2.514320 
-0.195000 2.516125 
-0.194000 2.517777 
-0.193000 2.519272 
-0.192000 2.520608 
-0.191000 2.521782 
-0.190000 2.522790 
-0.189000 2.523629 
-0.188000 2.524297 
-0.187000 2.524790 
-0.186000 2.525106 
-0.185000 2.525240 
-0.184000 2.525190 
-0.183000 2.524952 
-0.182000 2.524523 
-0.181000 2.523900 
-0.180000 2.523080 
-0.179000 2.522058 
-0.178000 2.520832 
-0.177000 2.519398 
-0.176000 2.517752 
-0.175000 2.515891 
-0.174000 2.513812 
-0.173000 2.511510 
-0.172000 2.508983 
-0.171000 2.506226 
-0.170000 2.503236 
-0.169000 2.500009 
-0.168000 2.496542 
-0.167000 2.492830 
-0.166000 2.488871 
-0.165000 2.484659 
-0.164000 2.480192 
-0.163000 2.475466 
-0.162000 2.470477 
-0.161000 2.465221 
-0.160000 2.459694 
-0.159000 2.453892 
-0.158000 2.447813 
-0.157000 2.441451 
-0.156000 2.434803 
-0.155000 2.427866 
-0.154000 2.420635 
-0.153000 2.413108 
-0.152000 2.405279 
-0.151000 2.397146 
-0.150000 2.388705 
-0.149000 2.379952 
-0.148000 2.370884 
-0.147000 2.361497 
-0.146000 2.351788 
-0.145000 2.341752 
-0.144000 2.331388 
-0.143000 2.320691 
-0.142000 2.309658 
-0.141000 2.298286 
-0.140000 2.286572 
-0.139000 2.274512 
-0.138000 2.262105 
-0.137000 2.249347 
-0.136000 2.236234 
-0.135000 2.222766 
-0.134000 2.208938 
-0.133000 2.194749 
-0.132000 2.180196 
-0.131000 2.165277 
-0.130000 2.149990 
-0.129000 2.134333 
-0.128000 2.118305 
-0.127000 2.101903 
-0.126000 2.085126 
-0.125000 2.067972 
-0.124000 2.050442 
-0.123000 2.032533 
-0.122000 2.014245 
-0.121000 1.995577 
-0.120000 1.976528 
-0.119000 1.957100 
-0.118000 1.937290 
-0.117000 1.917101 
-0.116000 1.896531 
-0.115000 1.875583 
-0.114000 1.854256 
-0.113000 1.832551 
-0.112000 1.810470 
-0.111000 1.788015 
-0.110000 1.765187 
-0.109000 1.741988 
-0.108000 1.718421 
-0.107000 1.694488 
-0.106000 1.670191 
-0.105000 1.645535 
-0.104000 1.620522 
-0.103000 1.595155 
-0.102000 1.569440 
-0.101000 1.543379 
-0.100000 1.516977 
-0.099000 1.490239 
-0.098000 1.463169 
-0.097000 1.435774 
-0.096000 1.408058 
-0.095000 1.380026 
-0.094000 1.351686 
-0.093000 1.323043 
-0.092000 1.294104 
-0.091000 1.264875 
-0.090000 1.235364 
-0.089000 1.205578 
-0.088000 1.175524 
-0.087000 1.145210 
-0.086000 1.114643 
-0.085000 1.083833 
-0.084000 1.052788 
-0.083000 1.021515 
-0.082000 0.990025 
-0.081000 0.958325 
-0.080000 0.926426 
-0.079000 0.894336 
-0.078000 0.862065 
-0.077000 0.829623 
-0.076000 0.797020 
-0.075000 0.764265 
-0.074000 0.731368 
-0.073000 0.698341 
-0.072000 0.665192 
-0.071000 0.631934 
-0.070000 0.598495 
-0.069000 0.565046 
-0.068000 0.531519 
-0.067000 0.497923 
-0.066000 0.464270 
-0.065000 0.430569 
-0.064000 0.396832 
-0.063000 0.363070 
-0.062000 0.329293 
-0.061000 0.295512 
-0.060000 0.261737 
-0.059000 0.227980 
-0.058000 0.194250 
-0.057000 0.160558 
-0.056000 0.126914 
-0.055000 0.093329 
-0.054000 0.059813 
-0.053000 0.026375 
-0.052000 -0.006974 
-0.051000 -0.040224 
-0.050000 -0.073366 
-0.049000 -0.106391 
-0.048000 -0.139288 
-0.047000 -0.172050 
-0.046000 -0.204667 
-0.045000 -0.237130 
-0.044000 -0.269430 
-0.043000 -0.301560 
-0.042000 -0.333511 
-0.041000 -0.365275 
-0.040000 -0.396845 
-0.039000 -0.428213 
-0.038000 -0.459371 
-0.037000 -0.490313 
-0.036000 -0.521031 
-0.035000 -0.551520 
-0.034000 -0.581772 
-0.033000 -0.611782 
-0.032000 -0.641544 
-0.031000 -0.671052 
-0.030000 -0.700300 
-0.029000 -0.729284 
-0.028000 -0.757999 
-0.027000 -0.786440 
-0.026000 -0.814601 
-0.025000 -0.842481 
-0.024000 -0.870073 
-0.023000 -0.897375 
-0.022000 -0.924383 
-0.021000 -0.951094 
-0.020000 -0.977504 
-0.019000 -1.003612 
-0.018000 -1.029413 
-0.017000 -1.054907 
-0.016000 -1.080090 
-0.015000 -1.104960 
-0.014000 -1.129517 
-0.013000 -1.153758 
-0.012000 -1.177682 
-0.011000 -1.201288 
-0.010000 -1.224575 
-0.009000 -1.247541 
-0.008000 -1.270187 
-0.007000 -1.292512 
-0.006000 -1.314516 
-0.005000 -1.336198 
-0.004000 -1.357559 
-0.003000 -1.378598 
-0.002000 -1.399317 
-0.001000 -1.419715 
-0.000000 -1.439793 
0.001000 -1.459552 
0.002000 -1.478993 
0.003000 -1.498117 
0.004000 -1.516924 
0.005000 -1.535417 
0.006000 -1.553596 
0.007000 -1.571463 
0.008000 -1.589019 
0.009000 -1.606267 
0.010000 -1.623207 
0.011000 -1.639842 
0.012000 -1.656173 
0.013000 -1.672203 
0.014000 -1.687934 
0.015000 -1.703367 
0.016000 -1.718504 
0.017000 -1.733349 
0.018000 -1.747903 
0.019000 -1.762169 
0.020000 -1.776149 
0.021000 -1.789846 
0.022000 -1.803261 
0.023000 -1.816398 
0.024000 -1.829259 
0.025000 -1.841847 
0.026000 -1.854164 
0.027000 -1.866213 
0.028000 -1.877997 
0.029000 -1.889518 
0.030000 -1.900780 
0.031000 -1.911784 
0.032000 -1.922533 
0.033000 -1.933031 
0.034000 -1.943280 
0.035000 -1.953283 
0.036000 -1.963043 
0.037000 -1.972562 
0.038000 -1.981843 
0.039000 -1.990890 
0.040000 -1.999704 
0.041000 -2.008289 
0.042000 -2.016647 
0.043000 -2.024782 
0.044000 -2.032695 
0.045000 -2.040391 
0.046000 -2.047871 
0.047000 -2.055137 
0.048000 -2.062194 
0.049000 -2.069044 
0.050000 -2.075689 
0.051000 -2.082132 
0.052000 -2.088376 
0.053000 -2.094423 
0.054000 -2.100276 
0.055000 -2.105938 
0.056000 -2.111411 
0.057000 -2.116698 
0.058000 -2.121801 
0.059000 -2.126723 
0.060000 -2.131466 
0.061000 -2.136033 
0.062000 -2.140427 
0.063000 -2.144649 
0.064000 -2.148703 
0.065000 -2.152590 
0.066000 -2.156313 
0.067000 -2.159875 
0.068000 -2.163277 
0.069000 -2.166522 
0.070000 -2.169612 
0.071000 -2.172549 
0.072000 -2.175337 
0.073000 -2.177976 
0.074000 -2.180469 
0.075000 -2.182818 
0.076000 -2.185026 
0.077000 -2.187094 
0.078000 -2.189025 
0.079000 -2.190820 
0.080000 -2.192481 
0.081000 -2.194011 
0.082000 -2.195412 
0.083000 -2.196685 
0.084000 -2.197832 
0.085000 -2.198856 
0.086000 -2.199757 
0.087000 -2.200539 
0.088000 -2.201202 
0.089000 -2.201749 
0.090000 -2.202181 
0.091000 -2.202500 
0.092000 -2.202708 
0.093000 -2.202807 
0.094000 -2.202798 
0.095000 -2.202682 
0.096000 -2.202462 
0.097000 -2.202139 
0.098000 -2.201714 
0.099000 -2.201190 
0.100000 -2.200567 
0.101000 -2.199848 
0.102000 -2.199033 
0.103000 -2.198125 
0.104000 -2.197124 
0.105000 -2.196032 
0.106000 -2.194850 
0.107000 -2.193581 
0.108000 -2.192224 
0.109000 -2.190782 
0.110000 -2.189256 
0.111000 -2.187647 
0.112000 -2.185957 
0.113000 -2.184186 
0.114000 -2.182336 
0.115000 -2.180408 
0.116000 -2.178404 
0.117000 -2.176324 
0.118000 -2.174170 
0.119000 -2.171943 
0.120000 -2.169644 
0.121000 -2.167274 
0.122000 -2.164834 
0.123000 -2.162326 
0.124000 -2.159750 
0.125000 -2.157107 
0.126000 -2.154399 
0.127000 -2.151627 
0.128000 -2.148790 
0.129000 -2.145892 
0.130000 -2.142931 
0.131000 -2.139911 
0.132000 -2.136830 
0.133000 -2.133691 
0.134000 -2.130494 
0.135000 -2.127239 
0.136000 -2.123929 
0.137000 -2.120564 
0.138000 -2.117144 
0.139000 -2.113671 
0.140000 -2.110145 
0.141000 -2.106568 
0.142000 -2.102939 
0.143000 -2.099260 
0.144000 -2.095531 
0.145000 -2.091754 
0.146000 -2.087929 
0.147000 -2.084056 
0.148000 -2.080137 
0.149000 -2.076172 
0.150000 -2.072163 
0.151000 -2.068108 
0.152000 -2.064010 
0.153000 -2.059869 
0.154000 -2.055686 
0.155000 -2.051460 
0.156000 -2.047194 
0.157000 -2.042887 
0.158000 -2.038540 
0.159000 -2.034155 
0.160000 -2.029730 
0.161000 -2.025267 
0.162000 -2.020767 
0.163000 -2.016230 
0.164000 -2.011657 
0.165000 -2.007047 
0.166000 -2.002403 
0.167000 -1.997724 
0.168000 -1.993010 
0.169000 -1.988263 
0.170000 -1.983483 
0.171000 -1.978670 
0.172000 -1.973825 
0.173000 -1.968948 
0.174000 -1.964040 
0.175000 -1.959102 
0.176000 -1.954133 
0.177000 -1.949134 
0.178000 -1.944105 
0.179000 -1.939048 
0.180000 -1.933962 
0.181000 -1.928849 
0.182000 -1.923707 
0.183000 -1.918538 
0.184000 -1.913343 
0.185000 -1.908121 
0.186000 -1.902873 
0.187000 -1.897599 
0.188000 -1.892300 
0.189000 -1.886976 
0.190000 -1.881627 
0.191000 -1.876255 
0.192000 -1.870858 
0.193000 -1.865438 
0.194000 -1.859995 
0.195000 -1.854529 
0.196000 -1.849040 
0.197000 -1.843530 
0.198000 -1.837997 
0.199000 -1.832443 
0.200000 -1.826868 
0.201000 -1.821272 
0.202000 -1.815655 
0.203000 -1.810018 
0.204000 -1.804362 
0.205000 -1.798685 
0.206000 -1.792989 
0.207000 -1.787274 
0.208000 -1.781540 
0.209000 -1.775787 
0.210000 -1.770016 
0.211000 -1.764227 
0.212000 -1.758420 
0.213000 -1.752596 
0.214000 -1.746754 
0.215000 -1.740895 
0.216000 -1.735019 
0.217000 -1.729127 
0.218000 -1.723218 
0.219000 -1.717293 
0.220000 -1.711353 
0.221000 -1.705396 
0.222000 -1.699424 
0.223000 -1.693437 
0.224000 -1.687435 
0.225000 -1.681418 
0.226000 -1.675386 
0.227000 -1.669340 
0.228000 -1.663280 
0.229000 -1.657205 
0.230000 -1.651117 
0.231000 -1.645015 
0.232000 -1.638899 
0.233000 -1.632771 
0.234000 -1.626629 
0.235000 -1.620474 
0.236000 -1.614306 
0.237000 -1.608126 
0.238000 -1.601933 
0.239000 -1.595728 
0.240000 -1.589511 
0.241000 -1.583282 
0.242000 -1.577041 
0.243000 -1.570789 
0.244000 -1.564525 
0.245000 -1.558249 
0.246000 -1.551963 
0.247000 -1.545665 
0.248000 -1.539357 
0.249000 -1.533037 
0.250000 -1.526707 
0.251000 -1.520367 
0.252000 -1.514016 
0.253000 -1.507655 
0.254000 -1.501283 
0.255000 -1.494902 
0.256000 -1.488511 
0.257000 -1.482110 
0.258000 -1.475700 
0.259000 -1.469279 
0.260000 -1.462850 
0.261000 -1.456411 
0.262000 -1.449963 
0.263000 -1.443506 
0.264000 -1.437040 
0.265000 -1.430565 
0.266000 -1.424082 
0.267000 -1.417590 
0.268000 -1.411089 
0.269000 -1.404579 
0.270000 -1.398062 
0.271000 -1.391536 
0.272000 -1.385002 
0.273000 -1.378460 
0.274000 -1.371910 
0.275000 -1.365351 
0.276000 -1.358786 
0.277000 -1.352212 
0.278000 -1.345631 
0.279000 -1.339042 
0.280000 -1.332446 
0.281000 -1.325842 
0.282000 -1.319231 
0.283000 -1.312613 
0.284000 -1.305987 
0.285000 -1.299355 
0.286000 -1.292715 
0.287000 -1.286068 
0.288000 -1.279415 
0.289000 -1.272755 
0.290000 -1.266088 
0.291000 -1.259414 
0.292000 -1.252734 
0.293000 -1.246047 
0.294000 -1.239353 
0.295000 -1.232654 
0.296000 -1.225947 
0.297000 -1.219235 
0.298000 -1.212516 
0.299000 -1.205791 
0.300000 -1.199060 
0.301000 -1.192323 
0.302000 -1.185579 
0.303000 -1.178830 
0.304000 -1.172075 
0.305000 -1.165314 
0.306000 -1.158547 
0.307000 -1.151774 
0.308000 -1.144996 
0.309000 -1.138211 
0.310000 -1.131422 
0.311000 -1.124626 
0.312000 -1.117825 
0.313000 -1.111019 
0.314000 -1.104207 
0.315000 -1.097389 
0.316000 -1.090566 
0.317000 -1.083738 
0.318000 -1.076904 
0.319000 -1.070065 
0.320000 -1.063221 
0.321000 -1.056372 
0.322000 -1.049518 
0.323000 -1.042658 
0.324000 -1.035793 
0.325000 -1.028923 
0.326000 -1.022048 
0.327000 -1.015168 
0.328000 -1.008283 
0.329000 -1.001394 
0.330000 -0.994499 
0.331000 -0.987599 
0.332000 -0.980694 
0.333000 -0.973785 
0.334000 -0.966871 
0.335000 -0.959952 
0.336000 -0.953028 
0.337000 -0.946099 
0.338000 -0.939166 
0.339000 -0.932228 
0.340000 -0.925285 
0.341000 -0.918338 
0.342000 -0.911386 
0.343000 -0.904429 
0.344000 -0.897468 
0.345000 -0.890502 
0.346000 -0.883532 
0.347000 -0.876557 
0.348000 -0.869577 
0.349000 -0.862593 
0.350000 -0.855605 
0.351000 -0.848612 
0.352000 -0.841615 
0.353000 -0.834613 
0.354000 -0.827606 
0.355000 -0.820596 
0.356000 -0.813581 
0.357000 -0.806561 
0.358000 -0.799537 
0.359000 -0.792509 
0.360000 -0.785476 
0.361000 -0.778439 
0.362000 -0.771398 
0.363000 -0.764352 
0.364000 -0.757302 
0.365000 -0.750248 
0.366000 -0.743189 
0.367000 -0.736127 
0.368000 -0.729059 
0.369000 -0.721988 
0.370000 -0.714912 
0.371000 -0.707832 
0.372000 -0.700748 
0.373000 -0.693660 
0.374000 -0.686567 
0.375000 -0.679470 
0.376000 -0.672369 
0.377000 -0.665263 
0.378000 -0.658153 
0.379000 -0.651039 
0.380000 -0.643921 
0.381000 -0.636799 
0.382000 -0.629672 
0.383000 -0.622541 
0.384000 -0.615406 
0.385000 -0.608267 
0.386000 -0.601124 
0.387000 -0.593976 
0.388000 -0.586824 
0.389000 -0.579668 
0.390000 -0.572508 
0.391000 -0.565343 
0.392000 -0.558174 
0.393000 -0.551002 
0.394000 -0.543824 
0.395000 -0.536643 
0.396000 -0.529457 
0.397000 -0.522267 
0.398000 -0.515073 
0.399000 -0.507875 
0.400000 -0.500673 
0.401000 -0.493466 
0.402000 -0.486255 
0.403000 -0.479039 
0.404000 -0.471820 
0.405000 -0.464596 
0.406000 -0.457368 
0.407000 -0.450136 
0.408000 -0.442899 
0.409000 -0.435659 
0.410000 -0.428413 
0.411000 -0.421164 
0.412000 -0.413910 
0.413000 -0.406652 
0.414000 -0.399390 
0.415000 -0.392124 
0.416000 -0.384853 
0.417000 -0.377577 
0.418000 -0.370298 
0.419000 -0.363014 
0.420000 -0.355726 
0.421000 -0.348433 
0.422000 -0.341136 
0.423000 -0.333835 
0.424000 -0.326529 
0.425000 -0.319219 
0.426000 -0.311905 
0.427000 -0.304586 
0.428000 -0.297262 
0.429000 -0.289935 
0.430000 -0.282584 
0.431000 -0.275247 
0.432000 -0.267906 
0.433000 -0.260560 
0.434000 -0.253210 
0.435000 -0.245856 
0.436000 -0.238497 
0.437000 -0.231133 
0.438000 -0.223765 
0.439000 -0.216392 
0.440000 -0.209015 
0.441000 -0.201633 
0.442000 -0.194247 
0.443000 -0.186856 
0.444000 -0.179461 
0.445000 -0.172061 
0.446000 -0.164656 
0.447000 -0.157247 
0.448000 -0.149833 
0.449000 -0.142414 
0.450000 -0.134991 
0.451000 -0.127563 
0.452000 -0.120130 
0.453000 -0.112693 
0.454000 -0.105251 
0.455000 -0.097804 
0.456000 -0.090353 
0.457000 -0.082896 
0.458000 -0.075435 
0.459000 -0.067969 
0.460000 -0.060499 
0.461000 -0.053023 
0.462000 -0.045543 
0.463000 -0.038058 
0.464000 -0.030568 
0.465000 -0.023074 
0.466000 -0.015574 
0.467000 -0.008069 
0.468000 -0.000560 
0.469000 0.006954 
0.470000 0.014473 
0.471000 0.021998 
0.472000 0.029527 
0.473000 0.037061 
0.474000 0.044600 
0.475000 0.052144 
0.476000 0.059693 
0.477000 0.067247 
0.478000 0.074806 
0.479000 0.082370 
0.480000 0.089939 
0.481000 0.097514 
0.482000 0.105093 
0.483000 0.112677 
0.484000 0.120267 
0.485000 0.127862 
0.486000 0.135461 
0.487000 0.143066 
0.488000 0.150676 
0.489000 0.158292 
0.490000 0.165912 
0.491000 0.173538 
0.492000 0.181169 
0.493000 0.188805 
0.494000 0.196446 
0.495000 0.204093 
0.496000 0.211745 
0.497000 0.219402 
0.498000 0.227065 
0.499000 0.234733 
0.500000 0.242406 
0.501000 0.250084 
0.502000 0.257768 
0.503000 0.265457 
0.504000 0.273152 
0.505000 0.280852 
0.506000 0.288557 
0.507000 0.296268 
0.508000 0.303984 
0.509000 0.311706 
0.510000 0.319433 
0.511000 0.327165 
0.512000 0.334903 
0.513000 0.342647 
0.514000 0.350396 
0.515000 0.358150 
0.516000 0.365910 
0.517000 0.373676 
0.518000 0.381447 
0.519000 0.389223 
0.520000 0.397005 
0.521000 0.404793 
0.522000 0.412586 
0.523000 0.420385 
0.524000 0.428190 
0.525000 0.436000 
0.526000 0.443815 
0.527000 0.451637 
0.528000 0.459464 
0.529000 0.467296 
0.530000 0.475134 
0.531000 0.482978 
0.532000 0.490828 
0.533000 0.498683 
0.534000 0.506544 
0.535000 0.514410 
0.536000 0.522283 
0.537000 0.530161 
0.538000 0.538044 
0.539000 0.545934 
0.540000 0.553829 
0.541000 0.561729 
0.542000 0.569636 
0.543000 0.577548 
0.544000 0.585466 
0.545000 0.593390 
0.546000 0.601319 
0.547000 0.609254 
0.548000 0.617195 
0.549000 0.625142 
0.550000 0.633094 
0.551000 0.641052 
0.552000 0.649016 
0.553000 0.656986 
0.554000 0.664961 
0.555000 0.672942 
0.556000 0.680929 
0.557000 0.688922 
0.558000 0.696920 
0.559000 0.704924 
0.560000 0.712934 
0.561000 0.720949 
0.562000 0.728970 
0.563000 0.736997 
0.564000 0.745030 
0.565000 0.753068 
0.566000 0.761113 
0.567000 0.769162 
0.568000 0.777218 
0.569000 0.785279 
0.570000 0.793346 
0.571000 0.801418 
0.572000 0.809496 
0.573000 0.817580 
0.574000 0.825670 
0.575000 0.833765 
0.576000 0.841865 
0.577000 0.849971 
0.578000 0.858083 
0.579000 0.866201 
0.580000 0.874323 
0.581000 0.882452 
0.582000 0.890586 
0.583000 0.898725 
0.584000 0.906870 
0.585000 0.915020 
0.586000 0.923176 
0.587000 0.931337 
0.588000 0.939504 
0.589000 0.947676 
0.590000 0.955853 
0.591000 0.964036 
0.592000 0.972224 
0.593000 0.980417 
0.594000 0.988615 
0.595000 0.996819 
0.596000 1.005027 
0.597000 1.013241 
0.598000 1.021460 
0.599000 1.029684 
0.600000 1.037913 
0.601000 1.046147 
0.602000 1.054386 
0.603000 1.062630 
0.604000 1.070879 
0.605000 1.079132 
0.606000 1.087391 
0.607000 1.095654 
0.608000 1.103922 
0.609000 1.112194 
0.610000 1.120471 
0.611000 1.128753 
0.612000 1.137039 
0.613000 1.145330 
0.614000 1.153625 
0.615000 1.161924 
0.616000 1.170228 
0.617000 1.178536 
0.618000 1.186848 
0.619000 1.195164 
0.620000 1.203484 
0.621000 1.211808 
0.622000 1.220136 
0.623000 1.228468 
0.624000 1.236803 
0.625000 1.245143 
0.626000 1.253485 
0.627000 1.261832 
0.628000 1.270181 
0.629000 1.278535 
0.630000 1.286891 
0.631000 1.295251 
0.632000 1.303613 
0.633000 1.311979 
0.634000 1.320348 
0.635000 1.328719 
0.636000 1.337094 
0.637000 1.345470 
0.638000 1.353850 
0.639000 1.362232 
0.640000 1.370616 
0.641000 1.379002 
0.642000 1.387390 
0.643000 1.395781 
0.644000 1.404173 
0.645000 1.412567 
0.646000 1.420962 
0.647000 1.429359 
0.648000 1.437757 
0.649000 1.446157 
0.650000 1.454557 
0.651000 1.462959 
0.652000 1.471361 
0.653000 1.479764 
0.654000 1.488168 
0.655000 1.496571 
0.656000 1.504975 
0.657000 1.513379 
0.658000 1.521783 
0.659000 1.530187 
0.660000 1.538590 
0.661000 1.546992 
0.662000 1.555393 
0.663000 1.563794 
0.664000 1.572193 
0.665000 1.580591 
0.666000 1.588987 
0.667000 1.597382 
0.668000 1.605774 
0.669000 1.614165 
0.670000 1.622552 
0.671000 1.630937 
0.672000 1.639320 
0.673000 1.647699 
0.674000 1.656075 
0.675000 1.664447 
0.676000 1.672815 
0.677000 1.681180 
0.678000 1.689540 
0.679000 1.697895 
0.680000 1.706246 
0.681000 1.714591 
0.682000 1.722931 
0.683000 1.731265 
0.684000 1.739594 
0.685000 1.747916 
0.686000 1.756231 
0.687000 1.764540 
0.688000 1.772841 
0.689000 1.781135 
0.690000 1.789421 
0.691000 1.797699 
0.692000 1.805968 
0.693000 1.814228 
0.694000 1.822480 
0.695000 1.830721 
0.696000 1.838953 
0.697000 1.847174 
0.698000 1.855384 
0.699000 1.863583 
0.700000 1.871771 
0.701000 1.879947 
0.702000 1.888110 
0.703000 1.896261 
0.704000 1.904398 
0.705000 1.912521 
0.706000 1.920631 
0.707000 1.928725 
0.708000 1.936805 
0.709000 1.944869 
0.710000 1.952917 
0.711000 1.960948 
0.712000 1.968962 
0.713000 1.976959 
0.714000 1.984937 
0.715000 1.992896 
0.716000 2.000836 
0.717000 2.008757 
0.718000 2.016656 
0.719000 2.024535 
0.720000 2.032392 
0.721000 2.040227 
0.722000 2.048039 
0.723000 2.055827 
0.724000 2.063591 
0.725000 2.071330 
0.726000 2.079043 
0.727000 2.086731 
0.728000 2.094391 
0.729000 2.102023 
0.730000 2.109627 
0.731000 2.117201 
0.732000 2.124746 
0.733000 2.132260 
0.734000 2.139742 
0.735000 2.147191 
0.736000 2.154608 
0.737000 2.161990 
0.738000 2.169337 
0.739000 2.176648 
0.740000 2.183923 
0.741000 2.191159 
0.742000 2.198357 
0.743000 2.205516 
0.744000 2.212634 
0.745000 2.219710 
0.746000 2.226743 
0.747000 2.233733 
0.748000 2.240678 
0.749000 2.247578 
0.750000 2.254430 
0.751000 2.261235 
0.752000 2.267990 
0.753000 2.274695 
0.754000 2.281348 
0.755000 2.287949 
0.756000 2.294495 
0.757000 2.300987 
0.758000 2.307422 
0.759000 2.313799 
0.760000 2.320117 
0.761000 2.326374 
0.762000 2.332570 
0.763000 2.338702 
0.764000 2.344770 
0.765000 2.350771 
0.766000 2.356705 
0.767000 2.362570 
0.768000 2.368364 
0.769000 2.374085 
0.770000 2.379733 
0.771000 2.385306 
0.772000 2.390801 
0.773000 2.396217 
0.774000 2.401553 
0.775000 2.406807 
0.776000 2.411976 
0.777000 2.417060 
0.778000 2.422056 
0.779000 2.426962 
0.780000 2.431777 
0.781000 2.436498 
0.782000 2.441124 
0.783000 2.445652 
0.784000 2.450082 
0.785000 2.454409 
0.786000 2.458633 
0.787000 2.462751 
0.788000 2.466761 
0.789000 2.470661 
0.790000 2.474449 
0.791000 2.478122 
0.792000 2.481678 
0.793000 2.485114 
0.794000 2.488429 
0.795000 2.491619 
0.796000 2.494683 
0.797000 2.497617 
0.798000 2.500420 
0.799000 2.503088 
0.800000 2.505619 
0.801000 2.508011 
0.802000 2.510260 
0.803000 2.512364 
0.804000 2.514320 
0.805000 2.516125 
0.806000 2.517777 
0.807000 2.519272 
0.808000 2.520608 
0.809000 2.521782 
0.810000 2.522790 
0.811000 2.523629 
0.812000 2.524297 
0.813000 2.524790 
0.814000 2.525106 
0.815000 2.525240 
0.816000 2.525190 
0.817000 2.524952 
0.818000 2.524523 
0.819000 2.523900 
0.820000 2.523080 
0.821000 2.522058 
0.822000 2.520832 
0.823000 2.519398 
0.824000 2.517752 
0.825000 2.515891 
0.826000 2.513812 
0.827000 2.511510 
0.828000 2.508983 
0.829000 2.506226 
0.830000 2.503236 
0.831000 2.500009 
0.832000 2.496542 
0.833000 2.492830 
0.834000 2.488871 
0.835000 2.484659 
0.836000 2.480192 
0.837000 2.475466 
0.838000 2.470477 
0.839000 2.465221 
0.840000 2.459694 
0.841000 2.453892 
0.842000 2.447813 
0.843000 2.441451 
0.844000 2.434803 
0.845000 2.427866 
0.846000 2.420635 
0.847000 2.413108 
0.848000 2.405279 
0.849000 2.397146 
0.850000 2.388705 
0.851000 2.379952 
0.852000 2.370884 
0.853000 2.361497 
0.854000 2.351788 
0.855000 2.341752 
0.856000 2.331388 
0.857000 2.320691 
0.858000 2.309658 
0.859000 2.298286 
0.860000 2.286572 
0.861000 2.274512 
0.862000 2.262105 
0.863000 2.249347 
0.864000 2.236234 
0.865000 2.222766 
0.866000 2.208938 
0.867000 2.194749 
0.868000 2.180196 
0.869000 2.165277 
0.870000 2.149990 
0.871000 2.134333 
0.872000 2.118305 
0.873000 2.101903 
0.874000 2.085126 
0.875000 2.067972 
0.876000 2.050442 
0.877000 2.032533 
0.878000 2.014245 
0.879000 1.995577 
0.880000 1.976528 
0.881000 1.957100 
0.882000 1.937290 
0.883000 1.917101 
0.884000 1.896531 
0.885000 1.875583 
0.886000 1.854256 
0.887000 1.832551 
0.888000 1.810470 
0.889000 1.788015 
0.890000 1.765187 
0.891000 1.741988 
0.892000 1.718421 
0.893000 1.694488 
0.894000 1.670191 
0.895000 1.645535 
0.896000 1.620522 
0.897000 1.595155 
0.898000 1.569440 
0.899000 1.543379 
0.900000 1.516977 
0.901000 1.490239 
0.902000 1.463169 
0.903000 1.435774 
0.904000 1.408058 
0.905000 1.380026 
0.906000 1.351686 
0.907000 1.323043 
0.908000 1.294104 
0.909000 1.264875 
0.910000 1.235364 
0.911000 1.205578 
0.912000 1.175524 
0.913000 1.145210 
0.914000 1.114643 
0.915000 1.083833 
0.916000 1.052788 
0.917000 1.021515 
0.918000 0.990025 
0.919000 0.958325 
0.920000 0.926426 
0.921000 0.894336 
0.922000 0.862065 
0.923000 0.829623 
0.924000 0.797020 
0.925000 0.764265 
0.926000 0.731368 
0.927000 0.698341 
0.928000 0.665192 
0.929000 0.631934 
0.930000 0.598495 
0.931000 0.565046 
0.932000 0.531519 
0.933000 0.497923 
0.934000 0.464270 
0.935000 0.430569 
0.936000 0.396832 
0.937000 0.363070 
0.938000 0.329293 
0.939000 0.295512 
0.940000 0.261737 
0.941000 0.227980 
0.942000 0.194250 
0.943000 0.160558 
0.944000 0.126914 
0.945000 0.093329 
0.946000 0.059813 
0.947000 0.026375 
0.948000 -0.006974 
0.949000 -0.040224 
0.950000 -0.073366 
0.951000 -0.106391 
0.952000 -0.139288 
0.953000 -0.172050 
0.954000 -0.204667 
0.955000 -0.237130 
0.956000 -0.269430 
0.957000 -0.301560 
0.958000 -0.333511 
0.959000 -0.365275 
0.960000 -0.396845 
0.961000 -0.428213 
0.962000 -0.459371 
0.963000 -0.490313 
0.964000 -0.521031 
0.965000 -0.551520 
0.966000 -0.581772 
0.967000 -0.611782 
0.968000 -0.641544 
0.969000 -0.671052 
0.970000 -0.700300 
0.971000 -0.729284 
0.972000 -0.757999 
0.973000 -0.786440 
0.974000 -0.814601 
0.975000 -0.842481 
0.976000 -0.870073 
0.977000 -0.897375 
0.978000 -0.924383 
0.979000 -0.951094 
0.980000 -0.977504 
0.981000 -1.003612 
0.982000 -1.029413 
0.983000 -1.054907 
0.984000 -1.080090 
0.985000 -1.104960 
0.986000 -1.129517 
0.987000 -1.153758 
0.988000 -1.177682 
0.989000 -1.201288 
0.990000 -1.224575 
0.991000 -1.247541 
0.992000 -1.270187 
0.993000 -1.292512 
0.994000 -1.314516 
0.995000 -1.336198 
0.996000 -1.357559 
0.997000 -1.378598 
0.998000 -1.399317 
0.999000 -1.419715 
1.000000 -1.439793 
1.001000 -1.459552 
1.002000 -1.478993 
1.003000 -1.498117 
1.004000 -1.516924 
1.005000 -1.535417 
1.006000 -1.553596 
1.007000 -1.571463 
1.008000 -1.589019 
1.009000 -1.606267 
1.010000 -1.623207 
1.011000 -1.639842 
1.012000 -1.656173 
1.013000 -1.672203 
1.014000 -1.687934 
1.015000 -1.703367 
1.016000 -1.718504 
1.017000 -1.733349 
1.018000 -1.747903 
1.019000 -1.762169 
1.020000 -1.776149 
1.021000 -1.789846 
1.022000 -1.803261 
1.023000 -1.816398 
1.024000 -1.829259 
1.025000 -1.841847 
1.026000 -1.854164 
1.027000 -1.866213 
1.028000 -1.877997 
1.029000 -1.889518 
1.030000 -1.900780 
1.031000 -1.911784 
1.032000 -1.922533 
1.033000 -1.933031 
1.034000 -1.943280 
1.035000 -1.953283 
1.036000 -1.963043 
1.037000 -1.972562 
1.038000 -1.981843 
1.039000 -1.990890 
1.040000 -1.999704 
1.041000 -2.008289 
1.042000 -2.016647 
1.043000 -2.024782 
1.044000 -2.032695 
1.045000 -2.040391 
1.046000 -2.047871 
1.047000 -2.055137 
1.048000 -2.062194 
1.049000 -2.069044 
1.050000 -2.075689 
1.051000 -2.082132 
1.052000 -2.088376 
1.053000 -2.094423 
1.054000 -2.100276 
1.055000 -2.105938 
1.056000 -2.111411 
1.057000 -2.116698 
1.058000 -2.121801 
1.059000 -2.126723 
1.060000 -2.131466 
1.061000 -2.136033 
1.062000 -2.140427 
1.063000 -2.144649 
1.064000 -2.148703 
1.065000 -2.152590 
1.066000 -2.156313 
1.067000 -2.159875 
1.068000 -2.163277 
1.069000 -2.166522 
1.070000 -2.169612 
1.071000 -2.172549 
1.072000 -2.175337 
1.073000 -2.177976 
1.074000 -2.180469 
1.075000 -2.182818 
1.076000 -2.185026 
1.077000 -2.187094 
1.078000 -2.189025 
1.079000 -2.190820 
1.080000 -2.192481 
1.081000 -2.194011 
1.082000 -2.195412 
1.083000 -2.196685 
1.084000 -2.197832 
1.085000 -2.198856 
1.086000 -2.199757 
1.087000 -2.200539 
1.088000 -2.201202 
1.089000 -2.201749 
1.090000 -2.202181 
1.091000 -2.202500 
1.092000 -2.202708 
1.093000 -2.202807 
1.094000 -2.202798 
1.095000 -2.202682 
1.096000 -2.202462 
1.097000 -2.202139 
1.098000 -2.201714 
1.099000 -2.201190 
1.100000 -2.200567 
1.101000 -2.199848 
1.102000 -2.199033 
1.103000 -2.198125 
1.104000 -2.197124 
1.105000 -2.196032 
1.106000 -2.194850 
1.107000 -2.193581 
1.108000 -2.192224 
1.109000 -2.190782 
1.110000 -2.189256 
1.111000 -2.187647 
1.112000 -2.185957 
1.113000 -2.184186 
1.114000 -2.182336 
1.115000 -2.180408 
1.116000 -2.178404 
1.117000 -2.176324 
1.118000 -2.174170 
1.119000 -2.171943 
1.120000 -2.169644 
1.121000 -2.167274 
1.122000 -2.164834 
1.123000 -2.162326 
1.124000 -2.159750 
1.125000 -2.157107 
1.126000 -2.154399 
1.127000 -2.151627 
1.128000 -2.148790 
1.129000 -2.145892 
1.130000 -2.142931 
1.131000 -2.139911 
1.132000 -2.136830 
1.133000 -2.133691 
1.134000 -2.130494 
1.135000 -2.127239 
1.136000 -2.123929 
1.137000 -2.120564 
1.138000 -2.117144 
1.139000 -2.113671 
1.140000 -2.110145 
1.141000 -2.106568 
1.142000 -2.102939 
1.143000 -2.099260 
1.144000 -2.095531 
1.145000 -2.091754 
1.146000 -2.087929 
1.147000 -2.084056 
1.148000 -2.080137 
1.149000 -2.076172 
1.150000 -2.072163 
1.151000 -2.068108 
1.152000 -2.064010 
1.153000 -2.059869 
1.154000 -2.055686 
1.155000 -2.051460 
1.156000 -2.047194 
1.157000 -2.042887 
1.158000 -2.038540 
1.159000 -2.034155 
1.160000 -2.029730 
1.161000 -2.025267 
1.162000 -2.020767 
1.163000 -2.016230 
1.164000 -2.011657 
1.165000 -2.007047 
1.166000 -2.002403 
1.167000 -1.997724 
1.168000 -1.993010 
1.169000 -1.988263 
1.170000 -1.983483 
1.171000 -1.978670 
1.172000 -1.973825 
1.173000 -1.968948 
1.174000 -1.964040 
1.175000 -1.959102 
1.176000 -1.954133 
1.177000 -1.949134 
1.178000 -1.944105 
1.179000 -1.939048 
1.180000 -1.933962 
1.181000 -1.928849 
1.182000 -1.923707 
1.183000 -1.918538 
1.184000 -1.913343 
1.185000 -1.908121 
1.186000 -1.902873 
1.187000 -1.897599 
1.188000 -1.892300 
1.189000 -1.886976 
1.190000 -1.881627 
1.191000 -1.876255 
1.192000 -1.870858 
1.193000 -1.865438 
1.194000 -1.859995 
1.195000 -1.854529 
1.196000 -1.849040 
1.197000 -1.843530 
1.198000 -1.837997 
1.199000 -1.832443 
1.200000 -1.826868 
1.201000 -1.821272 
1.202000 -1.815655 
1.203000 -1.810018 
1.204000 -1.804362 
1.205000 -1.798685 
1.206000 -1.792989 
1.207000 -1.787274 
1.208000 -1.781540 
1.209000 -1.775787 
1.210000 -1.770016 
1.211000 -1.764227 
1.212000 -1.758420 
1.213000 -1.752596 
1.214000 -1.746754 
1.215000 -1.740895 
1.216000 -1.735019 
1.217000 -1.729127 
1.218000 -1.723218 
1.219000 -1.717293 
1.220000 -1.711353 
1.221000 -1.705396 
1.222000 -1.699424 
1.223000 -1.693437 
1.224000 -1.687435 
1.225000 -1.681418 
1.226000 -1.675386 
1.227000 -1.669340 
1.228000 -1.663280 
1.229000 -1.657205 
1.230000 -1.651117 
1.231000 -1.645015 
1.232000 -1.638899 
1.233000 -1.632771 
1.234000 -1.626629 
1.235000 -1.620474 
1.236000 -1.614306 
1.237000 -1.608126 
1.238000 -1.601933 
1.239000 -1.595728 
1.240000 -1.589511 
1.241000 -1.583282 
1.242000 -1.577041 
1.243000 -1.570789 
1.244000 -1.564525 
1.245000 -1.558249 
1.246000 -1.551963 
1.247000 -1.545665 
1.248000 -1.539357 
1.249000 -1.533037 
1.250000 -1.526707 
1.251000 -1.520367 
1.252000 -1.514016 
1.253000 -1.507655 
1.254000 -1.501283 
1.255000 -1.494902 
1.256000 -1.488511 
1.257000 -1.482110 
1.258000 -1.475700 
1.259000 -1.469279 
1.260000 -1.462850 
1.261000 -1.456411 
1.262000 -1.449963 
1.263000 -1.443506 
1.264000 -1.437040 
1.265000 -1.430565 
1.266000 -1.424082 
1.267000 -1.417590 
1.268000 -1.411089 
1.269000 -1.404579 
1.270000 -1.398062 
1.271000 -1.391536 
1.272000 -1.385002 
1.273000 -1.378460 
1.274000 -1.371910 
1.275000 -1.365351 
1.276000 -1.358786 
1.277000 -1.352212 
1.278000 -1.345631 
1.279000 -1.339042 
1.280000 -1.332446 
1.281000 -1.325842 
1.282000 -1.319231 
1.283000 -1.312613 
1.284000 -1.305987 
1.285000 -1.299355 
1.286000 -1.292715 
1.287000 -1.286068 
1.288000 -1.279415 
1.289000 -1.272755 
1.290000 -1.266088 
1.291000 -1.259414 
1.292000 -1.252734 
1.293000 -1.246047 
1.294000 -1.239353 
1.295000 -1.232654 
1.296000 -1.225947 
1.297000 -1.219235 
1.298000 -1.212516 
1.299000 -1.205791 
1.300000 -1.199060 
1.301000 -1.192323 
1.302000 -1.185579 
1.303000 -1.178830 
1.304000 -1.172075 
1.305000 -1.165314 
1.306000 -1.158547 
1.307000 -1.151774 
1.308000 -1.144996 
1.309000 -1.138211 
1.310000 -1.131422 
1.311000 -1.124626 
1.312000 -1.117825 
1.313000 -1.111019 
1.314000 -1.104207 
1.315000 -1.097389 
1.316000 -1.090566 
1.317000 -1.083738 
1.318000 -1.076904 
1.319000 -1.070065 
1.320000 -1.063221 
1.321000 -1.056372 
1.322000 -1.049518 
1.323000 -1.042658 
1.324000 -1.035793 
1.325000 -1.028923 
1.326000 -1.022048 
1.327000 -1.015168 
1.328000 -1.008283 
1.329000 -1.001394 
1.330000 -0.994499 
1.331000 -0.987599 
1.332000 -0.980694 
1.333000 -0.973785 
1.334000 -0.966871 
1.335000 -0.959952 
1.336000 -0.953028 
1.337000 -0.946099 
1.338000 -0.939166 
1.339000 -0.932228 
1.340000 -0.925285 
1.341000 -0.918338 
1.342000 -0.911386 
1.343000 -0.904429 
1.344000 -0.897468 
1.345000 -0.890502 
1.346000 -0.883532 
1.347000 -0.876557 
1.348000 -0.869577 
1.349000 -0.862593 
1.350000 -0.855605 
1.351000 -0.848612 
1.352000 -0.841615 
1.353000 -0.834613 
1.354000 -0.827606 
1.355000 -0.820596 
1.356000 -0.813581 
1.357000 -0.806561 
1.358000 -0.799537 
1.359000 -0.792509 
1.360000 -0.785476 
1.361000 -0.778439 
1.362000 -0.771398 
1.363000 -0.764352 
1.364000 -0.757302 
1.365000 -0.750248 
1.366000 -0.743189 
1.367000 -0.736127 
1.368000 -0.729059 
1.369000 -0.721988 
1.370000 -0.714912 
1.371000 -0.707832 
1.372000 -0.700748 
1.373000 -0.693660 
1.374000 -0.686567 
1.375000 -0.679470 
1.376000 -0.672369 
1.377000 -0.665263 
1.378000 -0.658153 
1.379000 -0.651039 
1.380000 -0.643921 
1.381000 -0.636799 
1.382000 -0.629672 
1.383000 -0.622541 
1.384000 -0.615406 
1.385000 -0.608267 
1.386000 -0.601124 
1.387000 -0.593976 
1.388000 -0.586824 
1.389000 -0.579668 
1.390000 -0.572508 
1.391000 -0.565343 
1.392000 -0.558174 
1.393000 -0.551002 
1.394000 -0.543824 
1.395000 -0.536643 
1.396000 -0.529457 
1.397000 -0.522267 
1.398000 -0.515073 
1.399000 -0.507875 
1.400000 -0.500673 
1.401000 -0.493466 
1.402000 -0.486255 
1.403000 -0.479039 
1.404000 -0.471820 
1.405000 -0.464596 
1.406000 -0.457368 
1.407000 -0.450136 
1.408000 -0.442899 
1.409000 -0.435659 
1.410000 -0.428413 
1.411000 -0.421164 
1.412000 -0.413910 
1.413000 -0.406652 
1.414000 -0.399390 
1.415000 -0.392124 
1.416000 -0.384853 
1.417000 -0.377577 
1.418000 -0.370298 
1.419000 -0.363014 
1.420000 -0.355726 
1.421000 -0.348433 
1.422000 -0.341136 
1.423000 -0.333835 
1.424000 -0.326529 
1.425000 -0.319219 
1.426000 -0.311905 
1.427000 -0.304586 
1.428000 -0.297262 
1.429000 -0.289935 
1.430000 -0.282584 
1.431000 -0.275247 
1.432000 -0.267906 
1.433000 -0.260560 
1.434000 -0.253210 
1.435000 -0.245856 
1.436000 -0.238497 
1.437000 -0.231133 
1.438000 -0.223765 
1.439000 -0.216392 
1.440000 -0.209015 
1.441000 -0.201633 
1.442000 -0.194247 
1.443000 -0.186856 
1.444000 -0.179461 
1.445000 -0.172061 
1.446000 -0.164656 
1.447000 -0.157247 
1.448000 -0.149833 
1.449000 -0.142414 
1.450000 -0.134991 
1.451000 -0.127563 
1.452000 -0.120130 
1.453000 -0.112693 
1.454000 -0.105251 
1.455000 -0.097804 
1.456000 -0.090353 
1.457000 -0.082896 
1.458000 -0.075435 
1.459000 -0.067969 
1.460000 -0.060499 
1.461000 -0.053023 
1.462000 -0.045543 
1.463000 -0.038058 
1.464000 -0.030568 
1.465000 -0.023074 
1.466000 -0.015574 
1.467000 -0.008069 
1.468000 -0.000560 
1.469000 0.006954 
1.470000 0.014473 
1.471000 0.021998 
1.472000 0.029527 
1.473000 0.037061 
1.474000 0.044600 
1.475000 0.052144 
1.476000 0.059693 
1.477000 0.067247 
1.478000 0.074806 
1.479000 0.082370 
1.480000 0.089939 
1.481000 0.097514 
1.482000 0.105093 
1.483000 0.112677 
1.484000 0.120267 
1.485000 0.127862 
1.486000 0.135461 
1.487000 0.143066 
1.488000 0.150676 
1.489000 0.158292 
1.490000 0.165912 
1.491000 0.173538 
1.492000 0.181169 
1.493000 0.188805 
1.494000 0.196446 
1.495000 0.204093 
1.496000 0.211745 
1.497000 0.219402 
1.498000 0.227065 
1.499000 0.234733 
